# Frequency (Hz)	Imaginary Part (Ohm)
1000.0	0.0023472750537
1018.6101701559753	0.0023763590510186908
1037.566678745186	0.0024059843064762995
1056.875971184804	0.002436160892978887
1076.5446128423157	0.002466899070891015
1096.5792912678098	0.0024982092915243714
1116.9868184678226	0.002530102200691336
1137.7741332214914	0.0025625886423246685
1158.9483034398106	0.0025956796621645576
1180.5165285688054	0.0026293865115143036
1202.4861420374123	0.002663720651065869
1224.8646137509306	0.002698693754796647
1247.6595526308697	0.0027343177139387397
1270.8787092020582	0.002769191484532635
1294.529978227916	0.0028033575903637503
1318.6214013947485	0.002838159533237948
1343.1611700460153	0.002873609146190792
1368.1576279674719	0.0029097184824726546
1393.619274224142	0.0029464998196469397
1419.5547660501015	0.0029839656637646052
1445.9729217920194	0.003022128753616335
1472.882723907502	0.0030610020650638846
1500.2933220192183	0.0031005988154519993
1528.2140360258693	0.00314093246810246
1556.654359271062	0.0031820167368917596
1585.6239617711371	0.0032237849737035353
1615.132693503091	0.0032631573005722308
1645.1905877536624	0.0033032623531433873
1675.807864530767	0.003344113767567007
1706.9949340384078	0.0033857254337641652
1738.7624002162504	0.0034281115001497235
1771.1210643450886	0.0034712863784429632
1804.0819287193826	0.003515264748567699
1837.6562003881704	0.00356006156364364
1871.8552949655793	0.0036056920550705924
1906.690840512252	0.003652171737707298
1942.1746814890264	0.0036995164151466717
1978.3188827841643	0.0037477421850891693
2015.1357338155585	0.0037948226513778477
2052.6377527092523	0.0038410052628711326
2090.8376905557498	0.003888047340622554
2129.748535745521	0.003935964879445425
2169.3835183851843	0.00398477417181924
2209.756114795903	0.0040344918134293285
2250.880052095462	0.004085134708809532
2292.7693128656488	0.004136720077089951
2335.438139906479	0.004189265457851631
2378.9010410788933	0.004242788717090194
2423.1727942376006	0.004297308053290491
2468.2684522556924	0.004352842003614263
2514.2033481427966	0.00440918782170793
2560.9931002584594	0.004462332249843098
2608.6536176225477	0.004516465704828698
2657.2011053245064	0.004571606592622716
2706.652070033241	0.0046277736617211275
2757.0233256095826	0.004684986009532626
2808.3319988231724	0.00474326308887192
2860.5955351757416	0.004802624714573909
2913.831704832789	0.004863091070230951
2968.0586086656026	0.004924682715055478
3023.2946844057765	0.004987420590870375
3079.5587129142264	0.005051326029229417
3136.8698245668766	0.00511642075867021
3195.2475057592133	0.005179794978042213
3254.711605531848	0.005242047091928153
3315.282342319423	0.005305457728246078
3376.9803108250912	0.005370048447295585
3439.8264890229243	0.005435841210617094
3503.8422452906757	0.0055028583884590525
3569.0493456752292	0.005571122767384018
3635.4699612933177	0.0056406575580163695
3703.126675869927	0.005711486402934155
3772.0424934169973	0.005783633384707807
3842.240846055061	0.0058571230340885095
3913.745601980384	0.005931980338348888
3986.581073580439	0.006007775630364549
4060.7720257003657	0.00607931628306247
4136.343684063274	0.006152188319480165
4213.321743847289	0.006226416516895208
4291.732378422157	0.006302026113694515
4371.602248248501	0.00637904281795568
4452.958509942655	0.006457492816188003
4535.828825510186	0.006537402782236162
4620.241371751313	0.0066187998863496385
4706.224849841281	0.006701711804420866
4793.808495089106	0.006786166727395356
4883.02208687788	0.006872193370856919
4973.895958790063	0.006959820984791243
5066.461008921268	0.007044892565182969
5160.7487103859075	0.007128580454340992
5256.791122018419	0.007213825789356237
5354.620899273607	0.007300657554561126
5454.271305329836	0.007389105273691421
5555.7762223988775	0.007479199019924634
5659.170163246242	0.0075709694261052365
5764.488282925873	0.007664447695160143
5871.766390733255	0.007759665610708053
5981.040962380945	0.007856655547866206
6092.349152400711	0.007955450484258284
6205.7288067765	0.008056084011227168
6321.218475812449	0.008157761364508248
6438.8574272404185	0.008253800938413436
6558.685659571435	0.008351627825130707
6680.743915695614	0.00845127528685561
6805.073696735206	0.008552777204798826
6931.717276155407	0.008656168090706127
7060.717714137772	0.008761483098592737
7192.118872221193	0.008868758036696098
7325.96542821523	0.008978029379651026
7462.302891391108	0.009089334280891523
7601.17761795533	0.009202710585283302
7742.636826811269	0.009318196841991463
7886.728615614156	0.009435832317587647
8033.501977124735	0.009549696480033034
8183.00681586739	0.009661873811361658
8335.293965098195	0.009776138781913956
8490.415204088747	0.009892530243011096
8648.423275731726	0.01001108776900396
8809.37190447399	0.010131851670728817
8973.31581458352	0.010254863009213473
9140.310748756232	0.010380163609638452
9310.413487069076	0.010507796075557975
9483.681866285926	0.010637803803385698
9660.174799522645	0.010770230997149879
9839.952296278227	0.010905122683523285
10023.075482838643	0.01104110977886399
10209.606623060476	0.011169631134446927
10399.609139541202	0.01130054429432592
10593.1476351837	0.011433893770385917
10790.287915161836	0.011569724902885608
10991.097009294961	0.011708083875873592
11195.643194838794	0.011849017732891504
11403.99601970033	0.011992574392969238
11616.22632608502	0.01213880266691805
11832.40627458378	0.012287752273926658
12052.609368708414	0.012439473858466363
12276.910479883603	0.012594019007510704
12505.385872903913	0.012751440268075521
12738.113231864783	0.012903318057238149
12975.171686575868	0.013053159671130722
13216.641839466038	0.013205789862954283
13462.60579298911	0.013361260528618631
13713.147177539455	0.013519624529825245
13968.351179887397	0.013680935712040893
14228.30457214352	0.013845248922805635
14493.09574126215	0.014012620030381583
14762.81471909391	0.014183105942748733
15037.553212997384	0.014356764626954212
15317.404637020798	0.014533655128821816
15602.46414366368	0.014713837593028155
15892.828656229764	0.014895053405832082
16188.596901781993	0.015066373818669753
16489.86944471065	0.015240882533541502
16796.74872092653	0.015418638885290716
17109.339072690134	0.015599703312992291
17427.746784089173	0.01578413738050258
17752.08011717636	0.015972003797391818
18082.44934877952	0.016163366440265944
18418.96680799711	0.01635829037448545
18761.746914391195	0.01655684187628825
19110.90621689136	0.016759088455324325
19466.56343342263	0.016965098877609754
19828.83949127071	0.01717494318890779
20197.857568198782	0.017376657560414375
20573.743134329114	0.0175759379867607
20956.623994804308	0.017778927055750078
21346.630333242454	0.01798569378585318
21743.8947560008	0.01819630847998607
22148.55233726359	0.01841084274941412
22560.74066496859	0.018629369538100522
22980.599887588487	0.01885196314750801
23408.272761782944	0.01907869926186223
23843.904700937208	0.019309654973885065
24287.643824604504	0.019544908811007133
24739.64100886812	0.01978454076206789
25200.049937640895	0.020024932205924002
25669.027154919517	0.020252192332018817
26146.732118010917	0.020483681807729904
26633.327251749808	0.020719479341973296
27128.978003724646	0.020959665108451316
27633.852900531667	0.021204320772912524
28148.123605075813	0.021453529520919015
28671.964974937695	0.021707376086130242
29205.55512182745	0.02196594677911355
29749.075472144435	0.02222932951669066
30302.71082866393	0.02249761385183016
30866.649433372742	0.02277089100409686
31441.08303147265	0.023049253890666956
32026.206936576502	0.02331572406271665
32622.220097116733	0.023579320954691226
33229.325163989684	0.023847823429677978
33847.72855945983	0.024121322781411596
34477.640547344636	0.02439991200261849
35119.275304507275	0.024683685816635673
35772.850993678774	0.02497274070961755
36438.58983763541	0.02526717496334217
37116.71819475767	0.025567088688628427
37807.466635993485	0.025872583859374337
38511.070023255685	0.026183764347229653
39227.76758927723	0.026500735956913216
39957.803018952654	0.026817828640460756
40701.42453219439	0.02711749691760992
41458.88496832911	0.02742274207238715
42230.441872066716	0.027733667891434076
43016.35758106799	0.028050380092879384
43816.89931514194	0.028372986362284025
44632.33926710397	0.02870159638925568
45462.95469532399	0.029036321904744224
46309.02801799736	0.029377276719031564
47170.84690917023	0.029724576760428334
48048.704396551344	0.030078340114690627
48942.89896114532	0.03043868706517069
49853.73463873894	0.030805740133714378
50781.5211232767	0.031155473184045646
51726.57387216024	0.031501879506668926
52689.21421350677	0.031854732509899286
53669.76945540476	0.03221415216755981
54668.57299720181	0.0325802606862068
55685.96444286408	0.03295318254668135
56722.28971644549	0.03333304454643427
57777.90117970507	0.03371997584263833
58853.1577519145	0.034114107996103434
59948.42503189408	0.03451557501600846
61064.07542232036	0.03492451340546592
62200.48825634718	0.035341062207934544
63358.04992658254	0.035756505743714036
64537.15401646702	0.03614888943115234
65738.20143409586	0.036548575445780315
66961.60054853215	0.036955699685149467
68207.76732865692	0.03737040057588795
69477.1254846024	0.03779281912076686
70770.10661181889	0.03822309894664301
72087.15033782135	0.03866138635329341
73428.70447166759	0.03910783036315877
74795.22515621828	0.03956258277201292
76187.17702322999	0.040025798200574614
77605.0333513357	0.04049763414708071
79049.2762269642	0.04097825104083701
80520.39670825469	0.04143382874002855
82018.8949920221	0.04188567702245355
83545.28058382872	0.04234593427829913
85100.07247122246	0.042814756999991495
86683.79930019773	0.04329230459230754
88296.99955494082	0.04377873942657418
89940.22174092053	0.04427422689587636
91614.0245713852	0.044778935471292365
93318.9771573324	0.04529303675917604
95055.65920101192	0.045816705559504636
96824.66119303115	0.04635011992531271
98626.5846131283	0.04689346122323218
100462.04213468132	0.04743357679897299
102331.65783302448	0.04794336094234679
104236.06739764012	0.048462632255371604
106175.9183482999	0.048991567295888896
108151.87025522892	0.049530345907511764
110164.59496336569	0.05007915128077326
112214.77682079801	0.05063817001541369
114303.11291144785	0.051207592183826124
116430.31329208757	0.05178761139568332
118597.10123376705	0.05237842486376696
120804.21346773289	0.05298023347102203
123052.40043592616	0.05359324183885945
125342.42654613995	0.05421765839672935
127675.07043192645	0.05480626116742853
130051.12521734099	0.055390906594284944
132471.39878661174	0.055986432372016
134936.71405883064	0.05659304098580291
137447.90926775365	0.05721093868911046
140005.8382468096	0.05784033557381557
142611.37071941295	0.05848144564164073
145265.39259467812	0.05913448687691678
147968.80626863963	0.05979968132070017
150722.53093107554	0.06047725514626918
153527.5028780421	0.06116743873602527
156384.67583022476	0.06187046675982564
159295.0212572123	0.06256686167277932
162259.5287078087	0.06322375477204581
165279.2061464897	0.06389287276366401
168355.08029612005	0.0645744431549605
171488.19698705408	0.06526869768721244
174679.62151272455	0.06597587241444107
177930.43899185772	0.06669620778367345
181241.75473742394	0.06742994871669668
184614.69463245454	0.0681773446933337
188050.40551285836	0.06893864983627002
191550.0555573528	0.06971412299745688
195114.83468466165	0.07050402784612485
198745.9549580986	0.07130863295843366
202444.65099768018	0.07206271768179885
206212.18039991445	0.07281299947336778
210049.8241653915	0.07357724413674264
213958.88713434213	0.0743557115233437
217940.6984302958	0.0751486663204704
221996.61191199525	0.07595637814129742
226128.00663372793	0.07677912161654721
230336.2873142131	0.07761717648786604
234622.88481422624	0.07847082770294014
238989.25662310526	0.07934036551238073
243436.8873543108	0.08022608556841189
247967.289250216	0.0811282890253965
252582.00269627848	0.08201869397756316
257282.59674479323	0.08285834441021148
262070.66964838552	0.08371362088028297
266947.8494034318	0.08458481419099274
271915.7943036019	0.08547222055745375
276976.1935036891	0.08637614170739198
282130.76759394706	0.08729688498373818
287381.2691851069	0.08823476344912723
292729.4835042813	0.08919009599234258
298177.22900196735	0.09016320743674294
303726.3579703311	0.0911544286507042
309378.75717301364	0.0921640966601195
315136.34848664823	0.09319255476299117
321001.08955431683	0.09415090224422147
326974.97445117676	0.09510629790662166
333060.03436245886	0.09607947364486526
339258.33827409917	0.09707076034918924
345571.9936762143	0.09808049506775418
352003.1472796675	0.09910902112124374
358553.9857459817	0.10015668821959887
365226.7364308175	0.10122385258092106
372023.6681413066	0.10231087705259188
378947.09190746717	0.10341813123464431
385999.36176797637	0.10454599160543042
393182.87557057705	0.10569484164962925
400500.07578736113	0.10682443768910095
407953.45034524484	0.10788987926645172
415545.53347188793	0.10897514889284833
423278.90655735444	0.11008061557165708
431156.19903182285	0.11120665517346048
439180.0892596086	0.11235365056385567
447353.3054498463	0.11352199173363427
455678.6265841068	0.11471207593138275
464158.8833612772	0.115924307798551
472796.9591600391	0.11715909950703608
481595.79101923504	0.11841687089932307
490558.37063650455	0.11969804963123784
499687.7453854889	0.12100307131735391
508987.0193519675	0.1222125071064403
518459.3543892913	0.12342097663350794
528107.971193433	0.12465193598410244
537936.1503980698	0.12590580369766666
547947.2336900292	0.1271830061027335
558144.6249454955	0.12848397746188195
568531.7913873753	0.12980916011939253
579112.2647641759	0.13115900465164698
589889.6425508494	0.13253397002033077
600867.5891719692	0.13393452372848447
612049.837247669	0.13536114197945925
623440.1888627863	0.13681430983883258
635042.5168595961	0.13823789458654404
646860.7661546321	0.13958183392611156
658898.9550799957	0.14095078420546783
671161.1767496272	0.14234521088245775
683651.6004510238	0.14376558807717676
696374.4730628222	0.14521239873317504
709334.1204987989	0.1466861347816649
722534.9491787221	0.1481872973087823
735981.4475265755	0.1497163967259608
749678.1874966878	0.15127395294347878
763629.8261282243	0.15286049554723208
777841.1071286482	0.15447656397880083
792316.8624866261	0.15612270771886508
807062.0141149492	0.15764081319236659
822081.575524054	0.15916164109067066
837380.6535266489	0.16071077185493995
852964.4499741016	0.16228873220632617
868838.2635251193	0.16389605866835125
885007.4914473438	0.1655332977493306
901477.6314524917	0.16720100612819302
918254.2835656281	0.1688997508437566
935343.1520292377	0.17063010948752844
952750.0472427299	0.17239267040009187
970480.8877380306	0.1741880328711482
988541.7021919573	0.17601680734328254
1006938.6314760271	0.17780213091579788
1025677.9307444209	0.1794903418990903
1044765.9715608053	0.18120997077604123
1064209.2440647245	0.18296160223899707
1084014.359178331	0.18474583186152915
1104188.0508541602	0.18656326630093384
1124737.1783647507	0.1884145235045032
1145668.7286348727	0.19030023291963372
1166989.8186171474	0.19222103570784424
1188707.6977119034	0.19417758496277948
1210829.7502320393	0.1961705459322676
1233363.4979137746	0.1982005962445121
1256316.6024741214	0.20026842613849288
1279696.8682159416	0.20216743554248093
1303512.2446815087	0.20407526489084493
1327770.829355429	0.2060185992680105
1352480.8704178738	0.20799809942860512
1377650.769549055	0.2100144384240125
1403289.084785873	0.2120683018312162
1429404.533431761	0.21416038798590512
1456005.9950206485	0.21629140821991377
1483102.514336103	0.21846208710308318
1510703.3044866556	0.2206731626896225
1538817.7500383465	0.22292538676905493
1567455.410205595	0.22521952512183488
1596626.022101425	0.2274519543831745
1626339.5040481905	0.22956787353944694
1656605.9589499151	0.23172317031125408
1687435.6777273756	0.2339185775227209
1718839.1428171454	0.23615484163595488
1750827.0317357269	0.23843272300485
1783410.220710006	0.24075299613361487
1816599.7883753285	0.243116449940115
1850407.019542302	0.24552388802410952
1884843.4090337954	0.24797612894048718
1919920.6655932867	0.2504740064775824
1955650.715865947	0.2530183699406712
1992045.7084538713	0.25561008444074723
2029118.0180466783	0.2579819346987241
2066880.2496290822	0.2603719798468008
2105345.242766708	0.26280650414176404
2144526.0759716653	0.26528633534810486
2184436.0711494284	0.2678123166351543
2225088.7981283693	0.2703853068637663
2266498.079273693	0.2730061808783424
2308677.994187172	0.2756758298042874
2351642.884494346	0.27839516135100045
2395407.358720879	0.2811651001205088
2439986.29725955	0.2839865879218392
2485394.857429798	0.2868605840912452
2531648.478631358	0.2896489992953026
2578762.8875937983	0.29229941550686717
2626754.1037238385	0.29499915641511376
2675638.4445520453	0.2977491399610396
2725432.531281028	0.30055030116868114
2776153.2944368036	0.3034035924630317
2827817.979625338	0.3063099839938739
2880444.1533962977	0.30927046396564567
2934049.709215787	0.31228603897343515
2988652.873550383	0.31535773434523773
3044272.2120643063	0.3184865944905771
3100926.6359319235	0.32167368325561485
3158635.408267819	0.32492008428487285
3217418.1506763715	0.3278824071662996
3277294.849923382	0.33087668066942566
3338285.8647317644	0.3339266781119388
3400411.9327037027	0.3370334365258318
3463694.1773717343	0.3401980122424414
3528154.1153808828	0.34342148125160826
3593813.6638046256	0.34670493956752835
3660695.147596906	0.3500495036014079
3728821.30718283	0.35345631054105503
3798215.306190736	0.35692651873753806
3868900.7393279755	0.3604613080990341
3940901.6404034477	0.3640618804920131
4014242.490499326	0.3675455679445424
4088948.226294856	0.3708672481528111
4165044.248545185	0.37425074539496017
4242556.430717777	0.3776972100965075
4321511.127789762	0.3812078140925871
4401935.1852088785	0.38478375102638457
4483855.948021181	0.38842623675498616
4567301.270168747	0.39213650976278847
4652299.523960189	0.39591583158259086
4738879.609717651	0.39976548722453387
4827070.965603188	0.4036867856130158
4916903.577628021	0.4076810600317389
5008407.989848212	0.41174966857704487
5101615.314749833	0.4154525879381867
5196557.243827657	0.4192070625158116
5293266.058360566	0.42303140850417287
5391774.640387494	0.42692692622211204
5492116.483887789	0.4308949401876285
5594325.706169377	0.43493679956822406
5698437.0594691355	0.4390538786396391
5804485.942768984	0.44324757725311914
5912508.413831869	0.44751932131137817
6022541.201461928	0.45187056325342506
6134621.717992506	0.45630278254840273
6248788.072006888	0.4608174861986284
6365079.081295578	0.4651739599906013
6483534.286054714	0.4693412792267204
6604193.962330305	0.4735861529829188
6727099.135712336	0.4779100245620103
6852291.595284057	0.48231436412692114
6979813.907830667	0.48680066920056037
7109709.432312423	0.4913704651749905
7242022.334607315	0.49602530583008386
7376797.60252773	0.500766773861817
7514081.061116962	0.5055964814204098
7653919.388230155	0.5105160706584722
7796360.130405221	0.5155272142893513
7941451.71902934	0.5206316161558782
8089243.486805938	0.5252655663922643
8239785.684528512	0.5299785314884026
8393129.498166373	0.5347792056669197
8549327.066268368	0.5396692212087614
8708431.497690724	0.5446502407719032
8870496.889654402	0.5497239579566646
9035578.34613892	0.5548920978815579
9203731.99661823	0.5601564177698438
9375015.01514529	0.5655187075470057
9549485.639791967	0.5709807904493462
9727203.192450536	0.5765445236439054
9908228.099003786	0.5822117988599176
10092621.909870483	0.587665913181326
10280447.320933098	0.592899948437079
10471768.194855202	0.5982313899795441
10666649.582795387	0.6036620505562909
10865157.746525371	0.6091937766504302
11067360.180959744	0.6148284491084384
11273325.63710487	0.6205679837796627
11483124.14543511	0.6264143321677345
11696827.039703846	0.6323694820940997
11914506.981197748	0.6384354583738987
12136237.983442418	0.6446143235044276
12362095.437367693	0.6509081783664059
12592156.13694151	0.6573102932684789
12826498.3052806	0.6631243533085996
13065201.621247198	0.669046613995364
13308347.24654076	0.6750790889612178
13556017.853293689	0.6812238293126472
13808297.652180923	0.6874829243275811
14065272.421052363	0.6938585021657648
14327029.534098294	0.7003527305923603
14593657.991557576	0.706967817715007
14865248.449978571	0.7137060127346022
15141893.25304352	0.7205696067100562
15423686.462966273	0.7275609333372748
15710723.892474487	0.734682369742642
16003103.137387017	0.7415174936819772
16300923.609797413	0.7480973571572618
16604286.571875297	0.7547996730114243
16913295.17029647	0.761626720104072
17228054.471313924	0.7685808197047765
17548671.49648152	0.7756643362823328
17875255.259042352	0.7828796783086991
18207916.800994623	0.7902292990779095
18546769.230846975	0.7977156975402171
18891927.762076646	0.8053414191517638
19243509.75230332	0.8131090567400637
19601634.743191857	0.8210212513855915
19966424.501097932	0.8290473496215223
20338003.0584698	0.8363590584529634
20716496.75602067	0.8438068394298888
21102034.285685964	0.8513932248780798
21494746.734379806	0.8591207942503298
21894767.628566206	0.8669921750034894
22302232.979659364	0.8750100434918279
22717281.330269028	0.8831771258770224
23140053.80130654	0.8914961990550839
23570694.139967278	0.8999700916005289
24009348.76860652	0.9086016847281277
24456166.83452444	0.9173939132725485
24911300.26067791	0.9263497666862318
25374903.797335718	0.9349219697853419
25847135.07469564	0.9431992712938623
26328154.656480197	0.9516306147918887
26818126.094530128	0.9602188670270569
27317215.98441379	0.9689669480976651
27825594.022071257	0.9778778324455344
28343433.061513092	0.9869545498673579
28870909.173592344	0.9962001865448592
29408201.705870606	1.005617886094129
29955493.34359816	1.01521085063449
30512970.171828706	1.024982341877246
31080821.738690637	1.0349356822347076
31659241.119835205	1.0450045053142396
32248424.98408439	1.0542047476774659
32848573.66030047	1.0635762081165494
33459891.20549975	1.0731220730290132
34082585.47423452	1.0828455881117836
34716868.189265594	1.0927500594647583
35362955.013550386	1.1028388547149177
36021065.62357073	1.113115404161352
36691423.78402494	1.1235832019415997
37374257.42391064	1.134245807219696
38069798.71402284	1.1451068453963236
38778284.14589453	1.1561700093414886
39499954.61220647	1.1674390606501388
40235055.48869293	1.1781952517392664
40983836.717572615	1.1886125913677843
41746552.89253134	1.1992237994593615
42523463.34528677	1.2100324839390835
43314832.23376403	1.2210423198761362
44120928.631911896	1.232257050733366
44942026.62119142	1.2436804896401024
45778405.38376616	1.2553165206886592
46630349.29742726	1.2671691002549703
47498148.03228505	1.2792422583437986
48382096.649259575	1.291540099958979
49282495.700405136	1.3040668064991687
50199651.33110079	1.3167039298517527
51133875.38414321	1.3282847018651494
52085485.50577665	1.3400809940162537
53054805.25369574	1.3520968171714987
54042164.20705915	1.3643362568402266
55047898.078549676	1.3768034745638036
56072348.82852027	1.389502709330588
57115864.78126434	1.4024382790172343
58178800.74344935	1.4156145818568118
59261518.124755524	1.429036097934261
60364385.060758635	1.4427073907096624
61487776.53810017	1.4566331085698658
62632074.521986924	1.470817986408994
63797668.08606282	1.4843189719669185
64984953.54469889	1.4974334452978943
66194334.587743886	1.5107919812090658
67426222.41778335	1.5243991217465789
68681035.88995308	1.5382594934848326
69959201.65435374	1.5523778090995595
71261154.30111745	1.5667588689701915
72587336.50817245	1.5814075628120394
73938199.19175874	1.596328871338849
75314201.65974376	1.6115278679562905
76715811.76779301	1.6270097204869822
78143506.07844542	1.6427796929276002
79597770.02314977	1.6586447443672712
81079098.06731695	1.6732253542849258
82587993.87844272	1.688077311834124
84124970.49736118	1.7032056668404623
85690550.51268347	1.7186155631076483
87285266.2384837	1.7343122401664526
88909659.89529167	1.7503010350562067
90564283.79445294	1.7665873841394462
92249700.52592173	1.7831768249503444
93966483.1495469	1.8000749980775255
95715215.38991857	1.817287649081929
97496491.83484097	1.834820630450362
99310918.137498	1.8526799035854005
101159111.22238298	1.869629507888755
103041699.49505854	1.8861424277420797
104959323.05582266	1.902962655843651
106912633.91734771	1.9200959112522547
108902296.22637327	1.937548019459338
110928986.48952228	1.955324914369732
112993393.80332193	1.9734326403192535
115096220.0885031	1.9918773541298367
117238180.32865997	2.010665327202914
119420002.8133535	2.0298029476517665
121642429.3857368	2.0492967224735485
123906215.6947913	2.069153279761746
126212131.45225461	2.089074267479699
128560960.69432965	2.107434412400676
130953502.04826704	2.1261362427427217
133390569.00390588	2.145186117329658
135872990.19027063	2.164590513324106
138401609.65731302	2.184356028429789
140977287.16289675	2.2044893831348094
143600898.46512634	2.2249974229967004
146273335.620113	2.245887120969983
148995507.28528506	2.2671655797770547
151768339.02834037	2.2888400343231883
154592773.64194784	2.310917854156463
157469771.46430898	2.333406545973508
160400310.70568198	2.3546882437328476
163385387.78098568	2.3754826186885722
166426017.64859018	2.396663980500515
169523234.15541214	2.4182395310599136
172678090.38843593	2.4402166062864312
175891659.03277326	2.46260267862244
179165032.73638958	2.4854053595737455
182499324.48161504	2.5086324022975726
185895667.9635688	2.5322917042387103
189355217.9756299	2.5563913098147446
192879150.80207777	2.580939413151235
196468664.61804405	2.6059443608678237
200124979.8969035	2.6309608377719713
203849339.82524642	2.6540822882212414
207643010.7255779	2.677634032797625
211507282.48687947	2.701624079348041
215443469.00318778	2.72606058474681
219452908.62033114	2.7509518576690715
223536964.59097964	2.7763063614158168
227697025.53816846	2.8021327167915095
231934505.92744273	2.828439705035245
236250846.547794	2.8552362708064893
240647515.00154215	2.8825315252263373
245126006.20333397	2.91033474897539
249687842.8884332	2.938655395449297
254334576.13046482	2.9653783315360895
259067785.8688001	2.9915660819833976
263889081.44575077	3.018241190922539
268800102.15376073	3.0454127281779666
273802517.7927863	3.073089932365116
278898029.23804396	3.1012822140316256
284088369.0183295	3.1299991588570335
289375301.9050947	3.159250530912008
294760625.51248586	3.1890462759782214
300246170.90855557	3.219396524930043
305833803.23784316	3.2503115971791248
311525422.35554785	3.2818020041831466
317322963.4734973	3.3132192882423865
323228397.81813806	3.342338390787453
329243733.30077755	3.3719994047856736
335371015.2002929	3.4022124153013897
341612326.8585518	3.4329876950837304
347969790.3887688	3.4643357080594255
354445567.3970435	3.496267112890649
361041859.71733445	3.5287927665991004
367760910.160103	3.5619237282574936
374605003.2748981	3.5956712627497804
381576466.1271245	3.6300468446013223
388677669.0892668	3.6650621618803307
395911026.6468467	3.700729120171967
403278998.21937054	3.7342858951183153
410784088.99656343	3.7672673262178917
418428850.79015756	3.800862547362224
426215882.9015325	3.8350829812884815
434147833.0055101	3.869940263312918
442227398.0505897	3.905446245286997
450457325.17594445	3.9416129996271674
458840412.64547515	3.9784528234196053
467379510.7992463	4.015978242601338
476077523.0226378	4.054202016219217
484937406.7335233	4.0931371407681185
493962174.38783056	4.1327968546099205
503154894.5038046	4.172254122402172
512518692.70533323	4.208927927453778
522056752.7846986	4.246284238257663
531772317.7850967	4.284335756361998
541668691.1033136	4.323095419692948
551749237.6129117	4.362576406953684
562017384.8083187	4.402792142105269
572476623.970219	4.443756298930971
583130511.3526218	4.485482805685488
593982669.3920338	4.5279858498307215
605036787.9391212	4.571279882859651
616296625.5132942	4.615379625209991
627766010.5806513	4.660300071269304
639448842.8556936	4.702439291026316
651349094.6272782	4.743977987139511
663470812.1092337	4.786289725455439
675818116.816111	4.8293888924210195
688395206.964551	4.873290142217412
701206358.9007177	4.918008401742565
714255928.5543104	4.9635588756865605
727548352.9196217	5.009957051701347
741088151.5641569	5.057218705666698
754879928.1653446	5.105359907054198
768928372.0758306	5.15439702439102
783238259.9179205	5.204346730825451
797814457.2076613	5.253902522331281
812661920.0091946	5.300092075978893
827785696.619849	5.347141225079314
843190929.286625	5.395065966850178
858882855.9546258	5.443882596220091
874866812.0479896	5.4936077113690045
891148232.2840202	5.54425821937188
907732652.5210242	5.595851341947175
924625711.6405733	5.64840462131246
941833153.4647961	5.701935926149
959360828.7093127	5.75646345767721
977214696.9725724	5.812005755845355
995400828.7621539	5.868581705633265
1013925407.5588143	5.9214991019775844
1032794731.9189526	5.973816284710406
1052015217.6161569	6.027107099115953
1071593399.8226712	6.08138966464535
1091535935.3313932	6.136682437955751
1111849604.81927	6.193004219185843
1132541315.1528125	6.250374158348127
1153618101.736476	6.308811761840048
1175087130.9048076	6.368336899076473
1196955702.3590453	6.428969809245426
1219231251.6491096	6.490731108189659
1241921352.7017846	6.553641795416316
1265033720.3959012	6.6158814243224215
1288576213.185518	6.674056696671938
1312556835.7718453	6.73331462073875
1336983741.8249452	6.7936753448555205
1361865236.7560828	6.855159392318858
1387209780.541618	6.91778766836735
1413025990.5995336	6.981581467289694
1439322644.7194095	7.046562479664879
1466108684.0469828	7.112752799737259
1493393216.1242533	7.180174932928882
1521185517.9861019	7.248851803491462
1549495039.3146317	7.318806762301009
1578331405.6521199	7.390063594797255
1607704421.673822	7.456516455152011
1637624074.521689	7.522409846617397
1668100537.2000556	7.5895295253100965
1699144172.0346258	7.657898312644095
1730765534.1957276	7.727539454743736
1762975375.2872038	7.798476630347694
1795784647.0020967	7.8707339588600425
1829204504.8462899	7.944336008551004
1863246311.9315598	8.019307804910559
1897921642.8391032	8.095674839157267
1933242287.5550432	8.173463076905595
1969220255.4791734	8.25269896699457
2005867779.5082297	8.330869440070268
2043197320.1952705	8.404141532762893
2081221569.9863415	8.478777231568209
2119953457.536069	8.554801913427982
2159406152.1035676	8.63224142755324
2199593068.0300703	8.711122104213148
2240527869.3000183	8.791470763687732
2282224474.1869006	8.873314725386944
2324697059.9856453	8.956681817139597
2367960067.833079	9.041600384655197
2412028207.618002	9.128099301161642
2456916462.98279	9.216207977222602
2502640096.4179215	9.305956370737272
2549214654.4514203	9.389407303653405
2596655972.934872	9.472400917185512
2644980182.4277143	9.556939055987295
2694203713.6818824	9.643050463936865
2744343303.2283683	9.730764419840748
2795415999.067865	9.820110747389055
2847439166.4672475	9.911119825295826
2900430493.8639855	10.003822597628181
2954407998.8803797	10.098250584327594
3009390034.449724	10.194435891926968
3065395295.056536	10.292411224467273
3122442823.0928583	10.39220989461722
3180552015.3329134	10.49038945034689
3239742629.5281954	10.582677219509796
3300034791.1252885	10.676682479760139
3361449000.108775	10.772437193899291
3424006137.9714255	10.869973919561794
3487727474.8141704	10.969325820285329
3552634676.5781393	11.070526676786674
3618749812.411284	11.173610898447441
3686095362.1721687	11.278613535013708
3754694224.0733366	11.385570288513277
3824569722.4669914	11.494517525394803
3895745615.775501	11.605492288892744
3968246104.5694857	11.718532311622399
4042095839.796318	11.823329901825568
4117319931.1616793	11.92786285245628
4193943955.6671777	12.034341179085137
4271993966.306777	12.142801085490504
4351496500.925055	12.253279449209176
4432478591.24041	12.365813834075206
4514967772.036101	12.480442502991966
4598992090.5224285	12.597204430942023
4684580115.873045	12.71613931823899
4771760948.938751	12.837287604026043
4860564232.142149	12.960690480025697
4951020159.556351	13.08638990454541
5043159487.171348	13.209701105877734
5137013543.351338	13.325941223627632
5232614239.486667	13.444344589747804
5329994080.844104	13.56495146265851
5429186177.618942	13.687802849996038
5530224256.192888	13.812940522555815
5633142670.601352	13.940407028494882
5737976414.21414	14.070245707798666
5844761131.633649	14.202500707017116
5953533130.81437	14.337216994274971
6064329395.408049	14.474440374561476
6177187597.338489	14.614217505304522
6292146109.610351	14.756595912234607
6409244019.35647	14.888201819317743
6528521141.127848	15.019866399485572
6650018030.431105	15.15398127989384
6773775997.517745	15.29059206104698
6899837121.430025	15.429745192082523
7028244264.308367	15.571487986564378
7159041085.964888	15.715868638569884
7292272058.728297	15.862936239076449
7427982482.56491	16.012740792652906
7566218500.481063	16.16533323446156
7707027114.212319	16.32076544757679
7850456200.204509	16.479090280625773
7996554525.892329	16.633967959819596
8145371766.280737	16.780379822751886
8296958520.834915	16.929516435366196
8451366330.684739	17.081428505717742
8608647696.149244	17.23616768554725
8768856094.587408	17.39378658784318
8932045998.58096	17.554338804730666
9098272894.455566	17.717878925693352
9267593301.146902	17.884462556134483
9440064789.417603	18.054146336283278
9615746001.432076	18.226987960453354
9794696670.695385	18.403046196659318
9976977642.36321	18.58238090659843
10162650893.929972	18.747655388925466
10351779556.301762	18.913497281616
10544427935.261662	19.082425520148487
10740661533.334322	19.25449754194426
10940547072.057436	19.429771853344732
11144152514.667904	19.60830804950434
11351547089.20999	19.79016683465344
11562801312.07373	19.97541004273852
11777987011.97118	20.164100658446344
11997177354.358854	20.35630283861932
12220446866.314913	20.552081934069676
12447871461.879063	20.751504511799297
12679528467.864315	20.94603260853053
12915496650.148827	21.130452209158513
13155856240.457052	21.318303889934274
13400688963.639534	21.50965152245336
13650078065.460136	21.704560166972527
13904108340.900667	21.90309609453107
14162866162.991974	22.1053268094836
14426439512.181587	22.31132107245215
14694918006.248201	22.521148923705702
14968392930.772554	22.734881706974505
15246957270.1757	22.95259209370785
15530705739.334583	23.17435410778307
15819734815.786015	23.400243150674363
16114142772.530231	23.607803394798218
16414029711.444664	23.81669958651364
16719497597.31985	24.02948337190182
17030650292.528427	24.24622709974256
17347593592.339325	24.467004465238645
17670435260.889503	24.69189053507321
17999285067.824764	24.920961772933055
18334254825.62285	25.154296065507307
18675458427.61074	25.391972748969643
19023011886.689457	25.63407263595332
19377033374.77993	25.880678043028514
19737643263.002552	26.1318728186907
20104964162.604927	26.376206613114622
20479120966.650833	26.60850557696695
20860240892.485046	26.845127664063625
21248453524.988873	27.086153328463833
21643890860.6402	27.331664521490428
22046687352.394028	27.581744719594436
22456979955.397717	27.836478952737874
22874908173.55704	28.095953833304655
23300614106.96929	28.360257585549988
23734242500.23866	28.629480075597403
24175940791.69123	28.90371284199442
24625859163.505444	29.18304912683649
25084150592.775414	29.467583907470217
25550970903.525124	29.728249162458738
26026478819.690044	29.9913788588699
26510836019.085308	30.259405443704363
27004207188.377697	30.532420048888984
27506760079.080673	30.81051550233116
28018665564.59201	31.09378635948149
28540097698.292374	31.38232893548356
29071233772.725693	31.676241337922274
29612254379.880314	31.975623500181385
30163343472.591972	32.2805772154218
30724688427.090096	32.59120617119254
31296480106.707504	32.90761598468547
31878912926.77636	33.214502808256114
32472184920.731255	33.50710258893619
33076497807.442425	33.80514770132232
33692057059.802742	34.10873948396411
34319071974.590427	34.417981161338744
34957755743.632645	34.732977878948645
35608325526.29274	35.053836739071905
36271002523.30648	35.380666837178126
36946012051.993095	35.71357929902219
37633583622.865326	36.05268731842814
38333951017.6659	36.3981061957765
39047352368.85556	36.74995337720746
39774030240.58036	37.10834849455375
40514231711.14655	37.435665893622385
41268208457.02952	37.76706963570303
42036216838.44701	38.10464085781414
42818517986.52406	38.44849433780855
43615377892.080055	38.79874698957439
44427067496.06892	39.15551790278718
45253862781.70167	39.51892838340148
46096044868.284195	39.889101994896485
46953900106.80053	40.26616460028874
47827720177.27485	40.6502444049268
48717802187.94641	41.04147200008265
49624448776.28914	41.43998040735397
50547968211.912254	41.825353112471
51488674501.37487	42.19379164434718
52446887494.95119	42.56908687999358
53422932995.38363	42.951366423834095
54417142868.658875	43.340760255032556
55429855156.84652	43.73740077168729
56461414193.036606	44.14142283584783
57512170718.41614	44.55296381936915
58582482001.525475	44.972163650619976
59672711959.7331	45.39916486205962
60783231282.972115	45.83411263870097
61914417559.77835	46.27715486747469
63066655405.67406	46.72844218751216
64240336593.94204	47.139156782088705
65435860188.83229	47.55624756075651
66653632681.24893	47.98110046978581
67894068126.96099	48.4138599637435
69157588287.38525	48.85467318552036
70444622772.99051	49.30369001636149
71755609189.36922	49.76106312682737
73090993286.02888	50.226948028703774
74451229107.95128	50.70150312787732
75836779149.97191	51.184889778194865
77248114514.03416	51.67727233632596
78685715069.36842	52.17881821764558
80150069615.6538	52.662197393640255
81641676049.21454	53.12539370343226
83161041532.30962	53.59721017536513
84708682665.57419	54.07780723212304
86285125663.66887	54.567348281883575
87890906534.19963	55.06599977387859
89526571259.96382	55.57393125498807
91192675984.59299	56.09131542738868
92889787201.64516	56.61832820727367
94618481947.21991	57.15514878466657
96379347996.15794	57.701959684348125
98172984061.88821	58.258946827915764
100000000000.0	58.826299597
