# Frequency (Hz)	Imaginary Part (Ohm/m)
1000.0	48644503.31920724
1018.6101701559753	48541254.87549621
1037.566678745186	48436084.96067934
1056.875971184804	48328957.81585244
1076.5446128423157	48219837.016632006
1096.5792912678098	48108685.460770495
1116.9868184678226	47995465.35554132
1137.7741332214914	47880138.20488875
1158.9483034398106	47762664.796338946
1180.5165285688054	47643005.187667206
1202.4861420374123	47521118.69331729
1224.8646137509306	47396963.8705678
1247.6595526308697	47270498.50544127
1270.8787092020582	47154791.87563423
1294.529978227916	47049520.095510475
1318.6214013947485	46942289.18964596
1343.1611700460153	46833062.69837733
1368.1576279674719	46721803.48352068
1393.619274224142	46608473.715744115
1419.5547660501015	46493034.86170549
1445.9729217920194	46375447.670950584
1472.882723907502	46255672.16256756
1500.2933220192183	46133667.61159305
1528.2140360258693	46009392.535165094
1556.654359271062	45882804.67841865
1585.6239617711371	45754514.904836446
1615.132693503091	45649576.38523655
1645.1905877536624	45542684.941931
1675.807864530767	45433804.23067736
1706.9949340384078	45322897.23086054
1738.7624002162504	45209926.23290565
1771.1210643450886	45094852.82545613
1804.0819287193826	44977637.88231354
1837.6562003881704	44858241.549134254
1871.8552949655793	44736623.22987849
1906.690840512252	44612741.57300734
1942.1746814890264	44486554.457422554
1978.3188827841643	44358018.97814527
2015.1357338155585	44241507.63409346
2052.6377527092523	44135347.507382914
2090.8376905557498	44027211.722650506
2129.748535745521	43917063.512564264
2169.3835183851843	43804865.42554596
2209.756114795903	43690579.31303706
2250.880052095462	43574166.31652792
2292.7693128656488	43455586.85434535
2335.438139906479	43334800.608194575
2378.9010410788933	43211766.50945045
2423.1727942376006	43086442.72519368
2468.2684522556924	42958786.6439873
2514.2033481427966	42830109.64033109
2560.9931002584594	42725017.46527203
2608.6536176225477	42617969.506953046
2657.2011053245064	42508929.36791486
2706.652070033241	42397859.973335385
2757.0233256095826	42284723.55842363
2808.3319988231724	42169481.65557959
2860.5955351757416	42052095.081314474
2913.831704832789	41932523.92292827
2968.0586086656026	41810727.52493877
3023.2946844057765	41686664.475258276
3079.5587129142264	41560292.591113165
3136.8698245668766	41431568.904701196
3195.2475057592133	41315909.83021787
3254.711605531848	41210234.258771375
3315.282342319423	41102592.04695891
3376.9803108250912	40992946.59526867
3439.8264890229243	40881260.62306565
3503.8422452906757	40767496.155915886
3569.0493456752292	40651614.51267477
3635.4699612933177	40533576.29233496
3703.126675869927	40413341.36062974
3772.0424934169973	40290868.83638678
3842.240846055061	40166117.077628255
3913.745601980384	40039043.66741196
3986.581073580439	39911667.489009924
4060.7720257003657	39807589.148357004
4136.343684063274	39701573.89207501
4213.321743847289	39593585.67383447
4291.732378422157	39483587.77647764
4371.602248248501	39371542.79953422
4452.958509942655	39257412.64650471
4535.828825510186	39141158.511907436
4620.241371751313	39022740.86808394
4706.224849841281	38902119.45175942
4793.808495089106	38779253.2503527
4883.02208687788	38654100.488031305
4973.895958790063	38526618.61150766
5066.461008921268	38413004.042162396
5160.7487103859075	38308783.06015136
5256.791122018419	38202622.507931285
5354.620899273607	38094486.28977052
5454.271305329836	37984337.63818977
5555.7762223988775	37872139.10146065
5659.170163246242	37757852.53087174
5764.488282925873	37641439.067757644
5871.766390733255	37522859.130286545
5981.040962380945	37402072.400001995
6092.349152400711	37279037.8081143
6205.7288067765	37153713.52153654
6321.218475812449	37028800.011827424
6438.8574272404185	36926478.522550076
6558.685659571435	36822252.81294665
6680.743915695614	36716087.4451529
6805.073696735206	36607946.32179981
6931.717276155407	36497792.67374025
7060.717714137772	36385589.047547065
7192.118872221193	36271297.292778246
7325.96542821523	36154878.549005784
7462.302891391108	36036293.23260236
7601.17761795533	35915501.02328267
7742.636826811269	35792460.85039403
7886.728615614156	35667130.87895189
8033.501977124735	35556239.61697774
8183.00681586739	35453993.19249956
8335.293965098195	35349843.944664024
8490.415204088747	35243756.46160468
8648.423275731726	35135694.67243413
8809.37190447399	35025621.8349798
8973.31581458352	34913500.523290865
9140.310748756232	34799292.614913285
9310.413487069076	34682959.277927645
9483.681866285926	34564460.957745895
9660.174799522645	34443757.36366236
9839.952296278227	34320807.45515451
10023.075482838643	34198944.894259974
10209.606623060476	34098661.817564756
10399.609139541202	33996512.45574848
10593.1476351837	33892462.0769275
10790.287915161836	33786475.30285186
10991.097009294961	33678516.096876405
11195.643194838794	33568547.7517078
11403.99601970033	33456532.876923867
11616.22632608502	33342433.386260197
11832.40627458378	33226210.484660566
12052.609368708414	33107824.655086152
12276.910479883603	32987235.645079285
12505.385872903913	32864402.45307726
12738.113231864783	32756379.61254551
12975.171686575868	32656157.873150006
13216.641839466038	32554070.990131006
13462.60579298911	32450084.252848327
13713.147177539455	32344162.304690868
13968.351179887397	32236269.13105494
14228.30457214352	32126368.047098972
14493.09574126215	32014421.68527027
14762.81471909391	31900391.982599583
15037.553212997384	31784240.167759366
15317.404637020798	31665926.74788105
15602.46414366368	31545411.495127056
15892.828656229764	31426605.704768956
16188.596901781993	31328192.772221375
16489.86944471065	31227948.35825355
16796.74872092653	31125838.37868459
17109.339072690134	31021828.115021233
17427.746784089173	30915882.202653132
17752.08011717636	30807964.6188285
18082.44934877952	30698038.67040611
18418.96680799711	30586066.98137901
18761.746914391195	30472011.480166458
19110.90621689136	30355833.386669144
19466.56343342263	30237493.199083406
19828.83949127071	30116950.68047043
20197.857568198782	30011463.67066365
20573.743134329114	29912907.71666444
20956.623994804308	29812517.619591393
21346.630333242454	29710259.245729838
21743.8947560008	29606097.82613087
22148.55233726359	29499997.94478947
22560.74066496859	29391923.526602782
22980.599887588487	29281837.825104125
23408.272761782944	29169703.409968834
23843.904700937208	29055482.154287536
24287.643824604504	28939135.22160259
24739.64100886812	28820623.052703235
25200.049937640895	28704393.93842472
25669.027154919517	28607358.44281252
26146.732118010917	28508517.100115847
26633.327251749808	28407836.30321311
27128.978003724646	28305281.8195486
27633.852900531667	28200818.77949282
28148.123605075813	28094411.664486587
28671.964974937695	27986024.294964306
29205.55512182745	27875619.81805242
29749.075472144435	27763160.695039254
30302.71082866393	27648608.68861121
30866.649433372742	27531924.849851828
31441.08303147265	27413069.50499868
32026.206936576502	27309510.030774888
32622.220097116733	27212055.049476247
33229.325163989684	27112786.41439313
33847.72855945983	27011670.37311992
34477.640547344636	26908672.545113146
35119.275304507275	26803757.91000145
35772.850993678774	26696890.795678496
36438.58983763541	26588034.8661739
37116.71819475767	26477153.109298747
37807.466635993485	26364207.824060943
38511.070023255685	26249160.607846536
39227.76758927723	26131972.34336242
39957.803018952654	26017625.83675181
40701.42453219439	25921428.190947752
41458.88496832911	25823440.290586684
42230.441872066716	25723628.81872667
43016.35758106799	25621959.8383918
43816.89931514194	25518398.781033337
44632.33926710397	25412910.434775896
45462.95469532399	25305458.93244512
46309.02801799736	25196007.739372462
47170.84690917023	25084519.64097295
48048.704396551344	24970956.730091847
48942.89896114532	24855280.39411583
49853.73463873894	24737451.301844317
50781.5211232767	24635296.107577898
51726.57387216024	24538515.897238117
52689.21421350677	24439934.59071619
53669.76945540476	24339518.669305675
54668.57299720181	24237233.990511354
55685.96444286408	24133045.77644032
56722.28971644549	24026918.601977162
57777.90117970507	23918816.382739086
58853.1577519145	23808702.362806756
59948.42503189408	23696539.10222693
61064.07542232036	23582288.464282453
62200.48825634718	23465911.602525383
63358.04992658254	23352971.29258008
64537.15401646702	23257404.989724115
65738.20143409586	23160060.181710847
66961.60054853215	23060903.77025663
68207.76732865692	22959902.04111318
69477.1254846024	22857020.652604353
70770.10661181889	22752224.623949476
72087.15033782135	22645478.323369674
73428.70447166759	22536745.45597256
74795.22515621828	22425989.051411618
76187.17702322999	22313171.451315936
77605.0333513357	22198254.29648591
79049.2762269642	22081198.513850648
80520.39670825469	21980432.98686515
82018.8949920221	21884426.637485944
83545.28058382872	21786633.593608767
85100.07247122246	21687020.604544956
86683.79930019773	21585553.80080493
88296.99955494082	21482198.68258212
89940.22174092053	21376920.10802268
91614.0245713852	21269682.28127691
93318.9771573324	21160448.740328252
95055.65920101192	21049182.344595805
96824.66119303115	20935845.262306124
98626.5846131283	20820398.957630053
100462.04213468132	20709061.411487352
102331.65783302448	20614597.55767295
104236.06739764012	20518375.71546548
106175.9183482999	20420363.16840183
108151.87025522892	20320526.59115987
110164.59496336569	20218832.038227655
112214.77682079801	20115244.932361457
114303.11291144785	20009730.05282911
116430.31329208757	19902251.523434676
118597.10123376705	19792772.800320085
120804.21346773289	19681256.659539893
123052.40043592616	19567665.184404645
125342.42654613995	19451959.752588857
127675.07043192645	19353388.496423937
130051.12521734099	19259045.9817111
132471.39878661174	19162947.73674652
134936.71405883064	19065061.087091465
137447.90926775365	18965352.750230324
140005.8382468096	18863788.824254226
142611.37071941295	18760334.776333984
145265.39259467812	18654955.43097864
147968.80626863963	18547614.958075322
150722.53093107554	18438276.860706646
153527.5028780421	18326903.962741397
156384.67583022476	18213458.396194234
159295.0212572123	18104869.668387353
162259.5287078087	18012800.73915596
165279.2061464897	17919018.39148548
168355.08029612005	17823490.738367256
171488.19698705408	17726185.29936988
174679.62151272455	17627068.989595663
177930.43899185772	17526108.1084313
181241.75473742394	17423268.328089382
184614.69463245454	17318514.681936532
188050.40551285836	17211811.552604266
191550.0555573528	17103122.659878977
195114.83468466165	16992411.048366003
198745.9549580986	16879639.07492452
202444.65099768018	16784914.142267533
206212.18039991445	16693912.817860646
210049.8241653915	16601217.943322133
213958.88713434213	16506798.001395864
217940.6984302958	16410620.888284229
221996.61191199525	16312653.90273249
226128.00663372793	16212863.734909946
230336.2873142131	16111216.455084343
234622.88481422624	16007677.502085293
238989.25662310526	15902211.671553142
243436.8873543108	15794783.10396918
247967.289250216	15685355.272462845
252582.00269627848	15581543.205378106
257282.59674479323	15493819.870758828
262070.66964838552	15404463.98995561
266947.8494034318	15313445.181006242
271915.7943036019	15220732.496534904
276976.1935036891	15126294.413229946
282130.76759394706	15030098.821125487
287381.2691851069	14932113.012683695
292729.4835042813	14832303.67167395
298177.22900196735	14730636.861844836
303726.3579703311	14627078.015385596
309378.75717301364	14521591.921172597
315136.34848664823	14414142.712797191
321001.08955431683	14325445.50043716
326974.97445117676	14239930.771075068
333060.03436245886	14152824.598048724
339258.33827409917	14064097.364320725
345571.9936762143	13973718.901675565
352003.1472796675	13881658.480462167
358553.9857459817	13787884.799145335
365226.7364308175	13692365.973663054
372023.6681413066	13595069.526585445
378947.09190746717	13495962.376072142
385999.36176797637	13395010.824624144
393182.87557057705	13292180.547626153
400500.07578736113	13195617.366021983
407953.45034524484	13114405.449342865
415545.53347188793	13031682.165075643
423278.90655735444	12947419.386412367
431156.19903182285	12861588.46310034
439180.0892596086	12774160.21170083
447353.3054498463	12685104.905666344
455678.6265841068	12594392.265233252
464158.8833612772	12501991.447126424
472796.9591600391	12407871.034072053
481595.79101923504	12311999.024115607
490558.37063650455	12214342.81974067
499687.7453854889	12114869.216785507
508987.0193519675	12034349.350372175
518459.3543892913	11956405.129988886
528107.971193433	11877010.354401603
537936.1503980698	11796138.028531138
547947.2336900292	11713760.654915309
558144.6249454955	11629850.224359507
568531.7913873753	11544378.206413181
579112.2647641759	11457315.539669309
589889.6425508494	11368632.6218831
600867.5891719692	11278299.299906952
612049.837247669	11186284.859438092
623440.1888627863	11092558.014575282
635042.5168595961	11005514.201198295
646860.7661546321	10932646.219210988
658898.9550799957	10858422.151679963
671161.1767496272	10782816.761622533
683651.6004510238	10705804.342391415
696374.4730628222	10627358.708934281
709334.1204987989	10547453.188890522
722534.9491787221	10466060.61352234
735981.4475265755	10383153.308477134
749678.1874966878	10298703.08437785
763629.8261282243	10212681.227238376
777841.1071286482	10125058.488700408
792316.8624866261	10035805.076088697
807062.0141149492	9965017.691197691
822081.575524054	9896151.287475914
837380.6535266489	9826003.268262846
852964.4499741016	9754549.78247612
868838.2635251193	9681766.535160657
885007.4914473438	9607628.77922816
901477.6314524917	9532111.307042768
918254.2835656281	9455188.44185027
935343.1520292377	9376834.02904765
952750.0472427299	9297021.427290287
970480.8877380306	9215723.499433642
988541.7021919573	9132912.603306262
1006938.6314760271	9056884.48120023
1025677.9307444209	8993443.173111763
1044765.9715608053	8928821.211484853
1064209.2440647245	8862996.62415626
1084014.359178331	8795947.030057034
1104188.0508541602	8727649.631602732
1124737.1783647507	8658081.206941992
1145668.7286348727	8587218.102060812
1166989.8186171474	8515036.22274003
1188707.6977119034	8441511.026362905
1210829.7502320393	8366617.513570451
1233363.4979137746	8290330.219761352
1256316.6024741214	8212623.206433718
1279696.8682159416	8152207.87011401
1303512.2446815087	8093065.381971958
1327770.829355429	8032822.242062135
1352480.8704178738	7971457.967067861
1377650.769549055	7908951.692474441
1403289.084785873	7845282.165475024
1429404.533431761	7780427.737744398
1456005.9950206485	7714366.358078342
1483102.514336103	7647075.564895955
1510703.3044866556	7578532.478602509
1538817.7500383465	7508713.793810133
1567455.410205595	7437595.771413703
1596626.022101425	7373043.377377723
1626339.5040481905	7319233.008418364
1656605.9589499151	7264421.219336514
1687435.6777273756	7208589.3735333
1718839.1428171454	7151718.487579566
1750827.0317357269	7093789.224761306
1783410.220710006	7034781.888505
1816599.7883753285	6974676.415680502
1850407.019542302	6913452.36977944
1884843.4090337954	6851088.933966521
1919920.6655932867	6787564.904001609
1955650.715865947	6722858.681030068
1992045.7084538713	6656948.264238862
2029118.0180466783	6606642.287199435
2066880.2496290822	6557028.969864542
2105345.242766708	6506492.340252039
2144526.0759716653	6455015.2153633535
2184436.0711494284	6402580.092421334
2225088.7981283693	6349169.142919223
2266498.079273693	6294764.206558682
2308677.994187172	6239346.785075145
2351642.884494346	6182898.035948201
2395407.358720879	6125398.765994902
2439986.29725955	6066829.424843933
2485394.857429798	6007170.098288224
2531648.478631358	5953611.596159288
2578762.8875937983	5908902.931342463
2626754.1037238385	5863362.230665933
2675638.4445520453	5816974.009800799
2725432.531281028	5769722.4962521335
2776153.2944368036	5721591.623996197
2827817.979625338	5672565.028017829
2880444.1533962977	5622626.038746124
2934049.709215787	5571757.676386661
2988652.873550383	5519942.645148127
3044272.2120643063	5467163.327361608
3100926.6359319235	5413401.777490378
3158635.408267819	5358639.716028183
3217418.1506763715	5317532.8765274715
3277294.849923382	5276648.3707884895
3338285.8647317644	5235002.997440958
3400411.9327037027	5192582.596609234
3463694.1773717343	5149372.74489993
3528154.1153808828	5105358.750497911
3593813.6638046256	5060525.648170824
3660695.147596906	5014858.194180808
3728821.30718283	4968340.86110145
3798215.306190736	4920957.832538283
3868900.7393279755	4872692.997751049
3940901.6404034477	4823529.946175873
4014242.490499326	4779854.96458317
4088948.226294856	4743265.57442545
4165044.248545185	4705995.249490983
4242556.430717777	4668031.317467717
4321511.127789762	4629360.870209712
4401935.1852088785	4589970.759348221
4483855.948021181	4549847.591821148
4567301.270168747	4508977.725319184
4652299.523960189	4467347.263647374
4738879.609717651	4424942.052000181
4827070.965603188	4381747.67214873
4916903.577628021	4337749.43753847
5008407.989848212	4292932.388295539
5101615.314749833	4259788.613596345
5196557.243827657	4226519.833639032
5293266.058360566	4192631.9160258253
5391774.640387494	4158113.338499614
5492116.483887789	4122952.364372091
5594325.706169377	4087137.0385332066
5698437.0594691355	4050655.183386269
5804485.942768984	4013494.3947074395
5912508.413831869	3975642.037428172
6022541.201461928	3937085.241339126
6134621.717992506	3897810.8967141984
6248788.072006888	3857805.649853035
6365079.081295578	3822619.694907055
6483534.286054714	3792985.343328283
6604193.962330305	3762799.491424163
6727099.135712336	3732051.875679808
6852291.595284057	3700732.0415745587
6979813.907830667	3668829.3400273505
7109709.432312423	3636332.9237759216
7242022.334607315	3603231.743688586
7376797.60252773	3569514.5450074654
7514081.061116962	3535169.8635217063
7653919.388230155	3500186.021669542
7796360.130405221	3464551.124567805
7941451.71902934	3428253.0559675056
8089243.486805938	3401769.4920955775
8239785.684528512	3374927.0778648253
8393129.498166373	3347585.121737838
8549327.066268368	3319734.3271549367
8708431.497690724	3291365.22454586
8870496.889654402	3262468.168110061
9035578.34613892	3233033.332536985
9203731.99661823	3203050.7096653776
9375015.01514529	3172510.1050804104
9549485.639791967	3141401.1346474513
9727203.192450536	3109713.2209813553
9908228.099003786	3077435.5898500467
10092621.909870483	3049317.7217002255
10280447.320933098	3025481.122673936
10471768.194855202	3001200.9204838276
10666649.582795387	2976468.8595995414
10865157.746525371	2951276.5308538894
11067360.180959744	2925615.368583651
11273325.63710487	2899476.647717169
11483124.14543511	2872851.4808076997
11696827.039703846	2845730.815011616
11914506.981197748	2818105.429010323
12136237.983442418	2789965.9298749175
12362095.437367693	2761302.749872503
12592156.13694151	2732212.5915842936
12826498.3052806	2711068.4355850657
13065201.621247198	2689530.7832448864
13308347.24654076	2667592.3115298967
13556017.853293689	2645245.5611233283
13808297.652180923	2622482.933889264
14065272.421052363	2599296.6902891737
14327029.534098294	2575678.946750409
14593657.991557576	2551621.672985684
14865248.449978571	2527116.689262713
15141893.25304352	2502155.6636229875
15423686.462966273	2476730.1090488373
15710723.892474487	2450831.380577754
16003103.137387017	2428479.9181675008
16300923.609797413	2409391.7608910734
16604286.571875297	2389948.3697597687
16913295.17029647	2370143.133811099
17228054.471313924	2349969.3190514455
17548671.49648152	2329420.0661664186
17875255.259042352	2308488.388188624
18207916.800994623	2287167.1681220136
18546769.230846975	2265449.1565220295
18891927.762076646	2243326.969030722
19243509.75230332	2220793.0838659746
19601634.743191857	2197839.839264038
19966424.501097932	2174716.0889669894
20338003.0584698	2157810.6369153345
20716496.75602067	2140590.5715244357
21102034.285685964	2123050.0377865112
21494746.734379806	2105183.0717311013
21894767.628566206	2086983.5983972289
22302232.979659364	2068445.429767863
22717281.330269028	2049562.2626659253
23140053.80130654	2030327.676611135
23570694.139967278	2010735.1316369865
24009348.76860652	1990777.9660670806
24456166.83452444	1970449.394250089
24911300.26067791	1949742.504252552
25374903.797335718	1932034.7497895267
25847135.07469564	1916792.2265863414
26328154.656480197	1901266.0374327383
26818126.094530128	1885450.9032571127
27317215.98441379	1869341.4467434385
27825594.022071257	1852932.1905029244
28343433.061513092	1836217.555211642
28870909.173592344	1819191.857713494
29408201.705870606	1801849.3090878818
29955493.34359816	1784184.0126814062
30512970.171828706	1766189.9621029526
31080821.738690637	1747861.0391814385
31659241.119835205	1729533.3456169257
32248424.98408439	1716047.2019201193
32848573.66030047	1702310.0787943664
33459891.20549975	1688317.305469791
34082585.47423452	1674064.1242526919
34716868.189265594	1659545.6889078778
35362955.013550386	1644757.063010898
36021065.62357073	1629693.218269601
36691423.78402494	1614349.032814467
37374257.42391064	1598719.2894571084
38069798.71402284	1582798.6739163746
38778284.14589453	1566581.7730114395
39499954.61220647	1550063.0728212593
40235055.48869293	1536064.412309107
40983836.717572615	1523914.4454660632
41746552.89253134	1511538.3656726815
42523463.34528677	1498931.964928481
43314832.23376403	1486090.9569213751
44120928.631911896	1473010.9755702843
44942026.62119142	1459687.5735406121
45778405.38376616	1446116.2207321117
46630349.29742726	1432292.302738598
47498148.03228505	1418211.1192790016
48382096.649259575	1403867.882599226
49282495.700405136	1389257.7158442524
50199651.33110079	1374758.1744976952
51133875.38414321	1364014.961205945
52085485.50577665	1353071.8148868112
53054805.25369574	1341925.0147526385
54042164.20705915	1330570.7707712746
55047898.078549676	1319005.2223774246
56072348.82852027	1307224.437160018
57115864.78126434	1295224.4095251437
58178800.74344935	1283001.0593341086
59261518.124755524	1270550.2305161427
60364385.060758635	1257867.6896552914
61487776.53810017	1244949.1245510092
62632074.521986924	1231790.1427519643
63797668.08606282	1220738.8804485542
64984953.54469889	1211064.8813245033
66194334.587743886	1201210.847430664
67426222.41778335	1191173.4282893392
68681035.88995308	1180949.2110698654
69959201.65435374	1170534.7194282264
71261154.30111745	1159926.4123250498
72587336.50817245	1149120.682821615
73938199.19175874	1138113.8568534611
75314201.65974376	1126902.191981164
76715811.76779301	1115481.8761178616
78143506.07844542	1103849.026233108
79597770.02314977	1092391.5624379707
81079098.06731695	1083841.0033749866
82587993.87844272	1075131.316952912
84124970.49736118	1066259.5417845175
85690550.51268347	1057222.661370653
87285266.2384837	1048017.6030746084
88909659.89529167	1038641.2370773769
90564283.79445294	1029090.3753134935
92249700.52592173	1019361.770387048
93966483.1495469	1009452.1144675411
95715215.38991857	999358.0381651848
97496491.83484097	989076.1093852735
99310918.137498	978602.8321612377
101159111.22238298	969886.1398270188
103041699.49505854	962188.9658646461
104959323.05582266	954348.5461851115
106912633.91734771	946362.2149612462
108902296.22637327	938227.2567543832
110928986.48952228	929940.9055910807
112993393.80332193	921500.3440226567
115096220.0885031	912902.7021672305
117238180.32865997	904145.0567339351
119420002.8133535	895224.43002896
121642429.3857368	886137.7889431092
123906215.6947913	876882.0439205049
126212131.45225461	867835.2745013605
128560960.69432965	861033.6457875489
130953502.04826704	854105.4376060356
133390569.00390588	847048.2942913901
135872990.19027063	839859.8163388439
138401609.65731302	832537.5595884371
140977287.16289675	825079.034393979
143600898.46512634	817481.7047765395
146273335.620113	809742.9875621905
148995507.28528506	801860.2515036929
151768339.02834037	793830.8163858512
154592773.64194784	785651.952114209
157469771.46430898	777320.877786789
160400310.70568198	770449.5804677318
163385387.78098568	764327.9750368189
166426017.64859018	758092.4454872076
169523234.15541214	751740.8716716651
172678090.38843593	745271.0939866571
175891659.03277326	738680.9126380614
179165032.73638958	731968.0868932095
182499324.48161504	725130.3343190172
185895667.9635688	718165.3300059348
189355217.9756299	711070.7057774484
192879150.80207777	703844.0493848788
196468664.61804405	696482.9036871849
200124979.8969035	689343.1339451642
203849339.82524642	683934.5890833627
207643010.7255779	678425.3902813873
211507282.48687947	672813.6643522852
215443469.00318778	667097.5032487735
219452908.62033114	661274.9634144853
223536964.59097964	655344.0651231415
227697025.53816846	649302.7918054181
231934505.92744273	643149.0893632936
236250846.547794	636880.8654716323
240647515.00154215	630495.9888667702
245126006.20333397	623992.2886218665
249687842.8884332	617367.5534087616
254334576.13046482	611953.079569755
259067785.8688001	607085.8642640463
263889081.44575077	602128.0692533117
268800102.15376073	597078.0088338287
273802517.7927863	591933.9659306415
278898029.23804396	586694.1915137372
284088369.0183295	581356.9040033557
289375301.9050947	575920.2886642329
294760625.51248586	570382.4969885768
300246170.90855557	564741.6460675481
305833803.23784316	558995.8179510558
311525422.35554785	553143.0589956291
317322963.4734973	547510.1485955231
323228397.81813806	543210.2843995744
329243733.30077755	538830.3989992917
335371015.2002929	534369.0031864471
341612326.8585518	529824.5800383921
347969790.3887688	525195.5844022903
354445567.3970435	520480.44236974913
361041859.71733445	515677.55074167275
367760910.160103	510785.2764831583
374605003.2748981	505801.9561682432
381576466.1271245	500725.8954143248
388677669.0892668	495555.3683060537
395911026.6468467	490288.61680850177
403278998.21937054	486023.24742247065
410784088.99656343	482154.0305495973
418428850.79015756	478212.80689234834
426215882.9015325	474198.23639221536
434147833.0055101	470108.95405197167
442227398.0505897	465943.56947156135
450457325.17594445	461700.6663753442
458840412.64547515	457378.80213055026
467379510.7992463	452976.50725676963
476077523.0226378	448492.28492631146
484937406.7335233	443924.61045526696
493962174.38783056	439271.93078509957
503154894.5038046	434828.84056221007
512518692.70533323	431410.8347691422
522056752.7846986	427929.2193066712
531772317.7850967	424382.8103880265
541668691.1033136	420770.40219596325
551749237.6129117	417090.76647277205
562017384.8083187	413342.65210266045
572476623.970219	409524.7846863568
583130511.3526218	405635.86610780354
593982669.3920338	401674.5740927808
605036787.9391212	397639.5617593203
616296625.5132942	393529.4571597525
627766010.5806513	389342.8628142278
639448842.8556936	385983.3742473607
651349094.6272782	382907.8253730383
663470812.1092337	379775.0400108408
675818116.816111	376583.9529799909
688395206.964551	373333.4792765144
701206358.9007177	370022.5137043292
714255928.5543104	366649.93049946515
727548352.9196217	363214.5829472929
741088151.5641569	359715.30299262935
754879928.1653446	356150.9008425862
768928372.0758306	352520.16456202744
783238259.9179205	348821.859661495
797814457.2076613	345317.80871532107
812661920.0091946	342601.0016798206
827785696.619849	339833.63440310844
843190929.286625	337014.7659504934
858882855.9546258	334143.43787632725
874866812.0479896	331218.67389812757
891148232.2840202	328239.479564627
907732652.5210242	325204.8419176524
924625711.6405733	322113.7291477065
941833153.4647961	318965.09024314006
959360828.7093127	315757.8546328003
977214696.9725724	312490.93182202143
995400828.7621539	309163.2110218473
1013925407.5588143	306517.5900564627
1032794731.9189526	304073.03873722337
1052015217.6161569	301582.99390197865
1071593399.8226712	299046.60890865355
1091535935.3313932	296463.0213590213
1111849604.81927	293831.3528054784
1132541315.1528125	291150.7084523592
1153618101.736476	288420.1768517016
1175087130.9048076	285638.8295933386
1196955702.3590453	282805.72098923475
1219231251.6491096	279919.8877519386
1241921352.7017846	276980.3486670545
1265033720.3959012	274217.1749183186
1288576213.185518	272057.79370136006
1312556835.7718453	269858.22603252216
1336983741.8249452	267617.7240350982
1361865236.7560828	265335.5259142668
1387209780.541618	263010.85569807765
1413025990.5995336	260642.92297360807
1439322644.7194095	258230.92261821835
1466108684.0469828	255774.03452579904
1493393216.1242533	253271.42332792492
1521185517.9861019	250722.23810982483
1549495039.3146317	248125.6121210562
1578331405.6521199	245480.66248080516
1607704421.673822	243397.44353699585
1637624074.521689	241454.4705644595
1668100537.2000556	239475.3385342963
1699144172.0346258	237459.37452029006
1730765534.1957276	235405.89307295484
1762975375.2872038	233314.19598647318
1795784647.0020967	231183.57206129667
1829204504.8462899	229013.29686233483
1863246311.9315598	226802.63247263446
1897921642.8391032	224550.8272424841
1933242287.5550432	222257.11553384294
1969220255.4791734	219920.7174600148
2005867779.5082297	217741.94294241845
2043197320.1952705	216025.62890279785
2081221569.9863415	214277.37396685878
2119953457.536069	212496.58370908623
2159406152.1035676	210682.6526416041
2199593068.0300703	208834.96400830525
2240527869.3000183	206952.889575145
2282224474.1869006	205035.78941653762
2324697059.9856453	203083.0116977728
2367960067.833079	201093.89245338435
2412028207.618002	199067.7553613981
2456916462.98279	197003.91151337
2502640096.4179215	194901.6591801548
2549214654.4514203	193261.4226085538
2596655972.934872	191717.10502489633
2644980182.4277143	190144.0474282324
2694203713.6818824	188541.71496202896
2744343303.2283683	186909.5628159832
2795415999.067865	185247.03604077897
2847439166.4672475	183553.5693593997
2900430493.8639855	181828.58697492655
2954407998.8803797	180071.50237476185
3009390034.449724	178281.71813120967
3065395295.056536	176458.62569834242
3122442823.0928583	174601.60520509002
3180552015.3329134	172883.72178923516
3239742629.5281954	171519.5420961384
3300034791.1252885	170129.97478683
3361449000.108775	168714.54739345217
3424006137.9714255	167272.7786554403
3487727474.8141704	165804.1783558886
3552634676.5781393	164308.2471548708
3618749812.411284	162784.47641966038
3686095362.1721687	161232.34805178907
3754694224.0733366	159651.33431088796
3824569722.4669914	158040.8976352499
3895745615.775501	156400.4904590524
3968246104.5694857	154729.55502618075
4042095839.796318	153438.17983835057
4117319931.1616793	152210.68696983645
4193943955.6671777	150960.350250174
4271993966.306777	149686.7445514062
4351496500.925055	148389.43683387252
4432478591.24041	147067.985998971
4514967772.036101	145721.9427391794
4598992090.5224285	144350.84938528587
4684580115.873045	142954.23975077638
4771760948.938751	141531.63897332712
4860564232.142149	140082.56335334558
4951020159.556351	138606.52018950752
5043159487.171348	137252.07149109757
5137013543.351338	136167.7347409601
5232614239.486667	135063.21829939625
5329994080.844104	133938.1466189148
5429186177.618942	132792.1371630221
5530224256.192888	131624.80027615494
5633142670.601352	130435.7390511936
5737976414.21414	129224.54919450985
5844761131.633649	127990.81888850199
5953533130.81437	126734.12865157305
6064329395.408049	125454.05119550148
6177187597.338489	124150.15128015936
6292146109.610351	122821.98556552628
6409244019.35647	121805.30780338489
6528521141.127848	120829.58876552846
6650018030.431105	119835.71143035313
6773775997.517745	118823.33786885571
6899837121.430025	117792.12386311746
7028244264.308367	116741.7187892652
7159041085.964888	115671.76549825614
7292272058.728297	114581.90019444238
7427982482.56491	113471.75231187738
7566218500.481063	112340.94438831948
7707027114.212319	111189.09193689041
7850456200.204509	110015.80331534606
7996554525.892329	108947.9045982761
8145371766.280737	108085.94585666248
8296958520.834915	107207.94591620003
8451366330.684739	106313.6062474487
8608647696.149244	105402.62276528482
8768856094.587408	104474.68572550855
8932045998.58096	103529.47961952785
9098272894.455566	102566.68306708246
9267593301.146902	101585.96870697034
9440064789.417603	100587.00308574238
9615746001.432076	99569.4465443234
9794696670.695385	98532.95310252513
9976977642.36321	97477.17034140934
10162650893.929972	96676.76112618233
10351779556.301762	95901.10847332202
10544427935.261662	95111.02079260997
10740661533.334322	94306.22944572158
10940547072.057436	93486.46079492752
11144152514.667904	92651.43611005368
11351547089.20999	91800.87147371011
11562801312.07373	90934.47768475543
11777987011.97118	90051.96015996614
11997177354.358854	89153.01883387483
12220446866.314913	88237.34805674471
12447871461.879063	87304.6364906456
12679528467.864315	86462.64051494567
12915496650.148827	85777.38343891504
13155856240.457052	85079.37361209886
13400688963.639534	84368.37370363514
13650078065.460136	83644.14196589413
13904108340.900667	82906.43215228147
14162866162.991974	82154.99343351151
14426439512.181587	81389.57031232349
14694918006.248201	80609.9025366088
14968392930.772554	79815.72501092317
15246957270.1757	79006.76770635041
15530705739.334583	78182.75556869048
15819734815.786015	77343.40842493816
16114142772.530231	76713.2413281553
16414029711.444664	76096.5555812663
16719497597.31985	75468.39320769481
17030650292.528427	74828.54062546552
17347593592.339325	74176.78027780616
17670435260.889503	73512.89055917597
17999285067.824764	72836.64573991741
18334254825.62285	72147.81588950538
18675458427.61074	71446.16679836846
19023011886.689457	70731.45989825572
19377033374.77993	70003.45218112024
19737643263.002552	69261.89611649417
20104964162.604927	68597.968155961
20479120966.650833	68053.10720027071
20860240892.485046	67498.10628948365
21248453524.988873	66932.77671731013
21643890860.6402	66356.92626560437
22046687352.394028	65770.35913900801
22456979955.397717	65172.875898377635
22874908173.55704	64564.273392973766
23300614106.96929	63944.344691386985
23734242500.23866	63312.87901117925
24175940791.69123	62669.6616472152
24625859163.505444	62014.473898660326
25084150592.775414	61347.092994620754
25550970903.525124	60850.914211839205
26026478819.690044	60360.527453586474
26510836019.085308	59861.014514320406
27004207188.377697	59352.2055542594
27506760079.080673	58833.92757287475
28018665564.59201	58306.00435006842
28540097698.292374	57768.25638625652
29071233772.725693	57220.50084133704
29612254379.880314	56662.55147252262
30163343472.591972	56094.2185710161
30724688427.090096	55515.308897507355
31296480106.707504	54925.62561646979
31878912926.77636	54402.03841546651
32472184920.731255	53968.71537565011
33076497807.442425	53527.32812033017
33692057059.802742	53077.72657308406
34319071974.590427	52619.75786454145
34957755743.632645	52153.2662804067
35608325526.29274	51678.093208514816
36271002523.30648	51194.07708490145
36946012051.993095	50701.05333886941
37633583622.865326	50198.85433703289
38333951017.6659	49687.30932632004
39047352368.85556	49166.24437591527
39774030240.58036	48635.48231812114
40514231711.14655	48244.73624742752
41268208457.02952	47854.68043992151
42036216838.44701	47457.365627467494
42818517986.52406	47052.656718748134
43615377892.080055	46640.416108373895
44427067496.06892	46220.50363009536
45253862781.70167	45792.77650914556
46096044868.284195	45357.08931369454
46953900106.80053	44913.29390540129
47827720177.27485	44461.23938904526
48717802187.94641	44000.77206122008
49624448776.28914	43531.73535807291
50547968211.912254	43118.73255445453
51488674501.37487	42774.00572889834
52446887494.95119	42422.863478461215
53422932995.38363	42065.18641099452
54417142868.658875	41700.852912441434
55429855156.84652	41329.739105486784
56461414193.036606	40951.71880743734
57512170718.41614	40566.66348731883
58582482001.525475	40174.44222217341
59672711959.7331	39774.92165254495
60783231282.972115	39367.96593713491
61914417559.77835	38953.43670661502
63066655405.67406	38531.193016580575
64240336593.94204	38223.38461686174
65435860188.83229	37913.01257227449
66653632681.24893	37596.86445112581
67894068126.96099	37274.832759647994
69157588287.38525	36946.808003596176
70444622772.99051	36612.67865101883
71755609189.36922	36272.33109433601
73090993286.02888	35925.64961171115
74451229107.95128	35572.516327704645
75836779149.97191	35212.811173195034
77248114514.03416	34846.411844554015
78685715069.36842	34473.19376206204
80150069615.6538	34147.30038479749
81641676049.21454	33872.923993526434
83161041532.30962	33593.441410927
84708682665.57419	33308.75760990976
86285125663.66887	33018.775794915004
87890906534.19963	32723.397369001
89526571259.96382	32422.521900320386
91192675984.59299	32116.047087971805
92889787201.64516	31803.868727216905
94618481947.21991	31485.880674049407
96379347996.15794	31161.974809104817
98172984061.88821	30832.041000899164
100000000000.0	30495.967068382535
