# Frequency (Hz)	Imaginary Part (Ohm/m)
1000.0	19349728.046941683
1018.6101701559753	19273501.252047084
1037.566678745186	19195855.86352904
1056.875971184804	19116765.481118858
1076.5446128423157	19036203.213234324
1096.5792912678098	18954141.6678363
1116.9868184678226	18870552.943115156
1137.7741332214914	18785408.618003838
1158.9483034398106	18698679.742514376
1180.5165285688054	18610336.827894613
1202.4861420374123	18520349.83660171
1224.8646137509306	18428688.17208902
1247.6595526308697	18335320.668402974
1270.8787092020582	18250240.363687146
1294.529978227916	18173200.786005314
1318.6214013947485	18094727.488674074
1343.1611700460153	18014793.789926812
1368.1576279674719	17933372.511444643
1393.619274224142	17850435.969115626
1419.5547660501015	17765955.96362171
1445.9729217920194	17679903.770850774
1472.882723907502	17592250.132130068
1500.2933220192183	17502965.244277988
1528.2140360258693	17412018.74947063
1556.654359271062	17319379.7249198
1585.6239617711371	17225515.377339575
1615.132693503091	17149534.033814587
1645.1905877536624	17072138.66455794
1675.807864530767	16993302.954310134
1706.9949340384078	16913000.098080248
1738.7624002162504	16831202.792031914
1771.1210643450886	16747883.224199709
1804.0819287193826	16663013.065032847
1837.6562003881704	16576563.45776271
1871.8552949655793	16488505.008591363
1906.690840512252	16398807.776697263
1942.1746814890264	16307441.264055092
1978.3188827841643	16214374.405066099
2015.1357338155585	16130535.725749806
2052.6377527092523	16054654.973079594
2090.8376905557498	15977362.06669063
2129.748535745521	15898630.726161916
2169.3835183851843	15818434.181989351
2209.756114795903	15736745.16648382
2250.880052095462	15653535.904499853
2292.7693128656488	15568778.103991816
2335.438139906479	15482442.94639427
2378.9010410788933	15394501.07682339
2423.1727942376006	15304922.59409597
2468.2684522556924	15213677.040562678
2514.2033481427966	15121759.1767715
2560.9931002584594	15047801.377883617
2608.6536176225477	14972467.211774072
2657.2011053245064	14895731.064014666
2706.652070033241	14817566.843488341
2757.0233256095826	14737947.973517912
2808.3319988231724	14656847.382829715
2860.5955351757416	14574237.496349057
2913.831704832789	14490090.225824416
2968.0586086656026	14404376.960277168
3023.2946844057765	14317068.556273455
3079.5587129142264	14228135.32801518
3136.8698245668766	14137547.037246509
3195.2475057592133	14056916.319283044
3254.711605531848	13983924.918122662
3315.282342319423	13909575.134566769
3376.9803108250912	13833841.688887823
3439.8264890229243	13756698.830898311
3503.8422452906757	13678120.331195284
3569.0493456752292	13598079.472242188
3635.4699612933177	13516549.03928455
3703.126675869927	13433501.311096665
3772.0424934169973	13348908.050556146
3842.240846055061	13262740.495042916
3913.745601980384	13174969.34665966
3986.581073580439	13087107.057127599
4060.7720257003657	13016807.702049788
4136.343684063274	12945200.064012125
4213.321743847289	12872259.795646114
4291.732378422157	12797962.096474592
4371.602248248501	12722281.70447928
4452.958509942655	12645192.88751147
4535.828825510186	12566669.434542775
4620.241371751313	12486684.646753086
4706.224849841281	12405211.328452745
4793.808495089106	12322221.777835663
4883.02208687788	12237687.77756043
4973.895958790063	12151580.58515611
5066.461008921268	12075909.497203449
5160.7487103859075	12007361.043194694
5256.791122018419	11937536.89079291
5354.620899273607	11866413.299033927
5454.271305329836	11793966.085130205
5555.7762223988775	11720170.616248408
5659.170163246242	11645001.801133988
5764.488282925873	11568434.081579862
5871.766390733255	11490441.423736373
5981.040962380945	11410997.309259502
6092.349152400711	11330074.726294335
6205.7288067765	11247646.160290714
6321.218475812449	11165694.055650705
6438.8574272404185	11100478.838313954
6558.685659571435	11034049.9546858
6680.743915695614	10966384.818230072
6805.073696735206	10897460.42207127
6931.717276155407	10827253.331172043
7060.717714137772	10755739.674365047
7192.118872221193	10682895.136236366
7325.96542821523	10608694.948858202
7462.302891391108	10533113.88336732
7601.17761795533	10456126.241387073
7742.636826811269	10377705.846289674
7886.728615614156	10297826.034295816
8033.501977124735	10228575.372423748
8183.00681586739	10165771.96686432
8335.293965098195	10101799.779241057
8490.415204088747	10036637.058320872
8648.423275731726	9970261.648076536
8809.37190447399	9902650.980153387
8973.31581458352	9833782.066195821
9140.310748756232	9763631.49003105
9310.413487069076	9692175.399707314
9483.681866285926	9619389.499383971
9660.174799522645	9545249.041070657
9839.952296278227	9469728.816212693
10023.075482838643	9395197.559130693
10209.606623060476	9336195.5689924
10399.609139541202	9276095.541778103
10593.1476351837	9214877.042830968
10790.287915161836	9152519.257201727
10991.097009294961	9089000.98257138
11195.643194838794	9024300.622042142
11403.99601970033	8958396.176794307
11616.22632608502	8891265.238606375
11832.40627458378	8822884.982236037
12052.609368708414	8753232.157659337
12276.910479883603	8682283.082165416
12505.385872903913	8610013.632304149
12738.113231864783	8548252.170134608
12975.171686575868	8492143.618049737
13216.641839466038	8434990.876263367
13462.60579298911	8376774.512227466
13713.147177539455	8317474.731751002
13968.351179887397	8257071.372269655
14228.30457214352	8195543.89599037
14493.09574126215	8132871.38290826
14762.81471909391	8069032.523693579
15037.553212997384	8004005.612446361
15317.404637020798	7937768.539316114
15602.46414366368	7870298.782984276
15892.828656229764	7804236.582466985
16188.596901781993	7752176.223382993
16489.86944471065	7699147.012158068
16796.74872092653	7645130.918289014
17109.339072690134	7590109.575721889
17427.746784089173	7534064.276607385
17752.08011717636	7476975.96493991
18082.44934877952	7418825.230078394
18418.96680799711	7359592.300146408
18761.746914391195	7299257.035309551
19110.90621689136	7237798.920927674
19466.56343342263	7175197.06057968
19828.83949127071	7111430.168958533
20197.857568198782	7057731.304037308
20573.743134329114	7008819.715655788
20956.623994804308	6958997.874291891
21346.630333242454	6908248.839982723
21743.8947560008	6856555.357509812
22148.55233726359	6803899.850532128
22560.74066496859	6750264.415609941
22980.599887588487	6695630.81611746
23408.272761782944	6639980.476042188
23843.904700937208	6583294.473668875
24287.643824604504	6525553.53514594
24739.64100886812	6466738.027932129
25200.049937640895	6409626.264342097
25669.027154919517	6364765.981746289
26146.732118010917	6319070.841658128
26633.327251749808	6272525.307237629
27128.978003724646	6225113.552501564
27633.852900531667	6176819.456942463
28148.123605075813	6127626.600047478
28671.964974937695	6077518.255715225
29205.55512182745	6026477.386568708
29749.075472144435	5974486.638162463
30302.71082866393	5921528.333081856
30866.649433372742	5867584.464932514
31441.08303147265	5812636.692218042
32026.206936576502	5767036.745884955
32622.220097116733	5725345.636241777
33229.325163989684	5682878.647954158
33847.72855945983	5639621.341788486
34477.640547344636	5595559.009794586
35119.275304507275	5550676.67030481
35772.850993678774	5504959.062840127
36438.58983763541	5458390.642921409
37116.71819475767	5410955.576784102
37807.466635993485	5362637.735994625
38511.070023255685	5313420.691966486
39227.76758927723	5263287.7103744
39957.803018952654	5215022.595181039
40701.42453219439	5177166.525277615
41458.88496832911	5138605.947471856
42230.441872066716	5099327.750751822
43016.35758106799	5059318.580107401
43816.89931514194	5018564.831989493
44632.33926710397	4977052.649684617
45462.95469532399	4934767.918603504
46309.02801799736	4891696.261481967
47170.84690917023	4847823.033492496
48048.704396551344	4803133.317264856
48942.89896114532	4757611.917813993
49853.73463873894	4711243.357373614
50781.5211232767	4673302.740588142
51726.57387216024	4638439.691629756
52689.21421350677	4602927.835398106
53669.76945540476	4566755.097479429
54668.57299720181	4529909.178753077
55685.96444286408	4492377.551209677
56722.28971644549	4454147.453691455
57777.90117970507	4415205.887553345
58853.1577519145	4375539.612243268
59948.42503189408	4335135.140800213
61064.07542232036	4293978.735268542
62200.48825634718	4252056.402026915
63358.04992658254	4212045.0891140895
64537.15401646702	4180644.7833027286
65738.20143409586	4148660.1124572684
66961.60054853215	4116080.201444992
68207.76732865692	4082893.972745108
69477.1254846024	4049090.142682286
70770.10661181889	4014657.2175900713
72087.15033782135	3979583.489902924
73428.70447166759	3943857.0341755133
74795.22515621828	3907465.7030279413
76187.17702322999	3870397.123015513
77605.0333513357	3832638.6904216167
79049.2762269642	3794177.5669723223
80520.39670825469	3763124.630571221
82018.8949920221	3734412.133965145
83545.28058382872	3705165.2929116283
85100.07247122246	3675374.163169583
86683.79930019773	3645028.615433897
88296.99955494082	3614118.331891375
89940.22174092053	3582632.8027125527
91614.0245713852	3550561.322478268
93318.9771573324	3517892.9865396656
95055.65920101192	3484616.687310535
96824.66119303115	3450721.1104905885
98626.5846131283	3416194.731218485
100462.04213468132	3383527.184225241
102331.65783302448	3357825.369099761
104236.06739764012	3331645.2388214823
106175.9183482999	3304977.8918640176
108151.87025522892	3277814.2610420613
110164.59496336569	3250145.1104284604
112214.77682079801	3221961.0322138662
114303.11291144785	3193252.4435080104
116430.31329208757	3164009.5830814
118597.10123376705	3134222.5080464
120804.21346773289	3103881.090476555
123052.40043592616	3072975.0139629603
125342.42654613995	3041493.770106593
127675.07043192645	3016392.6175564025
130051.12521734099	2993014.1335411007
132471.39878661174	2969200.5719602895
134936.71405883064	2944943.8359464398
137447.90926775365	2920235.6779479417
140005.8382468096	2895067.696924851
142611.37071941295	2869431.3354924377
145265.39259467812	2843317.8770115883
147968.80626863963	2816718.4426250495
150722.53093107554	2789623.9882385256
153527.5028780421	2762025.3014455833
156384.67583022476	2733912.9983953414
159295.0212572123	2707542.547519818
162259.5287078087	2686708.1171110184
165279.2061464897	2665485.954407205
168355.08029612005	2643868.843644401
171488.19698705408	2621849.4347720146
174679.62151272455	2599420.240953784
177930.43899185772	2576573.636022133
181241.75473742394	2553301.851885215
184614.69463245454	2529596.975885682
188050.40551285836	2505450.9481102657
191550.0555573528	2480855.55864936
195114.83468466165	2455802.4448055346
198745.9549580986	2430283.088250136
202444.65099768018	2410173.676830431
206212.18039991445	2391292.6990263844
210049.8241653915	2372060.3430126933
213958.88713434213	2352470.069581089
217940.6984302958	2332515.217827518
221996.61191199525	2312189.002887381
226128.00663372793	2291484.5136285755
230336.2873142131	2270394.710301673
234622.88481422624	2248912.4221463013
238989.25662310526	2227030.3449530164
243436.8873543108	2204741.0385798034
247967.289250216	2182036.92442232
252582.00269627848	2160920.684321719
257282.59674479323	2144145.8786432054
262070.66964838552	2127058.890976679
266947.8494034318	2109653.9115622295
271915.7943036019	2091925.0225193116
276976.1935036891	2073866.1958346309
282130.76759394706	2055471.291312531
287381.2691851069	2036734.0544872698
292729.4835042813	2017648.114496442
298177.22900196735	1998206.9819147936
303726.3579703311	1978404.046547778
309378.75717301364	1958232.5751839948
315136.34848664823	1937685.7093058329
321001.08955431683	1921674.516939767
326974.97445117676	1906510.7909663264
333060.03436245886	1891064.8654723233
339258.33827409917	1875331.4886766593
345571.9936762143	1859305.311061699
352003.1472796675	1842980.883554378
358553.9857459817	1826352.655673443
365226.7364308175	1809414.9736422535
372023.6681413066	1792162.0784664154
378947.09190746717	1774588.103975671
385999.36176797637	1756687.0748293393
393182.87557057705	1738452.904484624
400500.07578736113	1721637.0259440278
407953.45034524484	1708192.4998233882
415545.53347188793	1694497.7687839742
423278.90655735444	1680548.1764696802
431156.19903182285	1666338.9798688083
439180.0892596086	1651865.347701415
447353.3054498463	1637122.3587766117
455678.6265841068	1622105.0003193086
464158.8833612772	1606808.1662658255
472796.9591600391	1591226.655527755
481595.79101923504	1575355.1702235644
490558.37063650455	1559188.313877235
499687.7453854889	1542720.58958341
508987.0193519675	1530025.1326832555
518459.3543892913	1517892.1300871233
528107.971193433	1505533.3302481752
537936.1503980698	1492944.5310413006
547947.2336900292	1480121.4521391245
558144.6249454955	1467059.7335566585
568531.7913873753	1453754.9341688405
579112.2647641759	1440202.5302005264
589889.6425508494	1426397.9136883388
600867.5891719692	1412336.3909139195
612049.837247669	1398013.1808080194
623440.1888627863	1383423.4133248655
635042.5168595961	1370081.3230297945
646860.7661546321	1359338.4403436193
658898.9550799957	1348395.630782686
671161.1767496272	1337249.1736738433
683651.6004510238	1325895.2791015655
696374.4730628222	1314330.0866193657
709334.1204987989	1302549.6639371861
722534.9491787221	1290550.0055843804
735981.4475265755	1278327.031547818
749678.1874966878	1265876.5858846202
763629.8261282243	1253194.4353091144
777841.1071286482	1240276.267753454
792316.8624866261	1227117.690901478
807062.0141149492	1217078.8231469681
822081.575524054	1207394.4772789397
837380.6535266489	1197529.9040864585
852964.4499741016	1187481.7495083495
868838.2635251193	1177246.597063788
885007.4914473438	1166820.9666906605
901477.6314524917	1156201.3135623066
918254.2835656281	1145384.0268822364
935343.1520292377	1134365.4286564244
952750.0472427299	1123141.7724427478
970480.8877380306	1111709.2420771644
988541.7021919573	1100063.9503761642
1006938.6314760271	1089503.6287057868
1025677.9307444209	1080936.3644075599
1044765.9715608053	1072209.6618629713
1064209.2440647245	1063320.5538991285
1084014.359178331	1054266.0181235431
1104188.0508541602	1045042.975896491
1124737.1783647507	1035648.2912842378
1145668.7286348727	1026078.7699927874
1166989.8186171474	1016331.1582817934
1188707.6977119034	1006402.1418582432
1210829.7502320393	996288.3447495693
1233363.4979137746	985986.3281557797
1256316.6024741214	975492.5892802294
1279696.8682159416	967568.6416785477
1303512.2446815087	959850.9736282333
1327770.829355429	951989.6784622954
1352480.8704178738	943982.0832556731
1377650.769549055	935825.4653397141
1403289.084785873	927517.0513764435
1429404.533431761	919054.0164155897
1456005.9950206485	910433.4829340789
1483102.514336103	901652.5198576414
1510703.3044866556	892708.1415642173
1538817.7500383465	883597.306868814
1567455.410205595	874316.9179894662
1596626.022101425	865971.5866078491
1626339.5040481905	859147.9925490689
1656605.9589499151	852197.4102437786
1687435.6777273756	845117.4764191046
1718839.1428171454	837905.7838212608
1750827.0317357269	830559.880397057
1783410.220710006	823077.2684601818
1816599.7883753285	815455.4038419479
1850407.019542302	807691.6950262641
1884843.4090337954	799783.5022684789
1919920.6655932867	791728.1366978437
1955650.715865947	783522.8594032729
1992045.7084538713	775164.8805020712
2029118.0180466783	768917.6723806148
2066880.2496290822	762773.5303565338
2105345.242766708	756515.044803922
2144526.0759716653	750140.0877702578
2184436.0711494284	743646.4917014593
2225088.7981283693	737032.0487048969
2266498.079273693	730294.5097986814
2308677.994187172	723431.584146988
2351642.884494346	716440.9382811507
2395407.358720879	709320.1953062479
2439986.29725955	702066.9340929459
2485394.857429798	694678.6884542791
2531648.478631358	688090.5795398005
2578762.8875937983	682660.179625414
2626754.1037238385	677128.7190446048
2675638.4445520453	671494.3170411761
2725432.531281028	665755.0578577366
2776153.2944368036	659908.9900843236
2827817.979625338	653954.1259949049
2880444.1533962977	647888.4408715253
2934049.709215787	641709.8723158876
2988652.873550383	635416.3195481093
3044272.2120643063	629005.642692436
3100926.6359319235	622475.6620496655
3158635.408267819	615824.1573560163
3217418.1506763715	610902.7434098094
3277294.849923382	606014.4760495505
3338285.8647317644	601035.2372019487
3400411.9327037027	595963.3338721467
3463694.1773717343	590797.0415583615
3528154.1153808828	585534.6036655419
3593813.6638046256	580174.2309081013
3660695.147596906	574714.1007015449
3728821.30718283	569152.3565427718
3798215.306190736	563487.1073788389
3868900.7393279755	557716.4269639896
3940901.6404034477	551838.3532047044
4014242.490499326	546641.0057262081
4088948.226294856	542321.5809088175
4165044.248545185	537921.7708605984
4242556.430717777	533440.0795987283
4321511.127789762	528874.9832998886
4401935.1852088785	524224.9297821483
4483855.948021181	519488.33797720965
4567301.270168747	514663.59739282035
4652299.523960189	509749.0675651979
4738879.609717651	504743.0775012466
4827070.965603188	499643.92511040583
4916903.577628021	494449.87662592105
5008407.989848212	489159.1660153406
5101615.314749833	485284.2483201576
5196557.243827657	481396.7603809753
5293266.058360566	477436.9256297653
5391774.640387494	473403.39768004627
5492116.483887789	469294.8050888534
5594325.706169377	465109.7508904376
5698437.0594691355	460846.81212127703
5804485.942768984	456504.5393362574
5912508.413831869	452081.45611584565
6022541.201461928	447576.0585640873
6134621.717992506	442986.81479727075
6248788.072006888	438312.1644230668
6365079.081295578	434213.8593831763
6483534.286054714	430779.24210246286
6604193.962330305	427280.7060097342
6727099.135712336	423717.06156502326
6852291.595284057	420087.09709082096
6979813.907830667	416389.57836009323
7109709.432312423	412623.2481766324
7242022.334607315	408786.825947593
7376797.60252773	404879.0072480814
7514081.061116962	400898.4633776334
7653919.388230155	396843.84090844245
7796360.130405221	392713.76122518245
7941451.71902934	388506.8200562584
8089243.486805938	385456.9921398008
8239785.684528512	382366.1890952426
8393129.498166373	379217.86568010616
8549327.066268368	376010.95143050875
8708431.497690724	372744.35596104997
8870496.889654402	369416.9685940744
9035578.34613892	366027.6579820243
9203731.99661823	362575.2717227725
9375015.01514529	359058.6359677918
9549485.639791967	355476.55502303457
9727203.192450536	351827.81094238296
9908228.099003786	348111.1631135348
10092621.909870483	344880.50437725167
10280447.320933098	342150.02103915194
10471768.194855202	339368.7229415223
10666649.582795387	336535.66441304144
10865157.746525371	333649.8821832835
11067360.180959744	330710.3950551964
11273325.63710487	327716.2035714846
11483124.14543511	324666.28967478155
11696827.039703846	321559.6163614996
11914506.981197748	318395.12732923834
12136237.983442418	315171.7466176298
12362095.437367693	311888.3782425011
12592156.13694151	308556.2229720253
12826498.3052806	306144.13051476266
13065201.621247198	303687.1486064382
13308347.24654076	301184.4418467296
13556017.853293689	298635.15928837244
13808297.652180923	296038.4341478286
14065272.421052363	293393.3835105708
14327029.534098294	290699.1080308826
14593657.991557576	287954.69162607007
14865248.449978571	285159.20116498537
15141893.25304352	282311.6861507505
15423686.462966273	279411.1783975791
15710723.892474487	276456.6917015823
16003103.137387017	273910.5565691825
16300923.609797413	271740.12768473447
16604286.571875297	269529.3067494354
16913295.17029647	267277.3420603459
17228054.471313924	264983.4679252074
17548671.49648152	262646.9044020972
17875255.259042352	260266.8570342421
18207916.800994623	257842.51657989182
18546769.230846975	255373.05873717004
18891927.762076646	252857.64386380214
19243509.75230332	250295.41669162782
19601634.743191857	247685.50603580143
19966424.501097932	245056.39307298444
20338003.0584698	243139.13418152143
20716496.75602067	241186.19477585523
21102034.285685964	239196.91083554496
21494746.734379806	237170.6059826174
21894767.628566206	235106.59125158878
22302232.979659364	233004.16485521142
22717281.330269028	230862.61194585697
23140053.80130654	228681.20437246127
23570694.139967278	226459.20043294536
24009348.76860652	224195.84462202777
24456166.83452444	221890.3673743455
24911300.26067791	219541.98480279287
25374903.797335718	217535.6620493543
25847135.07469564	215810.54894967467
26328154.656480197	214053.3312016715
26818126.094530128	212263.4113323771
27317215.98441379	210440.18074974927
27825594.022071257	208583.01953574535
28343433.061513092	206691.29623554184
28870909.173592344	204764.36764283336
29408201.705870606	202801.57858113621
29955493.34359816	200802.26168102052
30512970.171828706	198765.73715319808
31080821.738690637	196691.31255738597
31659241.119835205	194617.1807430675
32248424.98408439	193093.33313142284
32848573.66030047	191541.12645643344
33459891.20549975	189960.03295110553
34082585.47423452	188349.51502661078
34716868.189265594	186709.0250895022
35362955.013550386	185038.0053555247
36021065.62357073	183335.88765996377
36691423.78402494	181602.093264463
37374257.42391064	179836.03266024677
38069798.71402284	178037.10536768002
38778284.14589453	176204.69973210047
39499954.61220647	174338.1927158478
40235055.48869293	172757.43442177543
40983836.717572615	171386.33154813133
41746552.89253134	169989.7122167073
42523463.34528677	168567.1015618824
43314832.23376403	167118.0158807052
44120928.631911896	165641.96246843098
44942026.62119142	164138.43945099498
45778405.38376616	162606.9356143711
46630349.29742726	161046.93023075312
47498148.03228505	159457.89288150164
48382096.649259575	157839.28327679646
49282495.700405136	156190.55107193164
50199651.33110079	154554.40932625037
51133875.38414321	153343.28642943013
52085485.50577665	152109.62432942004
53054805.25369574	150853.00356781387
54042164.20705915	149572.99688001268
55047898.078549676	148269.16904995075
56072348.82852027	146941.0767621173
57115864.78126434	145588.26845082417
58178800.74344935	144210.28414666976
59261518.124755524	142806.6553201427
60364385.060758635	141376.90472231814
61487776.53810017	139920.5462225874
62632074.521986924	138437.08464336843
63797668.08606282	137191.74925721795
64984953.54469889	136102.0340579164
66194334.587743886	134992.0390733342
67426222.41778335	133861.38689321678
68681035.88995308	132709.69308363987
69959201.65435374	131536.56605629934
71261154.30111745	130341.6069353655
72587336.50817245	129124.40942186158
73938199.19175874	127884.55965551779
75314201.65974376	126621.63607405468
76715811.76779301	125335.20926984648
78143506.07844542	124024.84184391875
79597770.02314977	122734.29775162661
81079098.06731695	121771.73445114787
82587993.87844272	120791.25768386152
84124970.49736118	119792.53407710187
85690550.51268347	118775.22405408171
87285266.2384837	117738.9817184317
88909659.89529167	116683.45473659235
90564283.79445294	115608.2842180169
92249700.52592173	114513.10459314403
93966483.1495469	113397.54348910094
95715215.38991857	112261.2216030922
97496491.83484097	111103.75257343274
99310918.137498	109924.74284818121
101159111.22238298	108943.73797958596
103041699.49505854	108077.66614019772
104959323.05582266	107195.47655651098
106912633.91734771	106296.86927456202
108902296.22637327	105381.53875819253
110928986.48952228	104449.17378516473
112993393.80332193	103499.45734134139
115096220.0885031	102532.06651289834
117238180.32865997	101546.67237653064
119420002.8133535	100542.93988761444
121642429.3857368	99520.52776628868
123906215.6947913	98479.08838141547
126212131.45225461	97461.20184692218
128560960.69432965	96696.18394730905
130953502.04826704	95916.92893441174
133390569.00390588	95123.17185312971
135872990.19027063	94314.64281750249
138401609.65731302	93491.06691894603
140977287.16289675	92652.16413278102
143600898.46512634	91797.64922302126
146273335.620113	90927.23164539017
148995507.28528506	90040.61544853264
151768339.02834037	89137.49917338837
154592773.64194784	88217.57575069304
157469771.46430898	87280.53239657076
160400310.70568198	86507.8051945874
163385387.78098568	85819.47133194144
166426017.64859018	85118.32745898736
169523234.15541214	84404.13517925375
172678090.38843593	83676.65165967023
175891659.03277326	82935.62954800177
179165032.73638958	82180.81688874582
182499324.48161504	81411.95703746505
185895667.9635688	80628.78857352588
189355217.9756299	79831.04521121195
192879150.80207777	79018.4557091848
196468664.61804405	78190.7437782579
200124979.8969035	77387.94502371317
203849339.82524642	76779.920217571
207643010.7255779	76160.57996632747
211507282.48687947	75529.71368762403
215443469.00318778	74887.1068801282
219452908.62033114	74232.54105060136
223536964.59097964	73565.7936396087
227697025.53816846	72886.63794584644
231934505.92744273	72194.84304906103
236250846.547794	71490.17373153342
240647515.00154215	70772.39039810274
245126006.20333397	70041.24899470177
249687842.8884332	69296.50092537547
254334576.13046482	68687.8652332055
259067785.8688001	68140.78003594364
263889081.44575077	67583.51349007084
268800102.15376073	67015.876118957
273802517.7927863	66437.67491977992
278898029.23804396	65848.71329790185
284088369.0183295	65248.791000025354
289375301.9050947	64637.7040461048
294760625.51248586	64015.24465999172
300246170.90855557	63381.20119878791
305833803.23784316	62735.35808088494
311525422.35554785	62077.495712663724
317322963.4734973	61444.353881540614
323228397.81813806	60961.08919993636
329243733.30077755	60468.83088037712
335371015.2002929	59967.41154973024
341612326.8585518	59456.66072002057
347969790.3887688	58936.40473046256
354445567.3970435	58406.466688414206
361041859.71733445	57866.66640923121
367760910.160103	57316.820355002514
374605003.2748981	56756.74157214503
381576466.1271245	56186.239627837655
388677669.0892668	55605.12054527245
395911026.6468467	55013.186737699805
403278998.21937054	54533.81604116071
410784088.99656343	54098.97690689011
418428850.79015756	53656.04534234013
426215882.9015325	53204.87074600649
434147833.0055101	52745.29971366495
442227398.0505897	52277.17598621293
450457325.17594445	51800.34039653896
458840412.64547515	51314.630815404635
467379510.7992463	50819.882096319
476077523.0226378	50315.92601938672
484937406.7335233	49802.59123411174
493962174.38783056	49279.70320113578
503154894.5038046	48780.371115035865
512518692.70533323	48396.24761974221
522056752.7846986	48004.97552084023
531772317.7850967	47606.42178160049
541668691.1033136	47200.45088945719
551749237.6129117	46786.92480993264
562017384.8083187	46365.70293970424
572476623.970219	45936.64205879742
583130511.3526218	45499.596281889775
593982669.3920338	45054.417008707926
605036787.9391212	44600.952873502174
616296625.5132942	44139.049693580564
627766010.5806513	43668.55041688503
639448842.8556936	43290.998420530224
651349094.6272782	42945.35430328569
663470812.1092337	42593.27769020573
675818116.816111	42234.648871448466
688395206.964551	41869.34590935124
701206358.9007177	41497.24459697101
714255928.5543104	41118.218415852105
727548352.9196217	40732.138493008955
741088151.5641569	40338.87355710786
754879928.1653446	39938.289893833266
768928372.0758306	39530.251300423515
783238259.9179205	39114.61903936013
797814457.2076613	38720.81398474442
812661920.0091946	38415.47015018931
827785696.619849	38104.44381491705
843190929.286625	37787.62922662247
858882855.9546258	37464.91866493174
874866812.0479896	37136.202404776894
891148232.2840202	36801.36867908745
907732652.5210242	36460.30364078898
924625711.6405733	36112.89132409359
941833153.4647961	35759.01360507013
959360828.7093127	35398.55016148132
977214696.9725724	35031.378431872254
995400828.7621539	34657.37357389867
1013925407.5588143	34360.01209868559
1032794731.9189526	34085.24248660478
1052015217.6161569	33805.35936528953
1071593399.8226712	33520.26757146275
1091535935.3313932	33229.87017084277
1111849604.81927	32934.06842518447
1132541315.1528125	32632.761758706987
1153618101.736476	32325.847723897277
1175087130.9048076	32013.22196667642
1196955702.3590453	31694.778190918565
1219231251.6491096	31370.408122308807
1241921352.7017846	31040.00147152865
1265033720.3959012	30729.41043277148
1288576213.185518	30486.663348247577
1312556835.7718453	30239.39869917581
1336983741.8249452	29987.532412911303
1361865236.7560828	29730.978852202818
1387209780.541618	29469.650786075483
1413025990.5995336	29203.459360170935
1439322644.7194095	28932.314066536223
1466108684.0469828	28656.12271285006
1493393216.1242533	28374.79139107611
1521185517.9861019	28088.2244455338
1549495039.3146317	27796.324440373824
1578331405.6521199	27498.992126449284
1607704421.673822	27264.779115157424
1637624074.521689	27046.323233378243
1668100537.2000556	26823.801850467637
1699144172.0346258	26597.139306757657
1730765534.1957276	26366.25853454126
1762975375.2872038	26131.08103186823
1795784647.0020967	25891.526835853543
1829204504.8462899	25647.514495489482
1863246311.9315598	25398.96104395104
1897921642.8391032	25145.781970386626
1933242287.5550432	24887.891191183306
1969220255.4791734	24625.20102069727
2005867779.5082297	24380.221557434033
2043197320.1952705	24187.20928590398
2081221569.9863415	23990.60502315855
2119953457.536069	23790.341921630086
2159406152.1035676	23586.351889706166
2199593068.0300703	23378.56556857806
2240527869.3000183	23166.912308657644
2282224474.1869006	22951.32014555603
2324697059.9856453	22731.715775614855
2367960067.833079	22508.02453098202
2412028207.618002	22280.170354224225
2456916462.98279	22048.075772466163
2502640096.4179215	21811.661871049306
2549214654.4514203	21627.16969057142
2596655972.934872	21453.45472645041
2644980182.4277143	21276.506897288513
2694203713.6818824	21096.26603891715
2744343303.2283683	20912.67086750242
2795415999.067865	20725.658958707852
2847439166.4672475	20535.166726469473
2900430493.8639855	20341.12940137574
2954407998.8803797	20143.48100864535
3009390034.449724	19942.154345695202
3065395295.056536	19737.080959290623
3122442823.0928583	19528.19112227062
3180552015.3329134	19334.937415177454
3239742629.5281954	19181.437214163758
3300034791.1252885	19025.08034829022
3361449000.108775	18865.81365453772
3424006137.9714255	18703.582980514337
3487727474.8141704	18538.333166042856
3552634676.5781393	18370.00802440579
3618749812.411284	18198.550323241325
3686095362.1721687	18023.901765083643
3754694224.0733366	17846.00296754118
3824569722.4669914	17664.793443105915
3895745615.775501	17480.211578586983
3968246104.5694857	17292.194614161646
4042095839.796318	17146.843988235687
4117319931.1616793	17008.67163044657
4193943955.6671777	16867.927861568143
4271993966.306777	16724.56482720246
4351496500.925055	16578.53378237316
4432478591.24041	16429.785074951535
4514967772.036101	16278.268128774334
4598992090.5224285	16123.931426447272
4684580115.873045	15966.72249182855
4771760948.938751	15806.587872186532
4860564232.142149	15643.47312002512
4951020159.556351	15477.32277457107
5043159487.171348	15324.841161913304
5137013543.351338	15202.727600405218
5232614239.486667	15078.341484739094
5329994080.844104	14951.640522295387
5429186177.618942	14822.581633381715
5530224256.192888	14691.120936585217
5633142670.601352	14557.213733852474
5737976414.21414	14420.814495291774
5844761131.633649	14281.876843692315
5953533130.81437	14140.353538755544
6064329395.408049	13996.196461032867
6177187597.338489	13849.356595564554
6292146109.610351	13699.784015214182
6409244019.35647	13585.240069970674
6528521141.127848	13475.298919949562
6650018030.431105	13363.311746419417
6773775997.517745	13249.240472534559
6899837121.430025	13133.046312832796
7028244264.308367	13014.689760047853
7159041085.964888	12894.130571676533
7292272058.728297	12771.327756295765
7427982482.56491	12646.239559625088
7566218500.481063	12518.823450329872
7707027114.212319	12389.036105560057
7850456200.204509	12256.83339622001
7996554525.892329	12136.48323012635
8145371766.280737	12039.297454071815
8296958520.834915	11940.303034188162
8451366330.684739	11839.466311305994
8608647696.149244	11736.752999853028
8768856094.587408	11632.128176196646
8932045998.58096	11525.556266769456
9098272894.455566	11417.00103597397
9267593301.146902	11306.425573862065
9440064789.417603	11193.79228358521
9615746001.432076	11079.062868611067
9794696670.695385	10962.198319702342
9976977642.36321	10843.158901653218
10162650893.929972	10752.855017862988
10351779556.301762	10665.333023305478
10544427935.261662	10576.182229536862
10740661533.334322	10485.37232432665
10940547072.057436	10392.87243132863
11144152514.667904	10298.651099582508
11351547089.20999	10202.676292820286
11562801312.07373	10104.915378573536
11777987011.97118	10005.33511707803
11997177354.358854	9903.901649971911
12220446866.314913	9800.580488783437
12447871461.879063	9695.336503204557
12679528467.864315	9600.301559740003
12915496650.148827	9522.908930686379
13155856240.457052	9444.07601163725
13400688963.639534	9363.775998550722
13650078065.460136	9281.981588557146
13904108340.900667	9198.664970675778
14162866162.991974	9113.797816358809
14426439512.181587	9027.351269859335
14694918006.248201	8939.295938420117
14968392930.772554	8849.601882279692
15246957270.1757	8758.238604492515
15530705739.334583	8665.175040559689
15819734815.786015	8570.379547866753
16114142772.530231	8499.142060343338
16414029711.444664	8429.418430010726
16719497597.31985	8358.39723105373
17030650292.528427	8286.054315499445
17347593592.339325	8212.365085977117
17670435260.889503	8137.304487354718
17999285067.824764	8060.846998219963
18334254825.62285	7982.966622202709
18675458427.61074	7903.636879135943
19023011886.689457	7822.830796052279
19377033374.77993	7740.520898012785
19737643263.002552	7656.679198765278
20104964162.604927	7581.582065085942
20479120966.650833	7519.899965791615
20860240892.485046	7457.069952133849
21248453524.988873	7393.070661231006
21643890860.6402	7327.880332634616
22046687352.394028	7261.476800930523
22456979955.397717	7193.837488202443
22874908173.55704	7124.939396355261
23300614106.96929	7054.759099295381
23734242500.23866	6983.272734965635
24175940791.69123	6910.455997231882
24625859163.505444	6836.284127618682
25084150592.775414	6760.731906891191
25550970903.525124	6704.484134777011
26026478819.690044	6648.8843429673
26510836019.085308	6592.249829571369
27004207188.377697	6534.561338244425
27506760079.080673	6475.799254277849
28018665564.59201	6415.943597929932
28540097698.292374	6354.974017632599
29071233772.725693	6292.869783071593
29612254379.880314	6229.609778137986
30163343472.591972	6165.172493748495
30724688427.090096	6099.536020532125
31296480106.707504	6032.678041380779
31878912926.77636	5973.275679012153
32472184920.731255	5924.056978979329
33076497807.442425	5873.922310564037
33692057059.802742	5822.8546274388245
34319071974.590427	5770.83656604119
34957755743.632645	5717.850439669764
35608325526.29274	5663.878232470648
36271002523.30648	5608.90159331186
36946012051.993095	5552.901829543729
37633583622.865326	5495.859900643185
38333951017.6659	5437.756411739776
39047352368.85556	5378.57160702121
39774030240.58036	5318.2853630161835
40514231711.14655	5273.814108716242
41268208457.02952	5229.414900173077
42036216838.44701	5184.1894148041365
42818517986.52406	5138.122275457083
43615377892.080055	5091.197818808184
44427067496.06892	5043.400090036566
45253862781.70167	4994.712837399456
46096044868.284195	4945.11950670634
46953900106.80053	4894.6032356904125
47827720177.27485	4843.146848275235
48717802187.94641	4790.732848734646
49624448776.28914	4737.343415744064
50547968211.912254	4690.286614618758
51488674501.37487	4650.947203283142
52446887494.95119	4610.875678808732
53422932995.38363	4570.058416445444
54417142868.658875	4528.481537884281
55429855156.84652	4486.13090653854
56461414193.036606	4442.992122737239
57512170718.41614	4399.050518829069
58582482001.525475	4354.291154195242
59672711959.7331	4308.698810169515
60783231282.972115	4262.257984863661
61914417559.77835	4214.952887896669
63066655405.67406	4166.7674350258785
64240336593.94204	4131.538466716626
65435860188.83229	4096.012376784619
66653632681.24893	4059.825140274001
67894068126.96099	4022.964453134437
69157588287.38525	3985.41778233514
70444622772.99051	3947.172361603479
71755609189.36922	3908.2151870843213
73090993286.02888	3868.533012918569
74451229107.95128	3828.112346739422
75836779149.97191	3786.9394450848617
77248114514.03416	3745.000308724696
78685715069.36842	3702.2806779006846
80150069615.6538	3664.923637837766
81641676049.21454	3633.4047226893986
83161041532.30962	3601.2992351669877
84708682665.57419	3568.596259058845
86285125663.66887	3535.28467500073
87890906534.19963	3501.353156695123
89526571259.96382	3466.790167060204
91192675984.59299	3431.5839543070715
92889787201.64516	3395.722547944058
94618481947.21991	3359.1937547066013
96379347996.15794	3321.9851544113967
98172984061.88821	3284.08409573344
100000000000.0	3245.477691904388
