# Frequency (Hz)	Real Part (Ohm/m)
1000.0	6680321.048032431
1018.6101701559753	6682382.266737655
1037.566678745186	6684481.845073713
1056.875971184804	6686620.496919862
1076.5446128423157	6688798.949440767
1096.5792912678098	6691017.943333767
1116.9868184678226	6693278.233080688
1137.7741332214914	6695580.587204406
1158.9483034398106	6697925.78853012
1180.5165285688054	6700314.634451559
1202.4861420374123	6702747.937202073
1224.8646137509306	6705226.524130813
1247.6595526308697	6707751.237984041
1270.8787092020582	6708726.659189858
1294.529978227916	6708187.759574236
1318.6214013947485	6707638.830945072
1343.1611700460153	6707079.686660715
1368.1576279674719	6706510.136606085
1393.619274224142	6705929.987128028
1419.5547660501015	6705339.040969465
1445.9729217920194	6704737.09720234
1472.882723907502	6704123.951159282
1500.2933220192183	6703499.394364037
1528.2140360258693	6702863.214460559
1556.654359271062	6702215.195140825
1585.6239617711371	6701495.050897602
1615.132693503091	6698397.242154009
1645.1905877536624	6695241.782662588
1675.807864530767	6692027.599533113
1706.9949340384078	6688753.599908684
1738.7624002162504	6685418.670594156
1771.1210643450886	6682021.67767762
1804.0819287193826	6678561.466144896
1837.6562003881704	6675036.859486768
1871.8552949655793	6671446.659299003
1906.690840512252	6667789.644874846
1942.1746814890264	6664064.572789995
1978.3188827841643	6660270.176479799
2015.1357338155585	6655498.435327332
2052.6377527092523	6649850.456121945
2090.8376905557498	6644097.367062512
2129.748535745521	6638237.212036756
2169.3835183851843	6632267.998528831
2209.756114795903	6626187.69694183
2250.880052095462	6619994.239907693
2292.7693128656488	6613685.521584294
2335.438139906479	6607259.396939434
2378.9010410788933	6600713.681021487
2423.1727942376006	6594046.148216519
2468.2684522556924	6587254.531491527
2514.2033481427966	6580289.45101211
2560.9931002584594	6572292.113128457
2608.6536176225477	6564145.943426002
2657.2011053245064	6555848.172119262
2706.652070033241	6547395.977876585
2757.0233256095826	6538786.486860861
2808.3319988231724	6530016.771752382
2860.5955351757416	6521083.850753513
2913.831704832789	6511984.686574863
2968.0586086656026	6502716.185402572
3023.2946844057765	6493275.195846378
3079.5587129142264	6483658.507868098
3136.8698245668766	6473862.851690209
3195.2475057592133	6463772.281715879
3254.711605531848	6453405.523985314
3315.282342319423	6442845.839129416
3376.9803108250912	6432089.636741559
3439.8264890229243	6421133.259597031
3503.8422452906757	6409972.982409549
3569.0493456752292	6398605.0105646225
3635.4699612933177	6387025.478829334
3703.126675869927	6375230.450038121
3772.0424934169973	6363215.913754111
3842.240846055061	6350977.784905508
3913.745601980384	6338511.902396645
3986.581073580439	6325854.422317984
4060.7720257003657	6313464.205676909
4136.343684063274	6300843.404995873
4213.321743847289	6287987.729066661
4291.732378422157	6274892.806820931
4371.602248248501	6261554.185844034
4452.958509942655	6247967.3308611065
4535.828825510186	6234127.622195066
4620.241371751313	6220030.354195841
4706.224849841281	6205670.733640414
4793.808495089106	6191043.878103076
4883.02208687788	6176144.81429534
4973.895958790063	6160968.476374982
5066.461008921268	6146256.013554121
5160.7487103859075	6131798.605926267
5256.791122018419	6117072.143482441
5354.620899273607	6102071.619066748
5454.271305329836	6086791.932339239
5555.7762223988775	6071227.8880418055
5659.170163246242	6055374.194231685
5764.488282925873	6039225.460482155
5871.766390733255	6022776.196049742
5981.040962380945	6006020.808007301
6092.349152400711	5988953.599342363
6205.7288067765	5971568.767020082
6321.218475812449	5954057.455422003
6438.8574272404185	5938010.199990919
6558.685659571435	5921664.302405724
6680.743915695614	5905014.204885117
6805.073696735206	5888054.246216537
6931.717276155407	5870778.6598313
7060.717714137772	5853181.571843888
7192.118872221193	5835256.999054778
7325.96542821523	5816998.846916094
7462.302891391108	5798400.907459373
7601.17761795533	5779456.85718481
7742.636826811269	5760160.254911196
7886.728615614156	5740504.539585837
8033.501977124735	5722112.542750561
8183.00681586739	5704418.730506386
8335.293965098195	5686395.633405638
8490.415204088747	5668037.123401106
8648.423275731726	5649336.95840158
8809.37190447399	5630288.780149469
8973.31581458352	5610886.1120589245
9140.310748756232	5591122.357013737
9310.413487069076	5570990.795124233
9483.681866285926	5550484.581442463
9660.174799522645	5529596.743634819
9839.952296278227	5508320.179611386
10023.075482838643	5487058.557312313
10209.606623060476	5468304.239839431
10399.609139541202	5449200.901327218
10593.1476351837	5429742.04643475
10790.287915161836	5409921.058941687
10991.097009294961	5389731.199498724
11195.643194838794	5369165.6033361005
11403.99601970033	5348217.277929528
11616.22632608502	5326879.100622661
11832.40627458378	5305143.816205296
12052.609368708414	5283004.03444653
12276.910479883603	5260452.227582019
12505.385872903913	5237480.727754436
12738.113231864783	5216564.169746338
12975.171686575868	5196683.005958172
13216.641839466038	5176431.850329009
13462.60579298911	5155803.817247727
13713.147177539455	5134791.892960823
13968.351179887397	5113388.933187635
14228.30457214352	5091587.660691225
14493.09574126215	5069380.662804044
14762.81471909391	5046760.388907524
15037.553212997384	5023719.1478648195
15317.404637020798	5000249.105405701
15602.46414366368	4976342.281462856
15892.828656229764	4952650.931579349
16188.596901781993	4932295.554042207
16489.86944471065	4911561.359465508
16796.74872092653	4890441.297999693
17109.339072690134	4868928.188596292
17427.746784089173	4847014.716566311
17752.08011717636	4824693.431093142
18082.44934877952	4801956.742699223
18418.96680799711	4778796.920665504
18761.746914391195	4755206.090402959
19110.90621689136	4731176.230775106
19466.56343342263	4706699.17137075
19828.83949127071	4681766.589725966
20197.857568198782	4659601.212036301
20573.743134329114	4638684.655418999
20956.623994804308	4617378.838123971
21346.630333242454	4595676.5159437675
21743.8947560008	4573570.309855014
22148.55233726359	4551052.703509445
22560.74066496859	4528116.040678278
22980.599887588487	4504752.522649017
23408.272761782944	4480954.205573784
23843.904700937208	4456712.997768358
24287.643824604504	4432020.656960886
24739.64100886812	4406868.7874894375
25200.049937640895	4382162.877971624
25669.027154919517	4361346.185751908
26146.732118010917	4340142.091347901
26633.327251749808	4318543.385139032
27128.978003724646	4296542.7233324675
27633.852900531667	4274132.625466138
28148.123605075813	4251305.471865304
28671.964974937695	4228053.50105178
29205.55512182745	4204368.807104956
29749.075472144435	4180243.336973688
30302.71082866393	4155668.8877381897
30866.649433372742	4130637.1038209237
31441.08303147265	4105139.474145652
32026.206936576502	4082966.571249346
32622.220097116733	4062123.9408977013
33229.325163989684	4040893.4256487237
33847.72855945983	4019267.8068984556
34477.640547344636	3997239.7317035203
35119.275304507275	3974801.710280998
35772.850993678774	3951946.1134618376
36438.58983763541	3928665.170096861
37116.71819475767	3904950.964414466
37807.466635993485	3880795.4333292097
38511.070023255685	3856190.3637002497
39227.76758927723	3831127.389538791
39957.803018952654	3806735.0154910795
40701.42453219439	3786478.966704063
41458.88496832911	3765845.949402432
42230.441872066716	3744828.9481379874
43016.35758106799	3723420.8169038408
43816.89931514194	3701614.2767047067
44632.33926710397	3679401.9130819542
45462.95469532399	3656776.1735926173
46309.02801799736	3633729.365241478
47170.84690917023	3610253.6518653682
48048.704396551344	3586341.0514687994
48942.89896114532	3561983.4335099785
49853.73463873894	3537172.516136351
50781.5211232767	3516035.7264059163
51726.57387216024	3496189.8819001415
52689.21421350677	3475974.7028512275
53669.76945540476	3455383.31588048
54668.57299720181	3434408.7196944593
55685.96444286408	3413043.782704465
56722.28971644549	3391281.240601712
57777.90117970507	3369113.693887403
58853.1577519145	3346533.6053567985
59948.42503189408	3323533.2975365035
61064.07542232036	3300104.9500740324
62200.48825634718	3276240.5970788104
63358.04992658254	3253233.711990135
64537.15401646702	3234323.4698181297
65738.20143409586	3215061.3048216132
66961.60054853215	3195440.667656938
68207.76732865692	3175454.8870960576
69477.1254846024	3155097.1677582413
70770.10661181889	3134360.5877995607
72087.15033782135	3113238.0965593955
73428.70447166759	3091722.512163134
74795.22515621828	3069806.51908025
76187.17702322999	3047482.665636959
77605.0333513357	3024743.3614825513
79049.2762269642	3001580.875008601
80520.39670825469	2982221.1716390476
82018.8949920221	2964022.0888904417
83545.28058382872	2945484.3181152046
85100.07247122246	2926601.5562715274
86683.79930019773	2907367.383016925
88296.99955494082	2887775.2585252454
89940.22174092053	2867818.5212630546
91614.0245713852	2847490.3857246605
93318.9771573324	2826783.9401249425
95055.65920101192	2805692.144049287
96824.66119303115	2784207.8260597703
98626.5846131283	2762323.6812567776
100462.04213468132	2741426.6125248303
102331.65783302448	2724362.450914797
104236.06739764012	2706980.722353633
106175.9183482999	2689275.5168663426
108151.87025522892	2671240.8144922853
110164.59496336569	2652870.4832383334
112214.77682079801	2634158.2769939257
114303.11291144785	2615097.8334073164
116430.31329208757	2595682.6717223125
118597.10123376705	2575906.1905747405
120804.21346773289	2555761.6657479294
123052.40043592616	2535242.247886379
125342.42654613995	2514340.960166925
127675.07043192645	2497176.3661637492
130051.12521734099	2480989.27310457
132471.39878661174	2464500.935489231
134936.71405883064	2447705.7471052823
137447.90926775365	2430597.997407708
140005.8382468096	2413171.8695772723
142611.37071941295	2395421.438542753
145265.39259467812	2377340.6689663418
147968.80626863963	2358923.41319156
150722.53093107554	2340163.409153005
153527.5028780421	2321054.278247166
156384.67583022476	2301589.523163635
159295.0212572123	2283179.237228681
162259.5287078087	2268195.9159755027
165279.2061464897	2252933.752564298
168355.08029612005	2237387.5576950675
171488.19698705408	2221552.0454940377
174679.62151272455	2205421.8317164434
177930.43899185772	2188991.4319157936
181241.75473742394	2172255.2595791216
184614.69463245454	2155207.6242275084
188050.40551285836	2137842.7294812417
191550.0555573528	2120154.671089007
195114.83468466165	2102137.4349203645
198745.9549580986	2083784.8949208814
202444.65099768018	2068956.7864542105
206212.18039991445	2054905.5769726154
210049.8241653915	2040592.8720916735
213958.88713434213	2026013.8053375045
217940.6984302958	2011163.419670324
221996.61191199525	1996036.6657989984
226128.00663372793	1980628.4004642158
230336.2873142131	1964933.3846897467
234622.88481422624	1948946.282001114
238989.25662310526	1932661.6566111431
243436.8873543108	1916073.971571742
247967.289250216	1899177.5868912612
252582.00269627848	1883347.0265838192
257282.59674479323	1870472.332427666
262070.66964838552	1857358.0380225591
266947.8494034318	1843999.6843671
271915.7943036019	1830392.7294771064
276976.1935036891	1816532.5468413066
282130.76759394706	1802414.4238482618
287381.2691851069	1788033.560184032
292729.4835042813	1773385.0662000242
298177.22900196735	1758463.9612504423
303726.3579703311	1743265.1719988347
309378.75717301364	1727783.5306930898
315136.34848664823	1712013.7734083498
321001.08955431683	1699463.557824645
326974.97445117676	1687497.9789854751
333060.03436245886	1675309.7186880955
339258.33827409917	1662894.6327926754
345571.9936762143	1650248.5000362396
352003.1472796675	1637367.0205973936
358553.9857459817	1624245.814634327
365226.7364308175	1610880.420795639
372023.6681413066	1597266.2947034098
378947.09190746717	1583398.807408079
385999.36176797637	1569273.243814548
393182.87557057705	1554884.8010789903
400500.07578736113	1541529.5268679599
407953.45034524484	1530652.7010886676
415545.53347188793	1519573.4557308662
423278.90655735444	1508288.0237317577
431156.19903182285	1496792.5679228606
439180.0892596086	1485083.1797253403
447353.3054498463	1473155.8778210417
455678.6265841068	1461006.6067988016
464158.8833612772	1448631.2357755683
472796.9591600391	1436025.5569918463
481595.79101923504	1423185.28438103
490558.37063650455	1410106.0521120771
499687.7453854889	1396783.4131050876
508987.0193519675	1386329.5937125299
518459.3543892913	1376291.566297772
528107.971193433	1366066.7294847954
537936.1503980698	1355651.6067189127
547947.2336900292	1345042.6567461602
558144.6249454955	1334236.2724092407
568531.7913873753	1323228.779421038
579112.2647641759	1312016.4351153353
589889.6425508494	1300595.4271742562
600867.5891719692	1288961.87233204
612049.837247669	1277111.8150546935
623440.1888627863	1265041.226195055
635042.5168595961	1253940.546788246
646860.7661546321	1244872.279604229
658898.9550799957	1235635.2504248978
671161.1767496272	1226226.3185608045
683651.6004510238	1216642.2848737326
696374.4730628222	1206879.8906889646
709334.1204987989	1196935.8166872892
722534.9491787221	1186806.6817763972
735981.4475265755	1176489.0419412828
749678.1874966878	1165979.3890732273
763629.8261282243	1155274.1497770175
777841.1071286482	1144369.6841559447
792316.8624866261	1133262.2845742034
807062.0141149492	1124662.3576694508
822081.575524054	1116339.0838417464
837380.6535266489	1107860.9124718555
852964.4499741016	1099224.9608901585
868838.2635251193	1090428.2927800668
885007.4914473438	1081467.9171796413
901477.6314524917	1072340.787464631
918254.2835656281	1063043.8003125885
935343.1520292377	1053573.7946477083
952750.0472427299	1043927.550566026
970480.8877380306	1034101.7882406181
988541.7021919573	1024093.1668064224
1006938.6314760271	1014972.6891191021
1025677.9307444209	1007489.7462698403
1044765.9715608053	999867.5445808854
1064209.2440647245	992103.4924215366
1084014.359178331	984194.9499304027
1104188.0508541602	976139.2281178234
1124737.1783647507	967933.5879515822
1145668.7286348727	959575.2394256077
1166989.8186171474	951061.3406113429
1188707.6977119034	942388.9966914536
1210829.7502320393	933555.2589755652
1233363.4979137746	924557.1238976698
1256316.6024741214	915391.5319948873
1279696.8682159416	908384.940213577
1303512.2446815087	901545.984200725
1327770.829355429	894579.7540527843
1352480.8704178738	887483.8811764447
1377650.769549055	880255.9528984702
1403289.084785873	872893.5116453684
1429404.533431761	865394.0541077834
1456005.9950206485	857755.0303893461
1483102.514336103	849973.8431396829
1510703.3044866556	842047.8466712876
1538817.7500383465	833974.3460599608
1567455.410205595	825750.596228502
1596626.022101425	818324.3743809026
1626339.5040481905	812199.019492932
1656605.9589499151	805959.6707082295
1687435.6777273756	799604.2065809827
1718839.1428171454	793130.4661849071
1750827.0317357269	786536.2483785142
1783410.220710006	779819.3110567
1816599.7883753285	772977.370388399
1850407.019542302	766008.1000400641
1884843.4090337954	758909.1303846838
1919920.6655932867	751678.0476960833
1955650.715865947	744312.3933282387
1992045.7084538713	736809.6628792963
2029118.0180466783	731144.1991835057
2066880.2496290822	725564.618636465
2105345.242766708	719881.2011460444
2144526.0759716653	714092.0142890611
2184436.0711494284	708195.0896796033
2225088.7981283693	702188.4222997669
2266498.079273693	696069.9698179214
2308677.994187172	689837.6518942972
2351642.884494346	683489.3494736494
2395407.358720879	677022.9040647504
2439986.29725955	670436.1170064883
2485394.857429798	663726.7487202904
2531648.478631358	657722.4961385911
2578762.8875937983	652739.8179429186
2626754.1037238385	647664.4112581906
2675638.4445520453	642494.5503914503
2725432.531281028	637228.4775342967
2776153.2944368036	631864.4021652177
2827817.979625338	626400.5004407908
2880444.1533962977	620834.9145755566
2934049.709215787	615165.7522103527
2988652.873550383	609391.085768891
3044272.2120643063	603508.9518023587
3100926.6359319235	597517.3503218306
3158635.408267819	591414.2441182416
3217418.1506763715	586860.2346193627
3277294.849923382	582333.3446083942
3338285.8647317644	577722.2084040439
3400411.9327037027	573025.2581703189
3463694.1773717343	568240.8968935299
3528154.1153808828	563367.497839292
3593813.6638046256	558403.4039994169
3660695.147596906	553346.9275285112
3728821.30718283	548196.349170093
3798215.306190736	542949.917672022
3868900.7393279755	537605.8491910606
3940901.6404034477	532162.3266863439
4014242.490499326	527334.4774125968
4088948.226294856	523301.2056117292
4165044.248545185	519192.8739363614
4242556.430717777	515008.0855094582
4321511.127789762	510745.41745786363
4401935.1852088785	506403.4204285098
4483855.948021181	501980.61809562414
4567301.270168747	497475.50665875594
4652299.523960189	492886.55433147674
4738879.609717651	488212.20082054916
4827070.965603188	483450.8567954134
4916903.577628021	478600.9033477999
5008407.989848212	473660.69144127675
5101615.314749833	470017.06901822094
5196557.243827657	466360.23705843755
5293266.058360566	462635.35083365045
5391774.640387494	458841.14384240954
5492116.483887789	454976.3260134535
5594325.706169377	451039.5832670792
5698437.0594691355	447029.57706833445
5804485.942768984	442944.94397190417
5912508.413831869	438784.2951585258
6022541.201461928	434546.21596277005
6134621.717992506	430229.2653920472
6248788.072006888	425831.9756366483
6365079.081295578	421966.83455281
6483534.286054714	418714.66111831117
6604193.962330305	415401.9641828187
6727099.135712336	412027.61739368225
6852291.595284057	408590.47343663435
6979813.907830667	405089.3636456947
7109709.432312423	401523.0976058121
7242022.334607315	397890.4627481047
7376797.60252773	394190.22393758135
7514081.061116962	390421.1230531768
7653919.388230155	386581.8785599774
7796360.130405221	382671.1850734904
7941451.71902934	378687.71291579097
8089243.486805938	375783.148645716
8239785.684528512	372839.26040071336
8393129.498166373	369840.5858945503
8549327.066268368	366786.10554558615
8708431.497690724	363674.78079758876
8870496.889654402	360505.553766621
9035578.34613892	357277.346881344
9203731.99661823	353989.062516633
9375015.01514529	350639.58262037375
9549485.639791967	347227.7683333113
9727203.192450536	343752.45960182603
9908228.099003786	340212.4747835033
10092621.909870483	337128.6303337599
10280447.320933098	334514.25015222875
10471768.194855202	331851.21591066703
10666649.582795387	329138.6221487387
10865157.746525371	326375.5465553369
11067360.180959744	323561.0496549877
11273325.63710487	320694.17448841984
11483124.14543511	317773.9462871862
11696827.039703846	314799.3721422334
11914506.981197748	311769.4406663013
12136237.983442418	308683.12165004085
12362095.437367693	305539.3657117328
12592156.13694151	302348.76312263985
12826498.3052806	300028.3964625331
13065201.621247198	297664.84738405765
13308347.24654076	295257.3122550596
13556017.853293689	292804.9724876544
13808297.652180923	290306.9942598977
14065272.421052363	287762.52823227644
14327029.534098294	285170.70925892517
14593657.991557576	282530.6560934659
14865248.449978571	279841.4710893771
15141893.25304352	277102.2398947811
15423686.462966273	274312.03114155727
15710723.892474487	271469.896128665
16003103.137387017	269016.06108849094
16300923.609797413	266919.4308144908
16604286.571875297	264783.7818943375
16913295.17029647	262608.3881843865
17228054.471313924	260392.51002733718
17548671.49648152	258135.3940007401
17875255.259042352	255836.27266082645
18207916.800994623	253494.36428156772
18546769.230846975	251108.87258888132
18891927.762076646	248678.9864898883
19243509.75230332	246203.87979713324
19601634.743191857	243682.71094767202
19966424.501097932	241142.73610418526
20338003.0584698	239283.7590378837
20716496.75602067	237390.18609206215
21102034.285685964	235461.37343151588
21494746.734379806	233496.6652391582
21894767.628566206	231495.39349303374
22302232.979659364	229456.87773918555
22717281.330269028	227380.42486029273
23140053.80130654	225265.32884000262
23570694.139967278	223110.87052287886
24009348.76860652	220916.3173698794
24456166.83452444	218680.9232092864
24911300.26067791	216403.92798299875
25374903.797335718	214455.58034494854
25847135.07469564	212777.3489762368
26328154.656480197	211067.8854361924
26818126.094530128	209326.60848879226
27317215.98441379	207552.92608111203
27825594.022071257	205746.23514202243
28343433.061513092	203905.9213771372
28870909.173592344	202031.35905994702
29408201.705870606	200121.91081906602
29955493.34359816	198176.92742151793
30512970.171828706	196195.7475519911
31080821.738690637	194177.69758798284
31659241.119835205	192159.66087913382
32248424.98408439	190672.83745107346
32848573.66030047	189158.3439860247
33459891.20549975	187615.66553989155
34082585.47423452	186044.2775853799
34716868.189265594	184443.64583365372
35362955.013550386	182813.22605267083
36021065.62357073	181152.463882138
36691423.78402494	179460.7946450231
37374257.42391064	177737.643155558
38069798.71402284	175982.4235236693
38778284.14589453	174194.53895577008
39499954.61220647	172373.3815518428
40235055.48869293	170829.03292676713
40983836.717572615	169487.7187619596
41746552.89253134	168121.44251231235
42523463.34528677	166729.73962917915
43314832.23376403	165312.13691858412
44120928.631911896	163868.1523803316
44942026.62119142	162397.29504411938
45778405.38376616	160899.06480260513
46630349.29742726	159372.95224136367
47498148.03228505	157818.4384656799
48382096.649259575	156234.99492412122
49282495.700405136	154622.0832288217
50199651.33110079	153021.24798825875
51133875.38414321	151833.6621797311
52085485.50577665	150623.9751972318
53054805.25369574	149391.7757341529
54042164.20705915	148136.6448294
55047898.078549676	146858.15572494158
56072348.82852027	145555.87372070664
57115864.78126434	144229.3560267817
58178800.74344935	142878.15161285797
59261518.124755524	141501.80105487572
60364385.060758635	140099.8363788151
61487776.53810017	138671.78090158035
62632074.521986924	137217.1490689219
63797668.08606282	135994.7006229875
64984953.54469889	134923.93874308807
66194334.587743886	133833.24980240705
67426222.41778335	132722.2629549528
68681035.88995308	131590.60045322625
69959201.65435374	130437.8775197835
71261154.30111745	129263.70221640673
72587336.50817245	128067.67531084115
73938199.19175874	126849.39014105174
75314201.65974376	125608.43247695423
76715811.76779301	124344.38037957139
78143506.07844542	123056.80405757032
79597770.02314977	121788.51175486618
81079098.06731695	120840.94323527184
82587993.87844272	119875.74030429345
84124970.49736118	118892.57478253453
85690550.51268347	117891.1123831242
87285266.2384837	116871.01259805597
88909659.89529167	115831.92858241152
90564283.79445294	114773.50703642966
92249700.52592173	113695.38808538034
93966483.1495469	112597.2051572036
95715215.38991857	111478.58485787107
97496491.83484097	110339.14684442792
99310918.137498	109178.50369567254
101159111.22238298	108211.9220544427
103041699.49505854	107357.94696382857
104959323.05582266	106488.07925146904
106912633.91734771	105602.02315296927
108902296.22637327	104699.47739970869
110928986.48952228	103780.13511640656
112993393.80332193	102843.68371678062
115096220.0885031	101889.80479726462
117238180.32865997	100918.1740287482
119420002.8133535	99928.46104630092
121642429.3857368	98920.32933684502
123906215.6947913	97893.43612473641
126212131.45225461	96889.61838995513
128560960.69432965	96134.19510383591
130953502.04826704	95364.71326182224
133390569.00390588	94580.91123179691
135872990.19027063	93782.52251262421
138401609.65731302	92969.27564353697
140977287.16289675	92140.89411183716
143600898.46512634	91297.09625887834
146273335.620113	90437.59518429892
148995507.28528506	89562.09864847234
151768339.02834037	88670.30897314279
154592773.64194784	87761.92294021207
157469771.46430898	86836.63168864118
160400310.70568198	86073.04151443059
163385387.78098568	85392.47471191805
166426017.64859018	84699.24244540806
169523234.15541214	83993.10900846073
172678090.38843593	83273.834308099
175891659.03277326	82541.1737831748
179165032.73638958	81794.87832121519
182499324.48161504	81034.69417372165
185895667.9635688	80260.36286989352
189355217.9756299	79471.62112874398
192879150.80207777	78668.2007695827
196468664.61804405	77849.82862083064
200124979.8969035	77055.98052333633
203849339.82524642	76454.14474348318
207643010.7255779	75841.108697361
211507282.48687947	75216.66394610885
215443469.00318778	74580.59817178294
219452908.62033114	73932.69510516632
223536964.59097964	73272.73445223532
227697025.53816846	72600.49181925703
231934505.92744273	71915.7386364931
236250846.547794	71218.24208048308
240647515.00154215	70507.76499488231
245126006.20333397	69784.06580982661
249687842.8884332	69046.8984597953
254334576.13046482	68444.10715689031
259067785.8688001	67902.0628087612
263889081.44575077	67349.93092308118
268800102.15376073	66787.52376906012
273802517.7927863	66214.65012220581
278898029.23804396	65631.11519930576
284088369.0183295	65036.72059219861
289375301.9050947	64431.264200313264
294760625.51248586	63814.54016195291
300246170.90855557	63186.338784299376
305833803.23784316	62546.44647211566
311525422.35554785	61894.64565512068
317322963.4734973	61267.26269783812
323228397.81813806	60788.046941543485
329243733.30077755	60299.91289848283
335371015.2002929	59802.69459782195
341612326.8585518	59296.22297998116
347969790.3887688	58780.325839153025
354445567.3970435	58254.82776475113
361041859.71733445	57719.550081767964
367760910.160103	57174.310790023934
374605003.2748981	56618.9245022848
381576466.1271245	56053.2023812284
388677669.0892668	55476.95207523816
395911026.6468467	54889.977653001
403278998.21937054	54414.408787731816
410784088.99656343	53982.901629474276
418428850.79015756	53543.36404957791
426215882.9015325	53095.64660052973
434147833.0055101	52639.597053572965
442227398.0505897	52175.060346947896
450457325.17594445	51701.878533168834
458840412.64547515	51219.890725320525
467379510.7992463	50728.933042355064
476077523.0226378	50228.8385533702
484937406.7335233	49719.437220851396
493962174.38783056	49200.55584285673
503154894.5038046	48705.00124951633
512518692.70533323	48323.58953632841
522056752.7846986	47935.07968625857
531772317.7850967	47539.33960177175
541668691.1033136	47136.23472697508
551749237.6129117	46725.62800186765
562017384.8083187	46307.37981573881
572476623.970219	45881.347959698636
583130511.3526218	45447.38757832582
593982669.3920338	45005.35112041469
605036787.9391212	44555.08828880661
616296625.5132942	44096.44598928737
627766010.5806513	43629.26827853336
639448842.8556936	43254.25943759558
651349094.6272782	42910.88414832431
663470812.1092337	42561.11858649229
675818116.816111	42204.84382803986
688395206.964551	41841.938735710355
701206358.9007177	41472.2799178622
714255928.5543104	41095.74168651426
727548352.9196217	40712.19601461058
741088151.5641569	40321.51249249022
754879928.1653446	39923.55828354606
768928372.0758306	39518.19807905924
783238259.9179205	39105.29405219236
797814457.2076613	38714.04585283759
812661920.0091946	38410.58662128363
827785696.619849	38101.47996179509
843190929.286625	37786.620774777184
858882855.9546258	37465.9020047136
874866812.0479896	37139.214603767025
891148232.2840202	36806.44749470094
907732652.5210242	36467.48753311282
924625711.6405733	36122.219468963565
941833153.4647961	35770.52590739097
959360828.7093127	35412.28726879485
977214696.9725724	35047.38174817791
995400828.7621539	34675.68527373144
1013925407.5588143	34380.10026596059
1032794731.9189526	34106.94678301939
1052015217.6161569	33828.70986728205
1071593399.8226712	33545.294915199076
1091535935.3313932	33256.6055626331
1111849604.81927	32962.5436520937
1132541315.1528125	32663.00919936273
1153618101.736476	32357.900359498908
1175087130.9048076	32047.113392209074
1196955702.3590453	31730.542626575694
1219231251.6491096	31408.08042512757
1241921352.7017846	31079.617147241534
1265033720.3959012	30770.84105143393
1288576213.185518	30529.475962486078
1312556835.7718453	30283.6190281632
1336983741.8249452	30033.186654458583
1361865236.7560828	29778.09369166672
1387209780.541618	29518.253405431755
1413025990.5995336	29253.57744725654
1439322644.7194095	28983.975824463472
1466108684.0469828	28709.356869595955
1493393216.1242533	28429.627209250248
1521185517.9861019	28144.691732327887
1549495039.3146317	27854.45355769646
1578331405.6521199	27558.814001249397
1607704421.673822	27325.920241381707
1637624074.521689	27108.689491295
1668100537.2000556	26887.41603998612
1699144172.0346258	26662.02465209735
1730765534.1957276	26432.438692128268
1762975375.2872038	26198.580098378774
1795784647.0020967	25960.36935640714
1829204504.8462899	25717.725471994465
1863246311.9315598	25470.565943605507
1897921642.8391032	25218.806734337577
1933242287.5550432	24962.36224334688
1969220255.4791734	24701.14527674323
2005867779.5082297	24457.540937699225
2043197320.1952705	24265.61548692862
2081221569.9863415	24070.118270861916
2119953457.536069	23870.982818339224
2159406152.1035676	23668.141421160966
2199593068.0300703	23461.525111066585
2240527869.3000183	23251.0636362843
2282224474.1869006	23036.685437645043
2324697059.9856453	22818.317624251416
2367960067.833079	22595.885948693918
2412028207.618002	22369.31478180625
2456916462.98279	22138.527086950304
2502640096.4179215	21903.4443938232
2549214654.4514203	21720.009746165568
2596655972.934872	21547.296692941352
2644980182.4277143	21371.36942040851
2694203713.6818824	21192.16811139873
2744343303.2283683	21009.63183553609
2795415999.067865	20823.69852852002
2847439166.4672475	20634.30497102275
2900430493.8639855	20441.386767194
2954407998.8803797	20244.87832276578
3009390034.449724	20044.71282274967
3065395295.056536	19840.822208718895
3122442823.0928583	19633.137155667857
3180552015.3329134	19441.010354692375
3239742629.5281954	19288.435328765387
3300034791.1252885	19133.02085564435
3361449000.108775	18974.714092733826
3424006137.9714255	18813.46121402872
3487727474.8141704	18649.207391812783
3552634676.5781393	18481.896778016606
3618749812.411284	18311.47248522878
3686095362.1721687	18137.87656735345
3754694224.0733366	17961.049999908115
3824569722.4669914	17780.932659954535
3895745615.775501	17597.463305656333
3968246104.5694857	17410.579555456236
4042095839.796318	17266.149180959183
4117319931.1616793	17128.864093814693
4193943955.6671777	16989.024107838555
4271993966.306777	16846.581675928774
4351496500.925055	16701.48836612371
4432478591.24041	16553.694845134687
4514967772.036101	16403.15086157214
4598992090.5224285	16249.805228859535
4684580115.873045	16093.605807829437
4771760948.938751	15934.4994889957
4860564232.142149	15772.432174495581
4951020159.556351	15607.348759695933
5043159487.171348	15455.868436413355
5137013543.351338	15334.60541566166
5232614239.486667	15211.085669460155
5329994080.844104	15085.267199764212
5429186177.618942	14957.107226938495
5530224256.192888	14826.562175211311
5633142670.601352	14693.58765785843
5737976414.21414	14558.138462111205
5844761131.633649	14420.168533783632
5953533130.81437	14279.630961613502
6064329395.408049	14136.47796131199
6177187597.338489	13990.660859316484
6292146109.610351	13842.130076241194
6409244019.35647	13728.449323008166
6528521141.127848	13619.35216589575
6650018030.431105	13508.224692125936
6773775997.517745	13395.02911716024
6899837121.430025	13279.726953283525
7028244264.308367	13162.278996517723
7159041085.964888	13042.645313292056
7292272058.728297	12920.78522686517
7427982482.56491	12796.657303494636
7566218500.481063	12670.219338349067
7707027114.212319	12541.42834115796
7850456200.204509	12410.240521594602
7996554525.892329	12290.845629822245
8145371766.280737	12194.49357012707
8296958520.834915	12096.348382206092
8451366330.684739	11996.37669563791
8608647696.149244	11894.54451897194
8768856094.587408	11790.817228170858
8932045998.58096	11685.15955483813
9098272894.455566	11577.535574226398
9267593301.146902	11467.908693022611
9440064789.417603	11356.241636905987
9615746001.432076	11242.496437874212
9794696670.695385	11126.634421333996
9976977642.36321	11008.616192951366
10162650893.929972	10919.171217720825
10351779556.301762	10832.497978617697
10544427935.261662	10744.211735786883
10740661533.334322	10654.282470954542
10940547072.057436	10562.679607201666
11144152514.667904	10469.37199856758
11351547089.20999	10374.327919459982
11562801312.07373	10277.51505386788
11777987011.97118	10178.900484373793
11997177354.358854	10078.45068096156
12220446866.314913	9976.13148961569
12447871461.879063	9871.908120708684
12679528467.864315	9777.835304634622
12915496650.148827	9701.299100264165
13155856240.457052	9623.338544107284
13400688963.639534	9543.927128734867
13650078065.460136	9463.03785341006
13904108340.900667	9380.643214907665
14162866162.991974	9296.715198162783
14426439512.181587	9211.225266745423
14694918006.248201	9124.14435315776
14968392930.772554	9035.442848950917
15246957270.1757	8945.090594657697
15530705739.334583	8853.056869538079
15819734815.786015	8759.310381133899
16114142772.530231	8688.963293671117
16414029711.444664	8620.126659005624
16719497597.31985	8550.00896285604
17030650292.528427	8478.586364450157
17347593592.339325	8405.834579334953
17670435260.889503	8331.728871119605
17999285067.824764	8256.244043064864
18334254825.62285	8179.354429515822
18675458427.61074	8101.03388717539
19023011886.689457	8021.255786215294
19377033374.77993	7939.993001221612
19737643263.002552	7857.217901971864
20104964162.604927	7783.12603598596
20479120966.650833	7722.351218721058
20860240892.485046	7660.445371765657
21248453524.988873	7597.387446464767
21643890860.6402	7533.156002444356
22046687352.394028	7467.729200321361
22456979955.397717	7401.084794278085
22874908173.55704	7333.2001244983985
23300614106.96929	7264.052109463129
23734242500.23866	7193.61723810212
24175940791.69123	7121.871561800171
24625859163.505444	7048.7906862542695
25084150592.775414	6974.34976317931
25550970903.525124	6919.049135967283
26026478819.690044	6864.398990412565
26510836019.085308	6808.731796350022
27004207188.377697	6752.028626333859
27506760079.080673	6694.270200675311
28018665564.59201	6635.436880887319
28540097698.292374	6575.508663007245
29071233772.725693	6514.465170795274
29612254379.880314	6452.2856488063135
30163343472.591972	6388.9489553329195
30724688427.090096	6324.433555216871
31296480106.707504	6258.717512526993
31878912926.77636	6200.389550823045
32472184920.731255	6152.150033438145
33076497807.442425	6103.012770426469
33692057059.802742	6052.961054589146
34319071974.590427	6001.977867803505
34957755743.632645	5950.045875236688
35608325526.29274	5897.1474194516495
36271002523.30648	5843.264514403469
36946012051.993095	5788.37883932384
37633583622.865326	5732.471732491866
38333951017.6659	5675.524184888821
39047352368.85556	5617.516833734903
39774030240.58036	5558.429955905716
40514231711.14655	5514.98123935551
41268208457.02952	5471.613019685492
42036216838.44701	5427.437710068058
42818517986.52406	5382.440290421938
43615377892.080055	5336.605461139623
44427067496.06892	5289.9176378852935
45253862781.70167	5242.360946296003
46096044868.284195	5193.919216584179
46953900106.80053	5144.575978039755
47827720177.27485	5094.314453429973
48717802187.94641	5043.1175532949055
49624448776.28914	4990.967870136877
50547968211.912254	4945.0740472405805
51488674501.37487	4906.802148074177
52446887494.95119	4867.818002352096
53422932995.38363	4828.108355044738
54417142868.658875	4787.659704444169
55429855156.84652	4746.458297573341
56461414193.036606	4704.490125509971
57512170718.41614	4661.740918623369
58582482001.525475	4618.196141722573
59672711959.7331	4573.840989114261
60783231282.972115	4528.660379568612
61914417559.77835	4482.638951191558
63066655405.67406	4435.761056201587
64240336593.94204	4401.6441067773385
65435860188.83229	4367.245040693241
66653632681.24893	4332.205802136115
67894068126.96099	4296.514477387294
69157588287.38525	4260.158931011807
70444622772.99051	4223.126801732159
71755609189.36922	4185.4054982253865
73090993286.02888	4146.982194841847
74451229107.95128	4107.843827244377
75836779149.97191	4067.9770879662906
77248114514.03416	4027.368421886676
78685715069.36842	3986.0040216215207
80150069615.6538	3949.9131497466014
81641676049.21454	3919.562709410183
83161041532.30962	3888.647442214793
84708682665.57419	3857.1568366364795
86285125663.66887	3825.080185530047
87890906534.19963	3792.4065824884838
89526571259.96382	3759.1249181347125
91192675984.59299	3725.223876344237
92889787201.64516	3690.6919303975765
94618481947.21991	3655.5173390610403
96379347996.15794	3619.688142594555
98172984061.88821	3583.192158685286
100000000000.0	3546.016978305446
