Frequency [GHz]	Zx real [Ohm/m]	Zy real [Ohm/m]
1.000000000000000166e-10	2.402875025692943893e+02	2.746662405828989790e+02
1.032794731918951654e-10	2.462229895029082911e+02	2.809848023868992186e+02
1.066664958279539403e-10	2.523531291393185541e+02	2.875105797313749463e+02
1.101645949633656381e-10	2.586843050617305835e+02	2.942503681944254481e+02
1.137774133221491146e-10	2.652231102012498809e+02	3.012111862133122600e+02
1.175087130904807540e-10	2.719763537023899858e+02	3.084002823930650266e+02
1.213623798344240958e-10	2.789510680137333907e+02	3.158251430547724112e+02
1.253424265461399975e-10	2.861545162111285094e+02	3.234935000314159197e+02
1.294529978227915867e-10	2.935941995610493223e+02	3.314133387193674025e+02
1.336983741824946476e-10	3.012778653319925866e+02	3.395929063939315142e+02
1.380829765218092491e-10	3.092135148620488394e+02	3.480407207975958954e+02
1.426113707194128486e-10	3.174094118910459770e+02	3.567655790099295245e+02
1.472882723907502473e-10	3.258740911659444919e+02	3.657765666083674319e+02
1.521185517986104510e-10	3.346163673284432321e+02	3.750830671294212948e+02
1.571072389247450498e-10	3.436453440940525184e+02	3.846947718401665952e+02
1.622595287078087593e-10	3.529704237321923870e+02	3.946216898301848346e+02
1.675807864530767868e-10	3.626013168571879532e+02	4.048741584344672901e+02
1.730765534195724819e-10	3.725480525403577303e+02	4.154628539981344488e+02
1.787525525904235329e-10	3.828209887537258282e+02	4.263988029941837112e+02
1.846146946324547531e-10	3.934308231562318383e+02	4.376933935058376051e+02
1.906690840512252406e-10	4.043886042336724813e+02	4.493583870854555471e+02
1.969220255479172543e-10	4.157057428039743172e+02	4.614059310023533271e+02
2.033800305846981002e-10	4.273940238997787446e+02	4.738485708922874551e+02
2.100498241653915480e-10	4.394656190407136478e+02	4.866992638217762988e+02
2.169383518385184289e-10	4.519330989081294092e+02	4.999713917808602446e+02
2.240527869300018610e-10	4.648094464355021387e+02	5.136787756183564397e+02
2.314005380130653023e-10	4.781080703281302817e+02	5.278356894341136467e+02
2.389892566231049743e-10	4.918428190262081898e+02	5.424568754432582409e+02
2.468268452255692806e-10	5.060279951258136748e+02	5.575575593279097575e+02
2.549214654451423314e-10	5.206783702728288290e+02	5.731534660923512092e+02
2.632815465648021228e-10	5.358092005453023603e+02	5.892608364381657111e+02
2.719157943036017723e-10	5.514362423402728837e+02	6.058964436763902768e+02
2.808331998823172083e-10	5.675757687815957979e+02	6.230776111943014257e+02
2.900430493863991314e-10	5.842445866658606519e+02	6.408222304950171520e+02
2.995549334359813486e-10	6.014600539640456418e+02	6.591487798287035957e+02
3.093787571730138678e-10	6.192400978971344330e+02	6.780763434347879866e+02
3.195247505759212065e-10	6.376032336045155944e+02	6.976246314152124341e+02
3.300034791125284578e-10	6.565685834246120294e+02	7.178140002594295765e+02
3.408258547423451742e-10	6.761558968078076077e+02	7.386654740425055934e+02
3.520031472796679687e-10	6.963855708824175963e+02	7.602007663184127750e+02
3.635469961293320139e-10	7.172786716951120525e+02	7.824423027313046077e+02
3.754694224073336536e-10	7.388569561479146159e+02	8.054132443683228075e+02
3.877828414589456106e-10	7.611428946546174075e+02	8.291375118782524396e+02
4.005000757873611052e-10	7.841596945402098982e+02	8.536398103811441160e+02
4.136343684063274911e-10	8.079313242076826782e+02	8.789456551948362630e+02
4.271993966306778827e-10	8.324825380973769597e+02	9.050813984051762873e+02
4.412092863191189219e-10	8.578389024648683971e+02	9.320742563076015585e+02
4.556786265841064474e-10	8.840268220042311214e+02	9.599523377486635809e+02
4.706224849841281415e-10	9.110735673444017948e+02	9.887446733969994739e+02
4.860564232142136024e-10	9.390073034472841300e+02	1.018481245974243166e+03
5.019965133110081441e-10	9.678571189371550645e+02	1.049193021477346065e+03
5.184593543892912175e-10	9.976530563919275210e+02	1.080911981424828582e+03
5.354620899273606527e-10	1.028426143627802958e+03	1.113671156160536384e+03
5.530224256192902378e-10	1.060208426009897721e+03	1.147504659249588030e+03
5.711586478126431938e-10	1.093032999822485635e+03	1.182447723002323755e+03
5.898896425508497150e-10	1.126934046733611012e+03	1.218536735163257845e+03
6.092349152400710261e-10	1.161946869389958465e+03	1.255809276803229068e+03
6.292146109610343618e-10	1.198107928179046894e+03	1.294304161454221457e+03
6.498495354469890483e-10	1.235454879197029186e+03	1.334061475527593757e+03
6.711611767496282870e-10	1.274026613461635861e+03	1.375122620057820313e+03
6.931717276155404727e-10	1.313863297411099666e+03	1.417530353815200442e+03
7.159041085964887260e-10	1.355006414731225959e+03	1.461328837832444378e+03
7.393819919175865964e-10	1.397498809554175750e+03	1.506563681391490263e+03
7.636298261282244400e-10	1.441384731073938838e+03	1.553281989518450928e+03
7.886728615614152294e-10	1.486709879624958376e+03	1.601532412036142205e+03
8.145371766280743462e-10	1.533521454271895209e+03	1.651365194225277492e+03
8.412497049736117954e-10	1.581868201960082388e+03	1.702832229147080852e+03
8.688382635251186617e-10	1.631800468277856908e+03	1.755987111681807846e+03
8.973315814583522479e-10	1.683370249883628503e+03	1.810885194339444752e+03
9.267593301146878953e-10	1.736631248652280419e+03	1.867583644900703348e+03
9.571521538991863169e-10	1.791638927597285829e+03	1.926141505948338363e+03
9.885417021919573871e-10	1.848450568626776658e+03	1.986619756350777834e+03
1.020960662306046580e-09	1.895957288743782783e+03	2.034365413383264922e+03
1.054442793526168950e-09	1.938716672351852594e+03	2.075368469536244902e+03
1.089022962263730067e-09	1.982878338482368463e+03	2.117716209923618862e+03
1.124737178364752061e-09	2.028488274614729335e+03	2.161452733104370964e+03
1.161622632608501755e-09	2.075593976375389957e+03	2.206623583837902515e+03
1.199717735435884489e-09	2.124244496997146598e+03	2.253275800511790749e+03
1.239062156947916503e-09	2.174490498400411980e+03	2.301457964124924729e+03
1.279696868215940940e-09	2.226384303949695550e+03	2.351220248877026279e+03
1.321664183946605026e-09	2.279979952940222574e+03	2.402614474417247948e+03
1.365007806546013663e-09	2.335333256871415870e+03	2.455694159806242169e+03
1.409772871628966933e-09	2.392501857565861883e+03	2.510514579247912025e+03
1.456005995020649598e-09	2.451545287194262983e+03	2.567132819648855275e+03
1.503755321299737753e-09	2.512525030268902356e+03	2.625607840065469645e+03
1.553070573933460069e-09	2.575504587670161982e+03	2.686000533100603207e+03
1.604003107056820079e-09	2.640549542772770110e+03	2.748373788313686873e+03
1.656605958949914401e-09	2.707727629740648354e+03	2.812792557710396522e+03
1.710933907269014249e-09	2.777108804061465889e+03	2.879323923380019096e+03
1.767043526088946692e-09	2.848765315394357913e+03	2.948037167350980326e+03
1.824993244816152494e-09	2.922771782806657939e+03	3.019003843737249554e+03
1.884843409033795523e-09	2.999205272478012830e+03	3.092297853250785010e+03
1.946656343342262358e-09	3.078145377952771469e+03	3.167995520157583542e+03
2.010496416260498236e-09	3.159674303024226447e+03	3.246175671757478085e+03
2.076430107255774870e-09	3.243876947337042566e+03	3.326919720470476932e+03
2.144526075971667793e-09	3.330840994796962605e+03	3.410311748615067700e+03
2.214855233726359314e-09	3.420657004879917167e+03	3.496438595966837966e+03
2.287490817355702788e-09	3.513418506935573532e+03	3.585389950188535295e+03
2.362508465477946229e-09	3.609222097583543018e+03	3.677258440225758932e+03
2.439986297259550245e-09	3.708167541303688267e+03	3.772139732765554527e+03
2.520004993764092080e-09	3.810357874325235116e+03	3.870132631858314653e+03
2.602647881969005809e-09	3.915899511922933016e+03	3.971339181806784381e+03
2.688001021537606561e-09	4.024902359231934042e+03	4.075864773429254001e+03
2.776153294436799262e-09	4.137479925696835380e+03	4.183818253807652582e+03
2.867196497493770032e-09	4.253749443274043188e+03	4.295312039634781286e+03
2.961225437988034610e-09	4.373831988510539304e+03	4.410462234278736105e+03
3.058338032378433485e-09	4.497852608626213623e+03	4.529388748686457802e+03
3.158635408267817403e-09	4.625940451731002213e+03	4.652215426252233556e+03
3.262222009711669644e-09	4.758228901312490052e+03	4.779070171781276258e+03
3.369205705980266915e-09	4.894855715133974627e+03	4.910085084682588786e+03
3.479697903887691433e-09	5.035963168687675534e+03	5.045396596529884846e+03
3.593813663804627762e-09	5.181698203352439123e+03	5.185145613133763618e+03
3.711671819475765297e-09	5.332212579410229409e+03	5.329477661273101148e+03
3.833395101766601886e-09	5.487663034080786929e+03	5.478543040238483627e+03
3.959110266468459240e-09	5.648211444738940372e+03	5.632496978345430762e+03
4.088948226294862618e-09	5.814024997484644700e+03	5.791499794580464368e+03
4.223044187206674123e-09	5.985276361241170889e+03	5.955717065548280516e+03
4.361537789208003199e-09	6.162143867562846935e+03	6.125319797893948817e+03
4.504573251759458750e-09	6.344811696339519585e+03	6.300484606379618526e+03
4.652299523960189308e-09	6.533470067591137195e+03	6.481393897801206549e+03
4.804870439655131104e-09	6.728315439552219686e+03	6.668236060936617832e+03
4.962444877628916452e-09	6.929550713252412606e+03	6.861205662723206842e+03
5.125186927053329472e-09	7.137385443806237163e+03	7.060503650868893601e+03
5.293266058360561204e-09	7.352036058632028471e+03	7.266337563107808819e+03
5.466857299720180771e-09	7.573726082827265600e+03	7.478921743318424888e+03
5.646141419303669251e-09	7.802686371935094030e+03	7.698477564729261758e+03
5.831305113526221869e-09	8.039155352344296261e+03	7.925233660444509951e+03
6.022541201461928965e-09	8.283379269573171769e+03	8.159426161529730962e+03
6.220048825634711276e-09	8.535612444695758313e+03	8.401298942905463264e+03
6.424033659394191079e-09	8.796117539177554136e+03	8.651103877304909474e+03
6.634708121092347870e-09	9.065165828396411598e+03	8.909101097560016569e+03
6.852291595284060743e-09	9.343037484133445105e+03	9.175559267489223203e+03
7.077010661181889919e-09	9.630021866328255783e+03	9.450755861668874786e+03
7.309099328602911004e-09	9.926417824402067708e+03	9.734977454379653864e+03
7.548799281653435948e-09	1.023253400846277327e+04	1.002852001802896302e+04
7.796360130405233414e-09	1.054868919071579876e+04	1.033168923135994919e+04
8.052039670825474778e-09	1.087521259741559879e+04	1.064480079776820457e+04
8.316104153230961616e-09	1.121244425170338764e+04	1.096818077405754593e+04
8.588828559546249041e-09	1.156073532768812220e+04	1.130216590997724961e+04
8.870496889654407999e-09	1.192044851613954779e+04	1.164710399889436121e+04
9.161402457138517586e-09	1.229195840217394107e+04	1.200335423996613645e+04
9.461848194721997291e-09	1.267565185532607393e+04	1.237128761218992258e+04
9.772146969725725887e-09	1.307192843241339324e+04	1.275128726071983328e+04
1.009262190987047331e-08	1.346275961162184649e+04	1.312078897647776830e+04
1.042360673976401127e-08	1.381955429974231993e+04	1.344407390601282896e+04
1.076544612842315905e-08	1.418804997400982393e+04	1.377796087814544262e+04
1.111849604819270880e-08	1.456863036512820872e+04	1.412279758402036350e+04
1.148312414543511117e-08	1.496169178814693259e+04	1.447894311722026941e+04
1.185971012337669343e-08	1.536764355516123760e+04	1.484676834770559435e+04
1.224864613750930795e-08	1.578690840154680154e+04	1.522665630801771476e+04
1.265033720395903769e-08	1.621669655117077673e+04	1.561517056006385246e+04
1.306520162124721228e-08	1.664199876717932784e+04	1.599435732786151129e+04
1.349367140588306343e-08	1.708124865534641140e+04	1.638597942405630602e+04
1.393619274224142065e-08	1.753490362584137256e+04	1.679044466190934691e+04
1.439322644719406651e-08	1.800343608947740722e+04	1.720817422880831509e+04
1.486524844997857277e-08	1.848733394965373009e+04	1.763960312486836119e+04
1.535275028780422776e-08	1.898710111043067809e+04	1.808518061591677906e+04
1.585623961771137302e-08	1.950287303547834745e+04	1.854492185342902303e+04
1.637624074521687477e-08	2.000856383392841599e+04	1.898826471918345123e+04
1.691329517029648562e-08	2.053083862654755285e+04	1.944614689536848891e+04
1.746796215127245689e-08	2.107024128097864377e+04	1.991904519477196664e+04
1.804081928719382751e-08	2.162733350085817438e+04	2.040745206712931031e+04
1.863246311931559514e-08	2.220269541074278459e+04	2.091187611193298289e+04
1.924350975230330612e-08	2.279692616021844151e+04	2.143284260805946906e+04
1.987459549580983990e-08	2.341064454782116809e+04	2.197089406076519663e+04
2.052637752709252173e-08	2.401436460481553877e+04	2.249216760823611912e+04
2.119953457536071000e-08	2.463365229327102497e+04	2.302570128801151077e+04
2.189476762856620985e-08	2.527324935545011977e+04	2.357673206178486362e+04
2.261280066337277307e-08	2.593382183181952496e+04	2.414583374206320877e+04
2.335438139906479724e-08	2.661605760546453166e+04	2.473359895938093541e+04
2.412028207618007283e-08	2.732066711841171855e+04	2.534063977943185455e+04
2.491130026067788373e-08	2.804838411144354541e+04	2.596758834044019750e+04
2.572825967447932303e-08	2.876810173489333829e+04	2.657947448245734995e+04
2.657201105324503850e-08	2.950021306476632162e+04	2.719889591766515150e+04
2.744343303228365032e-08	3.025633378943733987e+04	2.783863111278546785e+04
2.834343306151309448e-08	3.103725129057228696e+04	2.849934625212885658e+04
2.927294835042816131e-08	3.184377877180777068e+04	2.918172936734179893e+04
3.023294684405776334e-08	3.267675610557563778e+04	2.988649105388417956e+04
3.122442823092858392e-08	3.353705070769901067e+04	3.061436521100347818e+04
3.224842498408442807e-08	3.439301132163822331e+04	3.133057439297822202e+04
3.330600343624588813e-08	3.525564069185226253e+04	3.204690418657658665e+04
3.439826489022924478e-08	3.614655976100786938e+04	3.278672582372156467e+04
3.552634676578139226e-08	3.706669628219791775e+04	3.355080971312455222e+04
3.669142378402493899e-08	3.801700843392927345e+04	3.433995152884413255e+04
3.789470919074667737e-08	3.899848581791593460e+04	3.515497303885624569e+04
3.913745601980383687e-08	4.001215048959496198e+04	3.599672296079737862e+04
4.042095839796305955e-08	4.102751379318116233e+04	3.683250330160642625e+04
4.174655289253134782e-08	4.204023253781360108e+04	3.765743626252452668e+04
4.311561990318228626e-08	4.308616312218559324e+04	3.850942267874706886e+04
4.452958509942655287e-08	4.416639471967785357e+04	3.938934976108818228e+04
4.598992090522439315e-08	4.528205222282026807e+04	4.029813381620291329e+04
4.749814803228499868e-08	4.643429741469158762e+04	4.123672120077733416e+04
4.905583706365045989e-08	4.762433017873523931e+04	4.220608930701139616e+04
5.066461008921269181e-08	4.882539354791985534e+04	4.317825132713682979e+04
5.232614239486661694e-08	5.000954689025422704e+04	4.412398551915798453e+04
5.404216420705915059e-08	5.123253422400138516e+04	4.510073481047306268e+04
5.581446249454960394e-08	5.249562909949906316e+04	4.610951633294884959e+04
5.764488282925879445e-08	5.380014683282692567e+04	4.715138057501905860e+04
5.953533130814369715e-08	5.514744587550275901e+04	4.822741247560385091e+04
6.148777653810024108e-08	5.653892922909779736e+04	4.933873255390457780e+04
6.350425168595962148e-08	5.795529762718026177e+04	5.046562429071946099e+04
6.558685659571428548e-08	5.933377025732415495e+04	5.154461674552543263e+04
6.773775997517751128e-08	6.075744952783126791e+04	5.265899446862938930e+04
6.995920165435375620e-08	6.222781797835320322e+04	5.380991791041894612e+04
7.225349491787214948e-08	6.374640676803207316e+04	5.499858557794123772e+04
7.462302891391107044e-08	6.531479726996357931e+04	5.622623528296063887e+04
7.707027114212294845e-08	6.693462271795017296e+04	5.749414543094652618e+04
7.959777002314985573e-08	6.859929214835204766e+04	5.879556099325852847e+04
8.220815755240541849e-08	7.019610219745166251e+04	6.002019843441959529e+04
8.490415204088747078e-08	7.184527920403696771e+04	6.128499753216145473e+04
8.768856094587425811e-08	7.354854052844013495e+04	6.259127537724508147e+04
9.056428379445295063e-08	7.530765985136509698e+04	6.394039225406994228e+04
9.353431520292386860e-08	7.712446902089875948e+04	6.533375305719755852e+04
9.660174799522647250e-08	7.900085996009517112e+04	6.677280875433012261e+04
9.976977642363202159e-08	8.093878663711767877e+04	6.825905789726658259e+04
1.030416994950587396e-07	8.278984889231527632e+04	6.965198395505954977e+04
1.064209244064724761e-07	8.468985784649581183e+04	7.107948529981711181e+04
1.099109700929497372e-07	8.665217708497225249e+04	7.255380116848986654e+04
1.135154708920999096e-07	8.867885005681389885e+04	7.407646683083959215e+04
1.172381803286598596e-07	9.077198722545448982e+04	7.564906790538829227e+04
1.210829750232039531e-07	9.293376826641024672e+04	7.727324201059226471e+04
1.250538587290391570e-07	9.516644433707170538e+04	7.895068047016617493e+04
1.291549665014884007e-07	9.731388202027956140e+04	8.053844803749979474e+04
1.333905690039058854e-07	9.948967302631506755e+04	8.213987237430438108e+04
1.377650769549053468e-07	1.017368185151051584e+05	8.379381499292295484e+04
1.422830457214352017e-07	1.040576585377830052e+05	8.550199821632845851e+04
1.469491800624817218e-07	1.064546098868314148e+05	8.726620085061402642e+04
1.517683390283405561e-07	1.089301686127945723e+05	8.908826003734167898e+04
1.567455410205594968e-07	1.114869126235253061e+05	9.097007316663851088e+04
1.618859690178197646e-07	1.139661021215526416e+05	9.277129938773516915e+04
1.671949759731990056e-07	1.164410176106316212e+05	9.455614608301151020e+04
1.726780903884356132e-07	1.189970972896968888e+05	9.639952634717577894e+04
1.783410220710008120e-07	1.216370029166005988e+05	9.830335977292800089e+04
1.841896680799711039e-07	1.243634835408299550e+05	1.002696289054961235e+05
1.902301188668944219e-07	1.271793783662131318e+05	1.023003813071472978e+05
1.964686646180446931e-07	1.300876197075067903e+05	1.043977316894044779e+05
2.029118018046678038e-07	1.329345812373265799e+05	1.064306190621008282e+05
2.095662399480432992e-07	1.357287907756797504e+05	1.084058921826804872e+05
2.164389086064020114e-07	1.386146356667685614e+05	1.104459438557162648e+05
2.235369645909794139e-07	1.415951210674203467e+05	1.125528984764700581e+05
2.308677994187169850e-07	1.446733506877749169e+05	1.147289501091769635e+05
2.384390470093720426e-07	1.478525300233138842e+05	1.169763647718201682e+05
2.462585916350547006e-07	1.511359696928841586e+05	1.192974827958355163e+05
2.543345761304648365e-07	1.543861230929801241e+05	1.215791090115013649e+05
2.626754103723835758e-07	1.575147095497613191e+05	1.237484407101325487e+05
2.712897800372467241e-07	1.607458971606780542e+05	1.259889150602637237e+05
2.801866556459195443e-07	1.640830507030744629e+05	1.283028651660786272e+05
2.893753019050950594e-07	1.675296453012662241e+05	1.306927006452876085e+05
2.988652873550382326e-07	1.710892700453389261e+05	1.331609101383675879e+05
3.086664943337274455e-07	1.747656317286257108e+05	1.357100639000930532e+05
3.187891292677645596e-07	1.784521352203483984e+05	1.382554982577613846e+05
3.292437333007768907e-07	1.819228706997678091e+05	1.406181883094089280e+05
3.400411932703706463e-07	1.855074280187964032e+05	1.430583621479078429e+05
3.511927530450727317e-07	1.892095399341506127e+05	1.455785608332759584e+05
3.627100252330649086e-07	1.930330616173029703e+05	1.481814087589133123e+05
3.746050032748993774e-07	1.969819746690404427e+05	1.508696163844976400e+05
3.868900739327976195e-07	2.010603912656809262e+05	1.536459830585054879e+05
3.995780301895269929e-07	2.052120099230811466e+05	1.564672176867584931e+05
4.126820845702951630e-07	2.090228802511012764e+05	1.590172277615256025e+05
4.262158829015325345e-07	2.129587270499068545e+05	1.616508647330853855e+05
4.401935185208874400e-07	2.170236488893531787e+05	1.643708711230992340e+05
4.546295469532399562e-07	2.212218787507956731e+05	1.671800793934914400e+05
4.695390010680058238e-07	2.255577884350782842e+05	1.700814148960156599e+05
4.849374067335232931e-07	2.300358931150817371e+05	1.730778989185520913e+05
5.008407989848212921e-07	2.346608560375710658e+05	1.761726518313070992e+05
5.172657387216018967e-07	2.388110131919838313e+05	1.789075375154872017e+05
5.342293299538352136e-07	2.430833325237075915e+05	1.817218463875686575e+05
5.517492376129122323e-07	2.474957614225873840e+05	1.846284497646471136e+05
5.698437059469141914e-07	2.520528947443175130e+05	1.876303744202717207e+05
5.885315775191450570e-07	2.567594780316525430e+05	1.907307463902182935e+05
6.078323128297229089e-07	2.616204124561499921e+05	1.939327942277683178e+05
6.277660105806500796e-07	2.666407599219743861e+05	1.972398523657424666e+05
6.483534286054720147e-07	2.711906107132500620e+05	2.002030446855266928e+05
6.696160054853222944e-07	2.757693347153161885e+05	2.031777141900250281e+05
6.915758828738524922e-07	2.804982167435607407e+05	2.062499371834707854e+05
7.142559285543126448e-07	2.853821811901979963e+05	2.094229129063817963e+05
7.376797602527731619e-07	2.904263139415644109e+05	2.126999455175110197e+05
7.618717702322991504e-07	2.956358676742754178e+05	2.160844475346118852e+05
7.868571506936852863e-07	3.010162673250683001e+05	2.195799433880428551e+05
8.126619200091945450e-07	3.059530572255415027e+05	2.227620992979070870e+05
8.393129498166364485e-07	3.107907838509639259e+05	2.258684918624326237e+05
8.668379930019773693e-07	3.157871624241642421e+05	2.290767577383468160e+05
8.952657125996391396e-07	3.209473958932382520e+05	2.323902378335863468e+05
9.246257116405743783e-07	3.262768578355699428e+05	2.358123826202681812e+05
9.549485639791965964e-07	3.317810980535724666e+05	2.393467557278169261e+05
9.862658461312820294e-07	3.374658483539418667e+05	2.429970376539293211e+05
1.018610170155975315e-06	3.427615145872589201e+05	2.463809460918301484e+05
1.052015217616159169e-06	3.477921974577590590e+05	2.495815583325567713e+05
1.086515774652537176e-06	3.529878602243661298e+05	2.528871337936942582e+05
1.122147768207980340e-06	3.583539133585458039e+05	2.563011147159179091e+05
1.158948303439811928e-06	3.638959447667236673e+05	2.598270562272622774e+05
1.196955702359042833e-06	3.696197256092188181e+05	2.634686300452328287e+05
1.236209543736769070e-06	3.755312163100067992e+05	2.672296283003270510e+05
1.276750704319264407e-06	3.811398385614868021e+05	2.707889644873765646e+05
1.318621401394748678e-06	3.862786155199438217e+05	2.740372742539013270e+05
1.361865236756082925e-06	3.915859172911446076e+05	2.773921114684089553e+05
1.406527242105236574e-06	3.970672706011445844e+05	2.808569696699978667e+05
1.452653925946781372e-06	4.027283834234994720e+05	2.844354569674453232e+05
1.500293322019216825e-06	4.085751509232260287e+05	2.881312997964876122e+05
1.549495039314631713e-06	4.146136615956989699e+05	2.919483468003232265e+05
1.600310313738701654e-06	4.204693182300884509e+05	2.956465476112363976e+05
1.652792061464893799e-06	4.256138062266922789e+05	2.988873666075593210e+05
1.706994934038407828e-06	4.309270063280054019e+05	3.022344673940647044e+05
1.762975375287203917e-06	4.364144514022724470e+05	3.056913354535690160e+05
1.820791680099462520e-06	4.420818557666704291e+05	3.092615705743641593e+05
1.880504055128583443e-06	4.479351211378750741e+05	3.129488905988334445e+05
1.942174681489024486e-06	4.539803427777785109e+05	3.167571352950043511e+05
2.005867779508234000e-06	4.599956946777104167e+05	3.205465130974954227e+05
2.071649675602067297e-06	4.650289676012989949e+05	3.237169599315806990e+05
2.139588871343421664e-06	4.702273053610919160e+05	3.269913807196533307e+05
2.209756114795903333e-06	4.755961212141414289e+05	3.303731852596607059e+05
2.282224474186896537e-06	4.811410059438135359e+05	3.338658951729596592e+05
2.357069413996727979e-06	4.868677336817171308e+05	3.374731475715361303e+05
2.434368873543112862e-06	4.927822679205580498e+05	3.411986988454879029e+05
2.514203348142796913e-06	4.988482375079462654e+05	3.450199376421043999e+05
2.596655972934872394e-06	5.036435326969869784e+05	3.480511145710602868e+05
2.681812609453013329e-06	5.085960883062242065e+05	3.511816981347998953e+05
2.769761935036891063e-06	5.137110616489803651e+05	3.544149483472624561e+05
2.860595535175745131e-06	5.189937791712847538e+05	3.577542321336696623e+05
2.954407998880380251e-06	5.244497419985365123e+05	3.612030268366531236e+05
3.051297017182871440e-06	5.300846316640678560e+05	3.647649238373646513e+05
3.151363484866476280e-06	5.359043160255729454e+05	3.684436322953373310e+05
3.254711605531848180e-06	5.404985172429619124e+05	3.713665276891563553e+05
3.361449000108768764e-06	5.450706649485845119e+05	3.742783969856555341e+05
3.471686818926559579e-06	5.497927550125065027e+05	3.772857602551162126e+05
3.585539857459816780e-06	5.546697047541722422e+05	3.803917491967819515e+05
3.703126675869923221e-06	5.597065927551977802e+05	3.835995982131326455e+05
3.824569722466998750e-06	5.649086641479231184e+05	3.869126477780112764e+05
3.949995461220647668e-06	5.702813360773960594e+05	3.903343479152043001e+05
4.079534503452449404e-06	5.746012664715223946e+05	3.931087237924866495e+05
4.213321743847289341e-06	5.786622778974757530e+05	3.957265020757172024e+05
4.351496500925044872e-06	5.828564691044627689e+05	3.984301296959693427e+05
4.494202662119142613e-06	5.871882076877000509e+05	4.012224220592366182e+05
4.641588833612781958e-06	5.916620044765175553e+05	4.041062869019965292e+05
4.793808495089106764e-06	5.962825182316839928e+05	4.070847273191649583e+05
4.951020159556351225e-06	6.010545604967791587e+05	4.101608448913513566e+05
5.113387538414320594e-06	6.049787714179803152e+05	4.127145782049818663e+05
5.281079711934330620e-06	6.084098980354524683e+05	4.149661988585793879e+05
5.454271305329836335e-06	6.119535475305245491e+05	4.172916608078947174e+05
5.633142670601352205e-06	6.156134100608021254e+05	4.196933856584254536e+05
5.817880074344935696e-06	6.193932968016206287e+05	4.221738744315725635e+05
6.008675891719681185e-06	6.232971439147879137e+05	4.247357101690627751e+05
6.205728806776500758e-06	6.273290166474843863e+05	4.273815606227846583e+05
6.409244019356456972e-06	6.307351458953702822e+05	4.296393374615359935e+05
6.619433458774388568e-06	6.334373696884517558e+05	4.314602036660404410e+05
6.836516004510238809e-06	6.362282121864124201e+05	4.333407846895818366e+05
7.060717714137765353e-06	6.391105796159215970e+05	4.352830388636421412e+05
7.292272058728313350e-06	6.420874735125736333e+05	4.372889887426592759e+05
7.531420165974376510e-06	6.451619938465175219e+05	4.393607232102017151e+05
7.778411071286482598e-06	6.483373422505923081e+05	4.415003996542142122e+05
8.033501977124735881e-06	6.511078051274419995e+05	4.433865773959838552e+05
8.296958520834915102e-06	6.530084129959074780e+05	4.447237276858123951e+05
8.569055051268345481e-06	6.549713507899020333e+05	4.461047294609310338e+05
8.850074914473438512e-06	6.569986626026246231e+05	4.475310208190444973e+05
9.140310748756224233e-06	6.590924595627612434e+05	4.490040870198854245e+05
9.440064789417603028e-06	6.612549220328984084e+05	4.505254620318818488e+05
9.749649183484097127e-06	6.634883018800285645e+05	4.520967301295449724e+05
1.006938631476026946e-05	6.655165113340306561e+05	4.535387913546871278e+05
1.039960913954120295e-05	6.665737559948663693e+05	4.543546496719641727e+05
1.074066153333432437e-05	6.676656727109268541e+05	4.551972638440401643e+05
1.109289864895222712e-05	6.687933985429684399e+05	4.560675113220005296e+05
1.145668728634872662e-05	6.699581078413500218e+05	4.569662983327037655e+05
1.183240627458378028e-05	6.711610134689352708e+05	4.578945608224751777e+05
1.222044686631488820e-05	6.724033680641013198e+05	4.588532654317491688e+05
1.262121314522546164e-05	6.735999991683490807e+05	4.597857057762164040e+05
1.303512244681508904e-05	6.738053309736575466e+05	4.600609745734682074e+05
1.346260579298911035e-05	6.740173965804753825e+05	4.603452707371314755e+05
1.390410834090069648e-05	6.742364168220181018e+05	4.606388903172676219e+05
1.436008984651260800e-05	6.744626197736670729e+05	4.609421390728204278e+05
1.483102514336102853e-05	6.746962409904745873e+05	4.612553327900164877e+05
1.531740463702079875e-05	6.749375237524579279e+05	4.615787976112065953e+05
1.581973481578601704e-05	6.751867193179371534e+05	4.619128703744928935e+05
1.633853877809860416e-05	6.746138870769912610e+05	4.616824787940550596e+05
1.687435677727375848e-05	6.739711374281900935e+05	4.614090917993909679e+05
1.742774678408917511e-05	6.733073089769653743e+05	4.611267391515266499e+05
1.799928506782476860e-05	6.726217104496426182e+05	4.608351268242690130e+05
1.858956679635688644e-05	6.719136279024123214e+05	4.605339511489147553e+05
1.919920665593282809e-05	6.711823239778691204e+05	4.602228984980267123e+05
1.982883949127071257e-05	6.704270371371691581e+05	4.599016449588401010e+05
2.047912096665083489e-05	6.691483606276044156e+05	4.592036844182130881e+05
2.115072824868794552e-05	6.677066763901027152e+05	4.583939214681436424e+05
2.184436071149428344e-05	6.662177125045204302e+05	4.575576025592087535e+05
2.256074066496859061e-05	6.646799184474734357e+05	4.566938567958566127e+05
2.330061410696924993e-05	6.630916928465790115e+05	4.558017847217491944e+05
2.406475150015422205e-05	6.614513818128765561e+05	4.548804573831190937e+05
2.485394857429798490e-05	6.597572772185599897e+05	4.539289153614089009e+05
2.566902715491951889e-05	6.577775439985285047e+05	4.527561521672942908e+05
2.651083601908536550e-05	6.556184685208216542e+05	4.514504311399680446e+05
2.738025177927857720e-05	6.533885867416305700e+05	4.501018893415895873e+05
2.827817979625344298e-05	6.510855765872799093e+05	4.487091224764518556e+05
2.920555512182745176e-05	6.487070398323108675e+05	4.472706801953463582e+05
3.016334347259197422e-05	6.462504996021031402e+05	4.457850645852510934e+05
3.115254223555484670e-05	6.437133977935977746e+05	4.442507286094881711e+05
3.217418150676372115e-05	6.410566715719553176e+05	4.426093173111705692e+05
3.322932516398975161e-05	6.382807406950521981e+05	4.408640868911840371e+05
3.431907197459042598e-05	6.354137739092158154e+05	4.390616221074373461e+05
3.544455673970434785e-05	6.324527857162172440e+05	4.372000459743142128e+05
3.660695147596898513e-05	6.293946927092141705e+05	4.352774199509586906e+05
3.780746663599348950e-05	6.262363103618631139e+05	4.332917419225867488e+05
3.904735236885563870e-05	6.229743497121330583e+05	4.312409441155969398e+05
4.032789982193704951e-05	6.196831518255175324e+05	4.291506646634899662e+05
4.165044248545185317e-05	6.164025244847262511e+05	4.270341736224323977e+05
4.301635758106790800e-05	6.130143098497680621e+05	4.248482728250747314e+05
4.442706749606882658e-05	6.095149796241723234e+05	4.225906859970660880e+05
4.588404126454761567e-05	6.059008898019322660e+05	4.202590622142491629e+05
4.738879609717651733e-05	6.021682768728410592e+05	4.178509734545390238e+05
4.894289896114532395e-05	5.983132539033828070e+05	4.153639120695170132e+05
5.054796821191235987e-05	5.944465671793576330e+05	4.128575122844089055e+05
5.220567527846975100e-05	5.907777453193203546e+05	4.104449552975796396e+05
5.391774640387505993e-05	5.869886054299246753e+05	4.079532791511280811e+05
5.568596444286408510e-05	5.830752017136531649e+05	4.053798891534249415e+05
5.751217071841613668e-05	5.790334589716156479e+05	4.027221055206240853e+05
5.939826693920350535e-05	5.748591683598678792e+05	3.999771605860870332e+05
6.134621717992506365e-05	5.705479830065558199e+05	3.971421959182894207e+05
6.335804992658254750e-05	5.661782181910123909e+05	3.942638210883365246e+05
6.543586018883229940e-05	5.622355267532039434e+05	3.916324438904051203e+05
6.758181168161109969e-05	5.581635358066532062e+05	3.889147713826897088e+05
6.979813907830652742e-05	5.539580050086341798e+05	3.861079735336404410e+05
7.208715033782136410e-05	5.496145549555169418e+05	3.832091275015808060e+05
7.445122910795143767e-05	5.451286626223044004e+05	3.802152145910253166e+05
7.689283720758306707e-05	5.404956566526071401e+05	3.771231171091797878e+05
7.941451719029339520e-05	5.357107124941544607e+05	3.739296151193496189e+05
8.201889499202211654e-05	5.315951667954795994e+05	3.711506357122072368e+05
8.470868266557401581e-05	5.273506940655481303e+05	3.682843166545599815e+05
8.748668120479914808e-05	5.229670249903007643e+05	3.653239974318228778e+05
9.035578346138921401e-05	5.184395946629096870e+05	3.622665953337817919e+05
9.331897715733240167e-05	5.137636884716498316e+05	3.591089265535667655e+05
9.637934799615796556e-05	5.089344371903693536e+05	3.558477028722157702e+05
9.954008287621519404e-05	5.039468119079503231e+05	3.524795282345073065e+05
1.028044732093309733e-04	4.996290419528150815e+05	3.495407808164648595e+05
1.061759183482999177e-04	4.953108306589341955e+05	3.465970996128264233e+05
1.096579291267809898e-04	4.908510047833008575e+05	3.435568811732595786e+05
1.132541315152812739e-04	4.862449201136709307e+05	3.404169595849920879e+05
1.169682703970384685e-04	4.814877801321047591e+05	3.371740651099910028e+05
1.208042134677328878e-04	4.765746310201418819e+05	3.338248207800406381e+05
1.247659552630868559e-04	4.715003565001747338e+05	3.303657388801586931e+05
1.288576213185518274e-04	4.670352498229815974e+05	3.273063624447982875e+05
1.330834724654076035e-04	4.627280566789770965e+05	3.243480186632323312e+05
1.374479092677536609e-04	4.582796102904920699e+05	3.212926567904259427e+05
1.419554766050101292e-04	4.536852782952405978e+05	3.181370951440852950e+05
1.466108684046983103e-04	4.489402764138584025e+05	3.148780476994994096e+05
1.514189325304352018e-04	4.440396634678211994e+05	3.115121206676570000e+05
1.563846758302247630e-04	4.389783362339799642e+05	3.080358089611465111e+05
1.615132693503089671e-04	4.344203407675130875e+05	3.048952392990256776e+05
1.668100537200059119e-04	4.301939826764675672e+05	3.019749607319932547e+05
1.722805447131392292e-04	4.258290223048329935e+05	2.989589124122265493e+05
1.779304389918577296e-04	4.213209142279734951e+05	2.958439535963582457e+05
1.837656200388172322e-04	4.166649639552717563e+05	2.926268405411850545e+05
1.897921642839099502e-04	4.118563230415490689e+05	2.893042231258146348e+05
1.960163474319185771e-04	4.068899840381660615e+05	2.858726413630377501e+05
2.024446509976801894e-04	4.022913284929743386e+05	2.826891967731202603e+05
2.090837690555749911e-04	3.982008650154622155e+05	2.798493488044962287e+05
2.159406152103567479e-04	3.939762558847808396e+05	2.769163687830505078e+05
2.230223297965936195e-04	3.896131018301966833e+05	2.738872024680780596e+05
2.303362873142131230e-04	3.851068593080710853e+05	2.707586954558679718e+05
2.378901041078890991e-04	3.804528357704708469e+05	2.675275898948860122e+05
2.456916462982790305e-04	3.756461847786102444e+05	2.641905210932297050e+05
2.537490379733572054e-04	3.710553684577740496e+05	2.610001570307088550e+05
2.620706696483850184e-04	3.671421024208025192e+05	2.582731222934593388e+05
2.706652070033241614e-04	3.631005018732207245e+05	2.554566551830678945e+05
2.795415999067858812e-04	3.589263581191574340e+05	2.525478227888325928e+05
2.887090917359234942e-04	3.546153244396887603e+05	2.495435960160313407e+05
2.981772290019673471e-04	3.501629115664081182e+05	2.464408464315922174e+05
3.079558712914223133e-04	3.455644830065559945e+05	2.432363430063199194e+05
3.180552015332919840e-04	3.410251353410730371e+05	2.400716763875859906e+05
3.284857366030047169e-04	3.373181234029293410e+05	2.374807547963471152e+05
3.392583382740992125e-04	3.334895410020542331e+05	2.348048646261006943e+05
3.503842245290676185e-04	3.295354012677124119e+05	2.320412193550763186e+05
3.618749812411276696e-04	3.254515865808131057e+05	2.291869410782697669e+05
3.737425742391064479e-04	3.212338442860499490e+05	2.262390575105531316e+05
3.859993617679771628e-04	3.168777822634268668e+05	2.231944988915048889e+05
3.986581073580439268e-04	3.124279269017306506e+05	2.200841492505026981e+05
4.117319931161679482e-04	3.089457372118839412e+05	2.176447478955741099e+05
4.252346334528677710e-04	3.053493500446680118e+05	2.151253470271680562e+05
4.391800892596086085e-04	3.016350203244261793e+05	2.125233230826860527e+05
4.535828825510190908e-04	2.977988801567504997e+05	2.098359664604980790e+05
4.684580115873045679e-04	2.938369348006725777e+05	2.070604786983150116e+05
4.838209664925957392e-04	2.897450585087643121e+05	2.041939695590266492e+05
4.996877453854878855e-04	2.855189902308176388e+05	2.012334540209722763e+05
5.160748710385908026e-04	2.821692830955875688e+05	1.988831436703814543e+05
5.329994080844092930e-04	2.788153022602610290e+05	1.965293307633595250e+05
5.504789807854968417e-04	2.753513285225788131e+05	1.940983251930646074e+05
5.685317913873753860e-04	2.717737546947948285e+05	1.915875954467981937e+05
5.871766390733249843e-04	2.680788552924086107e+05	1.889945269915822137e+05
6.064329395408061141e-04	2.642627826546534779e+05	1.863164195515298052e+05
6.263207452198691922e-04	2.603215629377599107e+05	1.835504842959306843e+05
6.468607661546321112e-04	2.570722984141306079e+05	1.812678705070019059e+05
6.680743915695614441e-04	2.539637473289567279e+05	1.790832441654149734e+05
6.899837121430011690e-04	2.507532521442883881e+05	1.768269735886127455e+05
7.126115430111745839e-04	2.474374696307115955e+05	1.744967092231075512e+05
7.359814475265771296e-04	2.440129469185004709e+05	1.720900244624353072e+05
7.601177617955324041e-04	2.404761179019922274e+05	1.696044131202235585e+05
7.850456200204509452e-04	2.368232995260442549e+05	1.670372868203890976e+05
8.107909806731678154e-04	2.336888075680648035e+05	1.648330715908765269e+05
8.373806535266489033e-04	2.308231280366628489e+05	1.628169367873423616e+05
8.648423275731726865e-04	2.278634693132628745e+05	1.607346833834138233e+05
8.932045998580959026e-04	2.248067493754576717e+05	1.585841430373162439e+05
9.224970052592174194e-04	2.216497851267405786e+05	1.563630762970873911e+05
9.527500472427299482e-04	2.183892890818091109e+05	1.540691702685385826e+05
9.839952296278227113e-04	2.150218659431615670e+05	1.517000362067364331e+05
1.016265089392995313e-03	2.120136690805156250e+05	1.495828692587857076e+05
1.049593230558226731e-03	2.093841182854212821e+05	1.477312946042829135e+05
1.084014359178331072e-03	2.066683320769343700e+05	1.458189980553576606e+05
1.119564319483879432e-03	2.038634823877909221e+05	1.438439882537608792e+05
1.156280131207375458e-03	2.009666484050192521e+05	1.418042085351835412e+05
1.194200028133532475e-03	1.979748135283686570e+05	1.396975347875616280e+05
1.233363497913774571e-03	1.948848622289928026e+05	1.375217732391458994e+05
1.273811323186478358e-03	1.920117073098552355e+05	1.354982696133705322e+05
1.315585624045705277e-03	1.896085333739948692e+05	1.338049812337753247e+05
1.358729901902709343e-03	1.871265479931535374e+05	1.320561619157099049e+05
1.403289084785873256e-03	1.845631665671205847e+05	1.302499905369337357e+05
1.449309574126215073e-03	1.819157197344150336e+05	1.283845862519910734e+05
1.496839293077255632e-03	1.791814505925610429e+05	1.264580065336030821e+05
1.545927736419478674e-03	1.763575118272056861e+05	1.244682451498300798e+05
1.596626022101425152e-03	1.736255126906466612e+05	1.225430875653082912e+05
1.648986944471064796e-03	1.714369199793479638e+05	1.210002028375796654e+05
1.703065029252842687e-03	1.691765529568025959e+05	1.194067196188234084e+05
1.758916590327732569e-03	1.668420578037142986e+05	1.177609785450906202e+05
1.816599788375328683e-03	1.644310035079143418e+05	1.160612658340367198e+05
1.876174691439119486e-03	1.619408793328417523e+05	1.143058115002847189e+05
1.937703337477988952e-03	1.593690922030025686e+05	1.124927875122612313e+05
2.001249798969035112e-03	1.567819485636558675e+05	1.106688865539704857e+05
2.066880249629082268e-03	1.547948713647006953e+05	1.092675029233492241e+05
2.134663033324245458e-03	1.527426285017035552e+05	1.078201612922461209e+05
2.204668735239407457e-03	1.506230828841819603e+05	1.063253544803559489e+05
2.276970255381679901e-03	1.484340273363435990e+05	1.047815258797991264e+05
2.351642884494346396e-03	1.461731822986583575e+05	1.031870678341583261e+05
2.428764382460450386e-03	1.438381934540517977e+05	1.015403199643546250e+05
2.508415059277541159e-03	1.414266292762525845e+05	9.983956743962260953e+04
2.590677858688006548e-03	1.395981646006343944e+05	9.854966487567324657e+04
2.675638444552045497e-03	1.377398670931813540e+05	9.723869297608551278e+04
2.763385290053172599e-03	1.358206272171457240e+05	9.588472810449750978e+04
2.854009769829237483e-03	1.338384463838874944e+05	9.448636031791821006e+04
2.947606255124858923e-03	1.317912604615875462e+05	9.304213343465386424e+04
3.044272212064299925e-03	1.296769376257776166e+05	9.155054351792277885e+04
3.144108303147265162e-03	1.274932761393770779e+05	9.001003730973940401e+04
3.247218492073131874e-03	1.257568596016858501e+05	8.878481721885925799e+04
3.353710152002929105e-03	1.240781242912574089e+05	8.760023073530233523e+04
3.463694177371734288e-03	1.223443353063605027e+05	8.637679605558230833e+04
3.577285099367869762e-03	1.205536871764999669e+05	8.511323916352058586e+04
3.694601205199302477e-03	1.187043152212593559e+05	8.380824426191927341e+04
3.815764661271252300e-03	1.167942936085282272e+05	8.246045240236434620e+04
3.940901640403448279e-03	1.148216333490482793e+05	8.106846007009285677e+04
4.070142453219439092e-03	1.131784989855249005e+05	7.990885777040560788e+04
4.203621683844710293e-03	1.116650979750545230e+05	7.884073232211440336e+04
4.341478330055092809e-03	1.101020653841598105e+05	7.773757798609060410e+04
4.483855948021190328e-03	1.084877735584661277e+05	7.659824599935168226e+04
4.630902801799736956e-03	1.068205414651099418e+05	7.542154992554103956e+04
4.782772017727485517e-03	1.050986329422053823e+05	7.420626441943961254e+04
4.939621743878315659e-03	1.033202548909033067e+05	7.295112395096069667e+04
5.101615314749833284e-03	1.017705586470621347e+05	7.185730356620014936e+04
5.268921421350676766e-03	1.004086797308751266e+05	7.089597266694884456e+04
5.441714286865887221e-03	9.900213836072578852e+04	6.990311517857125727e+04
5.620173848083187887e-03	9.754946984340938798e+04	6.887769719502853695e+04
5.804485942768972118e-03	9.604916145150059310e+04	6.781865090361073089e+04
5.994842503189409637e-03	9.449965084808328538e+04	6.672487347297603264e+04
6.191441755977847815e-03	9.289932445982136414e+04	6.559522590472469165e+04
6.394488428556937588e-03	9.144227264237058989e+04	6.456667148614033067e+04
6.604193962330305243e-03	9.021870046503028425e+04	6.370286481280173757e+04
6.820776732865678482e-03	8.895500156615067681e+04	6.281072983118125558e+04
7.044462277299037498e-03	8.764986000065594271e+04	6.188933752200296294e+04
7.275483529196232965e-03	8.630191666740454093e+04	6.093772839905297587e+04
7.514081061116961897e-03	8.490976789389731130e+04	5.995491151002428523e+04
7.760503335133571261e-03	8.347196397457151033e+04	5.893986340459440544e+04
8.015006961565396618e-03	8.210595039272318536e+04	5.797547665949725342e+04
8.277856966198472027e-03	8.100818612433315138e+04	5.720041144050053845e+04
8.549327066268385539e-03	7.987442097105104767e+04	5.639992816542711807e+04
8.829699955494081307e-03	7.870347429350810125e+04	5.557319325594212569e+04
9.119267598459298088e-03	7.749412673358364555e+04	5.471934579673247208e+04
9.418331534647961592e-03	7.624511894463465433e+04	5.383749663899836014e+04
9.727203192450536648e-03	7.495515028008245281e+04	5.292672747454346245e+04
1.004620421346811079e-02	7.367789352999119728e+04	5.202492575469677831e+04
1.037566678745184892e-02	7.269422547907747503e+04	5.133036229286024900e+04
1.071593399822671176e-02	7.167829829813678225e+04	5.061302080849208141e+04
1.106736018095974550e-02	7.062905405764796888e+04	4.987215430244972958e+04
1.143031129114480994e-02	6.954540013357483258e+04	4.910699127795398090e+04
1.180516528568803167e-02	6.842620806956892193e+04	4.831673493719570251e+04
1.219231251649109671e-02	6.727031240185799834e+04	4.750056235159490461e+04
1.259215613694151040e-02	6.607898656698373088e+04	4.665937240487643430e+04
1.300511252173409960e-02	6.519852457235338807e+04	4.603764185945096688e+04
1.343161170046018073e-02	6.428918806264430896e+04	4.539552182746244216e+04
1.387209780541618330e-02	6.335003010587533208e+04	4.473234364116514189e+04
1.432702953409829491e-02	6.238007271568444412e+04	4.404741670403365424e+04
1.479688062686396362e-02	6.137830583290944196e+04	4.334002777161486301e+04
1.528214036025870790e-02	6.034368627376853692e+04	4.260944020879496384e+04
1.578331405652119712e-02	5.927513664354750654e+04	4.185489322270906268e+04
1.630092360979738114e-02	5.844772425800252677e+04	4.127059662498404214e+04
1.683550802961200632e-02	5.763458639577702706e+04	4.069637500198793714e+04
1.738762400216250711e-02	5.679478189534668491e+04	4.010332193480358546e+04
1.795784647002096959e-02	5.592743623146041500e+04	3.949081985126723157e+04
1.854676923084701279e-02	5.503164619904592109e+04	3.885823092610148888e+04
1.915500555573523833e-02	5.410647897266284417e+04	3.820489641672013386e+04
1.978318882784162180e-02	5.315097113511020871e+04	3.753013597725012369e+04
2.043197320195270367e-02	5.237353235337781371e+04	3.698110691606244654e+04
2.110203428568596662e-02	5.164704263089301094e+04	3.646805012969983363e+04
2.179406984302958289e-02	5.089672787271744164e+04	3.593816778356925352e+04
2.250880052095457357e-02	5.012180674319276295e+04	3.539090808794881013e+04
2.324697059985645492e-02	4.932147228296688991e+04	3.482570115732037084e+04
2.400934876860652198e-02	4.849489106867241935e+04	3.424195841692324029e+04
2.479672892502160150e-02	4.764120234504591645e+04	3.363907198984515708e+04
2.560993100258462246e-02	4.691271884957896691e+04	3.312459581216202059e+04
2.644980182427714502e-02	4.626413973159723537e+04	3.266654110712403781e+04
2.731721598441373688e-02	4.559429063531297288e+04	3.219346462083005463e+04
2.821307675939470697e-02	4.490247401748992706e+04	3.170487371799090033e+04
2.913831704832788722e-02	4.418796945914828393e+04	3.120025960747510180e+04
3.009390034449724305e-02	4.345003291536097095e+04	3.067909681248241031e+04
3.108082173869057552e-02	4.268789594044703699e+04	3.014084262334187952e+04
3.210010895543168735e-02	4.200700965369935147e+04	2.965996386691458247e+04
3.315282342319423453e-02	4.142837832268780039e+04	2.925129316285752429e+04
3.424006137971426222e-02	4.083077093229580350e+04	2.882922021261778718e+04
3.536295501355046084e-02	4.021356516774313059e+04	2.839330549312469884e+04
3.652267364308168368e-02	3.957611830560319504e+04	2.794309506726636391e+04
3.772042493416994519e-02	3.891776654450671776e+04	2.747812011118482405e+04
3.895745615775501186e-02	3.823782431389671547e+04	2.699789642606956841e+04
4.023505548869293208e-02	3.760290992369486048e+04	2.654947012465238367e+04
4.155455334718879262e-02	3.708699349882048409e+04	2.618507920401999945e+04
4.291732378422148664e-02	3.655415773309984797e+04	2.580873818083182414e+04
4.432478591240391480e-02	3.600384776128549856e+04	2.542005515467804435e+04
4.577840538376615892e-02	3.543549052147316979e+04	2.501862537288009844e+04
4.727969591600390820e-02	3.484849415834699903e+04	2.460403080900380883e+04
4.883022086877885498e-02	3.424224740685470897e+04	2.417583972755013747e+04
5.043159487171348238e-02	3.365147721185267437e+04	2.375857732808187939e+04
5.208548550577655339e-02	3.319172466868042102e+04	2.343384226042442606e+04
5.379361503980698012e-02	3.271689466410576279e+04	2.309845759327846099e+04
5.555776222398878250e-02	3.222649273682401690e+04	2.275207407588372371e+04
5.737976414214139564e-02	3.172000820980452772e+04	2.239433100389487663e+04
5.926151812475564939e-02	3.119691365850033253e+04	2.202485584376429688e+04
6.120498372476690374e-02	3.065666436161792444e+04	2.164326384480656998e+04
6.321218475812448445e-02	3.010806518016936752e+04	2.125577344856794662e+04
6.528521141127847927e-02	2.969855764562297918e+04	2.096651599980990795e+04
6.742622241778348235e-02	2.927562042126235247e+04	2.066777243056429506e+04
6.963744730628236568e-02	2.883881308401027127e+04	2.035923164605275815e+04
7.192118872221178738e-02	2.838768076723283593e+04	2.004057234922714633e+04
7.427982482564911282e-02	2.792175368706664813e+04	1.971146270618860945e+04
7.671581176779301847e-02	2.744054665321263747e+04	1.937156000063468673e+04
7.923168624866261389e-02	2.694355856368586319e+04	1.902051027697359677e+04
8.183006815867406580e-02	2.656745012206051251e+04	1.875483397302544108e+04
8.451366330684703665e-02	2.619089449997087650e+04	1.848884055276810614e+04
8.728526623848370525e-02	2.580198983720218894e+04	1.821412394960119127e+04
9.014776314524917955e-02	2.540033115027596796e+04	1.793039808907973202e+04
9.310413487069084393e-02	2.498550017438908617e+04	1.763736751502400148e+04
9.615746001432116941e-02	2.455706492785631417e+04	1.733472708184804651e+04
9.931091813749780284e-02	2.411457926226892960e+04	1.702216163679830061e+04
1.025677930744420957e-01	2.376205240173538186e+04	1.677313297415719353e+04
1.059314763518370006e-01	2.342691904069273733e+04	1.653638809603760456e+04
1.094054707205743548e-01	2.308079507091760024e+04	1.629187923310689621e+04
1.129933938033223922e-01	2.272332005834296069e+04	1.603935176756457076e+04
1.166989818617144986e-01	2.235412174856325873e+04	1.577854273148764514e+04
1.205260936870841404e-01	2.197281567918935616e+04	1.550918053299050189e+04
1.244787146187906202e-01	2.157900477949126434e+04	1.523098467340454408e+04
1.285609606943296512e-01	2.124942907766846838e+04	1.499815849204369260e+04
1.327770829355431892e-01	2.095126253449267097e+04	1.478751610586918105e+04
1.371314717753943091e-01	2.064331769946626446e+04	1.456996575910933643e+04
1.416286616299197443e-01	2.032527389612930347e+04	1.434528090704860006e+04
1.462733356201129931e-01	1.999679993152342286e+04	1.411322757549828202e+04
1.510703304486655796e-01	1.965755375130593166e+04	1.387356411714886781e+04
1.560246414366371071e-01	1.930718208355368552e+04	1.362604095993212104e+04
1.611414277253016558e-01	1.899978784001617896e+04	1.340887364554152919e+04
1.664260176485901910e-01	1.873459109693209757e+04	1.322151123389634085e+04
1.718839142817145671e-01	1.846069729775279484e+04	1.302800432218955757e+04
1.775208011717636092e-01	1.817782122485514265e+04	1.282815140318888916e+04
1.833425482562292541e-01	1.788566830698052581e+04	1.262174436128636989e+04
1.893552179756291254e-01	1.758393431248491106e+04	1.240856825577850395e+04
1.955650715865947520e-01	1.727230503252893686e+04	1.218840109703895178e+04
2.019785756819878764e-01	1.698621867285369808e+04	1.198627560277998782e+04
2.086024089248504632e-01	1.675041047680094562e+04	1.181966415533707914e+04
2.154434690031886424e-01	1.650686901417435001e+04	1.164758873014064920e+04
2.225088798128364853e-01	1.625534067456979756e+04	1.146987013750508413e+04
2.298059988758848760e-01	1.599556353049786412e+04	1.128632331126700046e+04
2.373424250023866422e-01	1.572726706462741822e+04	1.109675711606786354e+04
2.451260062033339959e-01	1.545017188808395076e+04	1.090097414831627611e+04
2.531648478631358112e-01	1.518444609472865341e+04	1.071322128203545435e+04
2.614673211801087360e-01	1.497482126672243612e+04	1.056509725080944554e+04
2.700420718837769907e-01	1.475832184867817341e+04	1.041211553168860883e+04
2.788980292380439652e-01	1.453472239025853742e+04	1.025411681810070149e+04
2.880444153396297668e-01	1.430379004754280868e+04	1.009093657905713917e+04
2.974907547214443726e-01	1.406528434055629987e+04	9.922404887819673604e+03
3.072468842708997450e-01	1.381895690284806369e+04	9.748346244948248568e+03
3.173229634734973104e-01	1.357259605148044648e+04	9.574262617519323612e+03
3.277294849923382269e-01	1.338628883737830074e+04	9.442602104813602637e+03
3.384772855945983316e-01	1.319387172813511097e+04	9.306623820889384660e+03
3.495775574363279015e-01	1.299514435137766850e+04	9.166186165597075160e+03
3.610418597173329913e-01	1.278989976357453634e+04	9.021142895048145874e+03
3.728821307182829670e-01	1.257792423453656011e+04	8.871342969324898149e+03
3.851107002325568907e-01	1.235899702485040325e+04	8.716630395196076279e+03
3.977403024058037140e-01	1.213289015601282517e+04	8.556844063674208883e+03
4.107840889965651554e-01	1.196542861495112993e+04	8.438488335154252127e+03
4.242556430717768223e-01	1.179444969574413699e+04	8.317646102721175339e+03
4.381689931514186065e-01	1.161786356871793578e+04	8.192840881670950694e+03
4.525386278170167031e-01	1.143548634699530521e+04	8.063942706854299104e+03
4.673795107992463338e-01	1.124712811317815613e+04	7.930817350949693719e+03
4.827070965603187935e-01	1.105259272157824671e+04	7.793326184686581655e+03
4.985373463873883915e-01	1.085167759396209476e+04	7.651326032484663301e+03
5.148867450137487589e-01	1.069480612292538717e+04	7.540442669986679903e+03
5.317723177850967042e-01	1.054290511426750345e+04	7.433069519658522950e+03
5.492116483887790057e-01	1.038602255275246716e+04	7.322175095650061849e+03
5.672228971644548423e-01	1.022399506968978676e+04	7.207643918734936051e+03
5.858248200152549323e-01	1.005665393875656264e+04	7.089356722576515494e+03
6.050367879391213011e-01	9.883824900295390762e+03	6.967190329530651979e+03
6.248788072006887795e-01	9.705327979850053453e+03	6.841017522375328554e+03
6.453715401646701322e-01	9.558753435383296164e+03	6.737399147400056791e+03
6.665363268124920859e-01	9.423824830724019193e+03	6.642008027038260479e+03
6.883952069645510319e-01	9.284471278646742576e+03	6.543488580456751151e+03
7.109709432312424360e-01	9.140547664187155533e+03	6.441738215035809844e+03
7.342870447166758296e-01	8.991904113374543158e+03	6.336650973658222028e+03
7.583677914997191127e-01	8.838385837161549716e+03	6.228117424371551351e+03
7.832382599179205096e-01	8.679832970235489483e+03	6.116024546431814088e+03
8.089243486805955952e-01	8.543199730417314640e+03	6.019419667923532870e+03
8.354528058382855171e-01	8.423366356176935369e+03	5.934684820457166097e+03
8.628512566366886016e-01	8.299603078553382147e+03	5.847171116383936351e+03
8.911482322840202919e-01	8.171781017418752526e+03	5.756787423846389174e+03
9.203731996618230715e-01	8.039767066055886062e+03	5.663439622342229086e+03
9.505565920101212152e-01	7.903423752548512311e+03	5.567030504712515722e+03
9.817298406188821325e-01	7.762609096625739767e+03	5.467459675915607477e+03
1.013925407558814440e+00	7.635515866855187596e+03	5.377584552240937228e+03
1.047176819485520438e+00	7.529105065513676891e+03	5.302324663191826403e+03
1.081518702552289213e+00	7.419204550468890375e+03	5.224596646257099565e+03
1.116986818467825104e+00	7.305699877495455439e+03	5.144319559844407195e+03
1.153618101736475943e+00	7.188472849200325072e+03	5.061409807903586625e+03
1.191450698119774998e+00	7.067401391938582492e+03	4.975781052874388479e+03
1.230524004359261570e+00	6.942359428692905567e+03	4.887344125779454771e+03
1.270878709202059476e+00	6.824373246786680284e+03	4.803892664172703917e+03
1.312556835771845343e+00	6.729895252380670172e+03	4.737055638895643824e+03
1.355601785329366038e+00	6.632318877475886438e+03	4.668026711292370237e+03
1.400058382468096108e+00	6.531542511514464422e+03	4.596733998513685947e+03
1.445972921792019639e+00	6.427461211647571872e+03	4.523103260331648926e+03
1.493393216124253353e+00	6.319966593453767928e+03	4.447057821829938803e+03
1.542368646296630619e+00	6.208946718073567354e+03	4.368518493558904993e+03
1.592950212572119773e+00	6.099614537851910427e+03	4.291170456981250936e+03
1.645190587753660783e+00	6.015743025576772197e+03	4.231819692123321147e+03
1.699144172034625866e+00	5.929120969540932492e+03	4.170522534842691130e+03
1.754867149648152269e+00	5.839658166399130096e+03	4.107215153721646857e+03
1.812417547374239657e+00	5.747261454611574663e+03	4.041831624008248582e+03
1.871855294965575345e+00	5.651834617430766230e+03	3.974303858965993641e+03
1.933242287555043237e+00	5.553278282706724895e+03	3.904561538972081962e+03
1.996642450109793465e+00	5.452136501353464155e+03	3.832989287686358239e+03
2.062121803999144465e+00	5.377691084662703361e+03	3.780291334707847909e+03
2.129748535745523252e+00	5.300804250488975413e+03	3.725865166488730210e+03
2.199593068030070597e+00	5.221395933200432410e+03	3.669654106673497608e+03
2.271728133026902796e+00	5.139383441434267297e+03	3.611599620220737506e+03
2.346228848142262624e+00	5.054681371986624072e+03	3.551641252448066552e+03
2.423172794237601124e+00	4.967201520878465999e+03	3.489716566077992411e+03
2.502640096417921622e+00	4.876852791504906236e+03	3.425761076219246661e+03
2.584713507469558191e+00	4.807714201348192546e+03	3.376804021527917939e+03
2.669478494034318139e+00	4.739477965472106007e+03	3.328483151930876375e+03
2.757023325609582631e+00	4.669003940533303648e+03	3.278577612369309918e+03
2.847439166467247595e+00	4.596218738839384059e+03	3.227035434016551335e+03
2.940820170587066684e+00	4.521046565968244977e+03	3.173802943742194657e+03
3.037263579703306071e+00	4.443409141840043048e+03	3.118824708219919103e+03
3.136869824566873799e+00	4.363225619200668007e+03	3.062043476202306920e+03
3.239742629528195472e+00	4.298624543872483628e+03	3.016283512720060571e+03
3.345989120549975215e+00	4.238074181370313454e+03	2.973387083248318504e+03
3.455719936762142730e+00	4.175538085962288278e+03	2.929083876871770372e+03
3.569049345675222806e+00	4.110951136070108078e+03	2.883327758718959558e+03
3.686095362172154388e+00	4.044246074470742315e+03	2.836071080937669194e+03
3.806979871402284221e+00	3.975353438258587175e+03	2.787264633077161307e+03
3.931828755705770284e+00	3.904201486510666200e+03	2.736857590843152138e+03
4.060772025700369880e+00	3.843986101115907786e+03	2.694187703159979719e+03
4.193943955667178258e+00	3.790263721560755585e+03	2.656110508783114255e+03
4.331483223376394243e+00	3.734779530970036376e+03	2.616784583024428684e+03
4.473533054498463279e+00	3.677475751223155385e+03	2.576168974073022582e+03
4.620241371751312442e+00	3.618292709381532404e+03	2.534221387114329900e+03
4.771760948938751135e+00	3.557168775548564554e+03	2.490898140286679791e+03
4.928249570040502903e+00	3.494040298691722001e+03	2.446154119193464339e+03
5.089870193519674402e+00	3.438037397479881292e+03	2.406452404413487784e+03
5.256791122018420026e+00	3.390380248617388588e+03	2.372656689290839495e+03
5.429186177618942288e+00	3.341160196333929434e+03	2.337752652750735251e+03
5.607234882852038638e+00	3.290325985630796822e+03	2.301703947689408324e+03
5.791122647641747001e+00	3.237824680615350189e+03	2.264473035009574687e+03
5.981040962380932413e+00	3.183601609376520173e+03	2.226021144529303456e+03
6.177187597338488878e+00	3.127600307052590324e+03	2.186308234608954535e+03
6.379766808606282424e+00	3.075621766701789966e+03	2.149442532555399794e+03
6.588989550799956518e+00	3.033351764557400202e+03	2.119450666950075629e+03
6.805073696735220778e+00	2.989695529024471398e+03	2.088475226152475898e+03
7.028244264308338707e+00	2.944607598950655756e+03	2.056483954077852104e+03
7.258733650817245753e+00	2.898041022297282780e+03	2.023443536811789954e+03
7.496781874966876202e+00	2.849947307246178752e+03	1.989319567918997109e+03
7.742636826811278183e+00	2.800276371702987944e+03	1.954076512614354442e+03
7.996554525892363152e+00	2.752124457500133758e+03	1.919908237239864320e+03
8.258799387844256046e+00	2.714638818646717937e+03	1.893296195202290164e+03
8.529644499741017682e+00	2.675923848316288513e+03	1.865811418380274290e+03
8.809371904473991322e+00	2.635939230912622861e+03	1.837425285670528410e+03
9.098272894455567084e+00	2.594643328700321945e+03	1.808108237348350713e+03
9.396648314954710202e+00	2.551993138445617660e+03	1.777829744285791776e+03
9.704808877380287413e+00	2.507944246635223408e+03	1.746558276160340483e+03
1.002307548283864236e+01	2.463415931903768069e+03	1.714945573687489514e+03
1.035177955630176250e+01	2.430178807000088000e+03	1.691337136860582632e+03
1.069126339173477191e+01	2.395851679495434837e+03	1.666954467676911690e+03
1.104188050854162562e+01	2.360398803046718967e+03	1.641772175393894258e+03
1.140399601970030830e+01	2.323783259019116485e+03	1.615764036586353541e+03
1.177798701197118092e+01	2.285966918041057397e+03	1.588902967838904942e+03
1.216424293857368077e+01	2.246910400298467266e+03	1.561160997542827545e+03
1.256316602474121602e+01	2.206573034526821175e+03	1.532509236767987204e+03
1.297517168657589615e+01	2.176335811230182571e+03	1.511022944652603655e+03
1.340068896363947992e+01	2.145904486132506008e+03	1.489397889187625651e+03
1.384016096573130383e+01	2.114475173886308312e+03	1.467063645825938465e+03
1.429404533431761060e+01	2.082015145770600157e+03	1.443996956940592327e+03
1.476281471909391030e+01	2.048490599734755051e+03	1.420173802176992922e+03
1.524695727017576097e+01	2.013866625198960264e+03	1.395569373439457877e+03
1.574697714643083479e+01	1.978107166700300013e+03	1.370158049057459493e+03
1.626339504048190676e+01	1.949855268177790094e+03	1.350077852457812924e+03
1.679674872092653359e+01	1.922882164993954348e+03	1.330905277768179076e+03
1.734759359233932585e+01	1.895024486122182452e+03	1.311103943631402444e+03
1.791650327363903017e+01	1.866253222139926947e+03	1.290653230049972763e+03
1.850407019542298315e+01	1.836538412268407455e+03	1.269531840799091469e+03
1.911090621689136171e+01	1.805849113173124806e+03	1.247717781249968994e+03
1.973764326300255334e+01	1.774153366741232048e+03	1.225188335465868931e+03
2.038493398252463962e+01	1.747823124962262000e+03	1.206473488104288663e+03
2.105345242766708225e+01	1.723918904971452775e+03	1.189483491145970447e+03
2.174389475600075627e+01	1.699230752494316448e+03	1.171936311792102742e+03
2.245697995539771696e+01	1.673732958675115242e+03	1.153813677395388822e+03
2.319345059274427712e+01	1.647398971543088464e+03	1.135096716061969801e+03
2.395407358720879643e+01	1.620201368362709673e+03	1.115765936999283440e+03
2.473964100886816908e+01	1.592111827077192402e+03	1.095801210219452059e+03
2.555097090352501965e+01	1.567628815413255552e+03	1.078404718652755491e+03
2.638890814457507972e+01	1.546446797231827532e+03	1.063359004609966178e+03
2.725432531281027693e+01	1.524570120442637062e+03	1.047819870408614406e+03
2.814812360507581346e+01	1.501976003902867660e+03	1.031771134466876674e+03
2.907123377272581166e+01	1.478640919368230925e+03	1.015196084532291934e+03
3.002461709085543262e+01	1.454540566991977585e+03	9.980774602785611478e+02
3.100926635931923414e+01	1.429649850020389749e+03	9.803974353316058341e+02
3.202620693657650008e+01	1.406931694595532690e+03	9.642684313910935998e+02
3.307649780744242918e+01	1.388162802992354045e+03	9.509571798873759008e+02
3.416123268585532458e+01	1.368778390620632990e+03	9.372093894590881291e+02
3.528154115380876732e+01	1.348758271641777583e+03	9.230107439292285108e+02
3.643858983763541204e+01	1.328081598228022358e+03	9.083464576256030796e+02
3.763358362286533065e+01	1.306726838852687479e+03	8.932012599838674305e+02
3.886776690892667574e+01	1.284671755868444734e+03	8.775593796456115570e+02
4.014242490499325555e+01	1.263630350131361638e+03	8.626451857840052071e+02
4.145888496832903058e+01	1.246998529152395349e+03	8.508843808098944237e+02
4.281851798652406416e+01	1.229821272063098149e+03	8.387378833895053276e+02
4.422273980505897129e+01	1.212080691432454159e+03	8.261930448424601536e+02
4.567301270168746896e+01	1.193758313215941826e+03	8.132368016782983204e+02
4.717084690917022272e+01	1.174835057517701216e+03	7.998556619928908731e+02
4.871780218794621931e+01	1.155291218721805535e+03	7.860356914187320854e+02
5.031548945038046838e+01	1.135834408273975896e+03	7.722836636635805689e+02
5.196557243827657402e+01	1.121092391220852278e+03	7.619128830825910654e+02
5.366976945540476152e+01	1.105866913670526401e+03	7.512019955326577474e+02
5.542985515684674169e+01	1.090142120665600032e+03	7.401398472969102613e+02
5.724766239702167070e+01	1.073901637289597602e+03	7.287149188753252247e+02
5.912508413831869092e+01	1.057128551615043307e+03	7.169153129889596130e+02
6.106407542232037144e+01	1.039805397092338353e+03	7.047287421908013130e+02
6.306665540567406225e+01	1.021914134361070523e+03	6.921425160703061010e+02
6.513490946272808912e+01	1.008763521497496185e+03	6.829686564673932025e+02
6.727099135712350630e+01	9.952600987126755854e+02	6.735502784552888897e+02
6.947712548460225435e+01	9.813138347976404248e+02	6.638230272611676810e+02
7.175560918936922405e+01	9.669102068962387193e+02	6.537767734718254360e+02
7.410881515641570161e+01	9.520342158791503380e+02	6.434010554826721773e+02
7.653919388230156073e+01	9.366703707246277872e+02	6.326850686035978697e+02
7.904927622696436629e+01	9.208026723870184469e+02	6.216176538075774261e+02
8.164167604921453858e+01	9.084868822986092027e+02	6.131222935136198657e+02
8.431909292866251349e+01	8.964975043364622707e+02	6.048746810790404425e+02
8.708431497690725109e+01	8.841149379381718063e+02	5.963565904056976024e+02
8.994022174092053490e+01	8.713262885943807987e+02	5.875591512322611152e+02
9.288978720164516290e+01	8.581182389237546886e+02	5.784732023995585450e+02
9.593608287093125853e+01	8.444770348050099074e+02	5.690892823106594278e+02
9.908228099003788714e+01	8.303884710541373124e+02	5.593976190780946354e+02
1.023316578330244937e+02	8.188686910714604892e+02	5.515836272893851628e+02
1.056875971184805252e+02	8.082031444473436750e+02	5.444058479634874175e+02
1.091535935331393290e+02	7.971878240809199951e+02	5.369926752888234205e+02
1.127332563710484834e+02	7.858112592360796498e+02	5.293363896036260030e+02
1.164303132920875612e+02	7.740616029969925194e+02	5.214290180818865110e+02
1.202486142037412122e+02	7.619266199314047299e+02	5.132623264309081605e+02
1.241921352701784684e+02	7.493936733493399061e+02	5.048278103165711741e+02
1.282649830528062580e+02	7.386212417930647689e+02	4.977010310060717302e+02
1.324713987866115019e+02	7.291029784580857722e+02	4.915133217594574262e+02
1.368157627967470660e+02	7.192725662287008390e+02	4.851226882469072166e+02
1.413025990599533657e+02	7.091197682656004417e+02	4.785224756215206412e+02
1.459365799155757486e+02	6.986340120150730399e+02	4.717058107924764272e+02
1.507225309310758803e+02	6.878043781993418406e+02	4.646655952677822938e+02
1.556654359271059036e+02	6.766195894458448947e+02	4.573944977623051500e+02
1.607704421673822139e+02	6.665355433568169019e+02	4.509671010585188924e+02
1.660428657187529780e+02	6.579970983547561900e+02	4.457124899853121178e+02
1.714881969870540956e+02	6.491786373378482722e+02	4.402855553506212800e+02
1.771121064345090304e+02	6.400709772559531530e+02	4.346806458494440335e+02
1.829204504846290149e+02	6.306646339032644164e+02	4.288919248437463807e+02
1.889192776207664224e+02	6.209498120419854104e+02	4.229133642845126246e+02
1.951148346846616732e+02	6.109163952021255000e+02	4.167387384344775114e+02
2.015135733815558865e+02	6.014500527590112142e+02	4.110334216102506844e+02
2.081221569986341819e+02	5.937276518656876760e+02	4.066811401894033793e+02
2.149474673437976264e+02	5.857519969052979150e+02	4.021861268661242548e+02
2.219966119119952452e+02	5.775147824786031379e+02	3.975437007859354708e+02
2.292769312865648885e+02	5.690074308130259624e+02	3.927490275869932361e+02
2.367960067833078881e+02	5.602210828302359005e+02	3.877971143658529058e+02
2.445616683452449251e+02	5.511465889208036515e+02	3.826828044781392464e+02
2.525820026962779821e+02	5.422129384750859344e+02	3.777382728166163020e+02
2.608653617622545084e+02	5.351399623040783808e+02	3.742894192216737679e+02
2.694203713681882277e+02	5.278350297756734335e+02	3.707274613976574074e+02
2.782559402207126027e+02	5.202905339433133349e+02	3.670486901216958131e+02
2.873812691851068735e+02	5.124986183926674812e+02	3.632492745279479323e+02
2.968058608665596125e+02	5.044511690604040268e+02	3.593252581183548955e+02
3.065395295056523537e+02	4.961398057846565166e+02	3.552725546425631933e+02
3.165924111983520675e+02	4.876354112594273715e+02	3.511507661434034731e+02
3.269749744511767631e+02	4.810346521654770982e+02	3.486451053179413861e+02
3.376980310825094875e+02	4.742174229465790063e+02	3.460572720174283745e+02
3.487727474814170705e+02	4.671766245230180630e+02	3.433845714175744206e+02
3.602106562357066082e+02	4.599049250026602067e+02	3.406242203180483443e+02
3.720236681413065867e+02	4.523947520459370253e+02	3.377733442442111027e+02
3.842240846055060501e+02	4.446382849804330704e+02	3.348289744537981960e+02
3.968246104569486192e+02	4.366274466568777370e+02	3.317880448454384350e+02
4.098383671757252955e+02	4.301111567821322410e+02	3.301387232113491450e+02
4.232789065573544462e+02	4.235795872023637685e+02	3.286037057515764559e+02
4.371602248248502747e+02	4.168338165492168628e+02	3.270183478057195998e+02
4.514967772036101792e+02	4.098668201559132171e+02	3.253809984710327967e+02
4.663034929742735812e+02	4.026713429836109412e+02	3.236899527038572160e+02
4.815957910192341274e+02	3.952398920664149955e+02	3.219434495440847286e+02
4.973895958790057534e+02	3.875647287086197252e+02	3.201396702813916022e+02
5.137013543351338285e+02	3.809129461246751589e+02	3.193849866547463421e+02
5.305480525369574707e+02	3.744426579882819510e+02	3.189529015723555290e+02
5.479472336900292930e+02	3.677601784870174129e+02	3.185066463755214841e+02
5.659170163246230914e+02	3.608585488619559101e+02	3.180457563591399435e+02
5.844761131633625837e+02	3.537305821435356847e+02	3.175697515782269420e+02
6.036438506075865007e+02	3.463688556674576375e+02	3.170781363481317499e+02
6.234401888627863855e+02	3.387657033451359894e+02	3.165703987283583274e+02
6.438857427240425295e+02	3.318130651103749642e+02	3.165869674441280495e+02
6.650018030431132274e+02	3.251727935211187628e+02	3.169289317917209701e+02
6.868103588995293194e+02	3.183147560052248082e+02	3.172821107684189883e+02
7.093341204987989386e+02	3.112318109875060941e+02	3.176468721549772454e+02
7.325965428215230304e+02	3.039165826867346709e+02	3.180235957934220892e+02
7.566218500481062392e+02	2.963614534349134146e+02	3.184126739825973118e+02
7.814350607844559136e+02	2.885585557446656253e+02	3.188145118866819416e+02
8.070620141149491928e+02	2.811439959691343233e+02	3.187133133798774907e+02
8.335293965098187527e+02	2.741599655926802939e+02	3.180689787721975677e+02
8.608647696149245121e+02	2.669468958123165407e+02	3.174035133837927560e+02
8.890965989529167928e+02	2.594972753421930634e+02	3.167162242363737619e+02
9.182542835656300895e+02	2.518033465658539853e+02	3.160063956256144593e+02
9.483681866285909337e+02	2.438570974578923938e+02	3.152732883758569642e+02
9.794696670695386729e+02	2.356502532406729244e+02	3.145161390703756865e+02
1.011591112223829782e+03	2.276847191463359650e+02	3.122527938046534359e+02
1.044765971560805156e+03	2.203917261206883325e+02	3.072053611591276763e+02
1.079028791516185947e+03	2.128595613438777718e+02	3.019923993131128555e+02
1.114415251466786003e+03	2.050803812424434227e+02	2.966084797808549638e+02
1.150962200885031052e+03	1.970460850150322472e+02	2.910479960508628210e+02
1.188707697711903165e+03	1.887483061966856894e+02	2.853051577476059038e+02
1.227691047988360424e+03	1.801784039464686202e+02	2.793739846017397213e+02
1.267952846786436567e+03	1.717590836662402012e+02	2.724870735903274976e+02
1.309535020482665232e+03	1.646060413120549981e+02	2.626541373953131142e+02
1.352480870417874030e+03	1.572184168514583860e+02	2.524987326938058061e+02
1.396835117988739739e+03	1.495885172271586612e+02	2.420102842175840863e+02
1.442643951218158691e+03	1.417083970901115322e+02	2.311778698853389642e+02
1.489955072852856802e+03	1.335698505256807493e+02	2.199902094290328023e+02
1.538817750038343092e+03	1.251644025084606824e+02	2.084356526472633675e+02
1.589282865622976715e+03	1.167212585458539991e+02	1.966684672919379864e+02
1.641402971144466619e+03	1.105808231898094789e+02	1.863181629129149712e+02
1.695232341554121376e+03	1.042390139023978293e+02	1.756284230765023437e+02
1.750827031735726905e+03	9.768922667952439554e+01	1.645881160878712137e+02
1.808244934877948026e+03	9.092464094055146973e+01	1.531857451912464114e+02
1.867545842761074027e+03	8.393821242572531105e+01	1.414094365978248788e+02
1.928791508020777655e+03	7.672266586068451488e+01	1.292469271210872535e+02
1.992045708453871384e+03	6.927048738039444231e+01	1.166855514065982362e+02
2.057374313432916097e+03	6.477450903243982339e+01	1.089777835069947685e+02
2.124845352498878583e+03	6.030227143568238546e+01	1.012988720489183976e+02
2.194529086203311635e+03	5.568336800586085644e+01	9.336813274814406327e+01
2.266498079273692838e+03	5.091298887629880454e+01	8.517730697808174511e+01
2.340827276178294142e+03	4.598616644203102766e+01	7.671786527269543399e+01
2.417594079169133238e+03	4.089777018681910192e+01	6.798099844439687445e+01
2.496878428884322147e+03	3.564250134052078778e+01	5.895760841065386160e+01
2.578762887593798041e+03	3.265384701095039333e+01	5.391581328295261955e+01
2.663332725174980624e+03	3.013246655373595573e+01	4.970008796356574265e+01
2.750676007908067731e+03	2.752839810036147838e+01	4.534610906248563111e+01
2.840883690183307408e+03	2.483892992015998757e+01	4.084934259056382189e+01
2.934049709215781604e+03	2.206126135198460148e+01	3.620510586769380978e+01
3.030271082866393044e+03	1.919249988775584725e+01	3.140856264652853724e+01
3.129648010670750864e+03	1.622965816036828102e+01	2.645471807628746319e+01
3.232283978181380917e+03	1.448477355701513503e+01	2.356583308302640134e+01
3.338285864731764832e+03	1.331574137010969316e+01	2.165444593444926014e+01
3.447764054734457204e+03	1.210837108603021939e+01	1.968037535674146099e+01
3.560832552629274687e+03	1.086140541715728958e+01	1.764156566364838241e+01
3.677609101601030943e+03	9.573545843461536364e+00	1.553589375323655908e+01
3.798215306190736101e+03	8.243451260297181449e+00	1.336116689701351667e+01
3.922776758927723677e+03	6.869736581851087820e+00	1.111512045654367675e+01
4.051423171114639445e+03	5.972374040744020007e+00	9.652193104693537862e+00
4.184288507901576850e+03	5.491798742300267655e+00	8.874518939305877652e+00
4.321511127789762213e+03	4.995463105777182555e+00	8.071341158144031525e+00
4.463233926710398009e+03	4.482850275112499894e+00	7.241823376965727199e+00
4.609604486828438894e+03	3.953426444087953850e+00	6.385101782531675596e+00
4.760775230226357962e+03	3.406640300453525061e+00	5.500284233079099749e+00
4.916903577628021594e+03	2.841922451821530249e+00	4.586449329294915778e+00
5.078152112327669784e+03	2.422790696546187839e+00	3.908568508798423657e+00
5.244688749495119737e+03	2.232763502513999576e+00	3.601979454810491976e+00
5.416686911033157230e+03	2.036504417596217031e+00	3.285335894987742478e+00
5.594325706169366640e+03	1.833809068601921277e+00	2.958308094506783892e+00
5.777790117970495885e+03	1.624466379976113872e+00	2.620555504978966166e+00
5.967271195973309659e+03	1.408258353997631218e+00	2.271726409822652837e+00
6.162966255132942024e+03	1.184959843768457421e+00	1.911457558005156265e+00
6.365079081295578362e+03	9.974996263197052349e-01	1.609021184344919142e+00
6.573820143409572665e+03	9.216324347547182327e-01	1.486659247241808535e+00
6.789406812696099223e+03	8.432771989809040303e-01	1.360284483214302398e+00
7.012063589007177143e+03	7.623523242554411938e-01	1.229765292679192878e+00
7.242022334607316225e+03	6.787735399577816686e-01	1.094965760280205647e+00
7.479522515621828461e+03	5.924538118349690352e-01	9.557455133533939717e-01
7.724811451403416868e+03	5.033032513690512966e-01	8.119595757509263656e-01
7.978144572076612349e+03	4.197661125369077650e-01	6.772257951136173570e-01
8.239785684528511410e+03	3.887432301104717380e-01	6.271801023061172042e-01
8.510007247122248373e+03	3.567029605715073548e-01	5.754931744192964826e-01
8.789090653419963928e+03	3.236119389824018144e-01	5.221111875887134435e-01
9.077326525210242835e+03	2.894357062113572798e-01	4.669785528107205375e-01
9.375015015145270809e+03	2.541386730485912793e-01	4.100378580552052621e-01
9.682466119303113373e+03	2.176840831457133307e-01	3.512298084798962661e-01
1.000000000000000000e+04	1.800339747397550205e-01	2.904931646840885895e-01
