# Frequency (Hz)	Imaginary Part (Ohm/m)
1000.0	490791.7959651535
1018.6101701559753	489428.3078122934
1037.566678745186	488039.4449129028
1056.875971184804	486624.73503863136
1076.5446128423157	485183.69717287825
1096.5792912678098	483715.8413472424
1116.9868184678226	482220.66847492696
1137.7741332214914	480697.6701810451
1158.9483034398106	479146.328629767
1180.5165285688054	477566.1163482494
1202.4861420374123	475956.4960472902
1224.8646137509306	474316.9204386438
1247.6595526308697	472646.83204893675
1270.8787092020582	471075.79801774275
1294.529978227916	469600.4601707303
1318.6214013947485	468097.6660353475
1343.1611700460153	466566.9046453959
1368.1576279674719	465007.6555255089
1393.619274224142	463419.38851418544
1419.5547660501015	461801.563583528
1445.9729217920194	460153.6306556285
1472.882723907502	458475.02941553516
1500.2933220192183	456765.18912073964
1528.2140360258693	455023.52840711846
1556.654359271062	453249.4550912627
1585.6239617711371	451449.56251187756
1615.132693503091	449899.4412004821
1645.1905877536624	448320.4718677191
1675.807864530767	446712.1176470024
1706.9949340384078	445073.831680567
1738.7624002162504	443405.0569335322
1771.1210643450886	441705.2260045029
1804.0819287193826	439973.76093264815
1837.6562003881704	438210.073001187
1871.8552949655793	436413.56253721926
1906.690840512252	434583.6187078302
1942.1746814890264	432719.61931240023
1978.3188827841643	430820.93057105073
2015.1357338155585	429061.66414415167
2052.6377527092523	427421.4225093864
2090.8376905557498	425750.6556987012
2129.748535745521	424048.7956333782
2169.3835183851843	422315.26366265793
2209.756114795903	420549.47036699165
2250.880052095462	418750.8153576328
2292.7693128656488	416918.6870724979
2335.438139906479	415052.46256822895
2378.9010410788933	413151.50730838644
2423.1727942376006	411215.17494769924
2468.2684522556924	409242.80711230123
2514.2033481427966	407251.6804207257
2560.9931002584594	405567.65871200984
2608.6536176225477	403852.29707274854
2657.2011053245064	402105.01226150146
2706.652070033241	400325.2101826062
2757.0233256095826	398512.2856841787
2808.3319988231724	396665.62235235545
2860.5955351757416	394784.5923017063
2913.831704832789	392868.5559617459
2968.0586086656026	390916.8618594739
3023.2946844057765	388928.8463978663
3079.5587129142264	386903.83363024535
3136.8698245668766	384841.13503045106
3195.2475057592133	382961.8534329988
3254.711605531848	381221.7099935712
3315.282342319423	379449.1821886402
3376.9803108250912	377643.66733965295
3439.8264890229243	375804.55155210703
3503.8422452906757	373931.20950681827
3569.0493456752292	372023.00424730644
3635.4699612933177	370079.28696322266
3703.126675869927	368099.3967697467
3772.0424934169973	366082.66048288025
3842.240846055061	364028.39239055535
3913.745601980384	361935.8940194863
3986.581073580439	359836.1737255667
4060.7720257003657	358092.2170639218
4136.343684063274	356315.80507205904
4213.321743847289	354506.33375076065
4291.732378422157	352663.18786028057
4371.602248248501	350785.74071115634
4452.958509942655	348873.35395112797
4535.828825510186	346925.37734809157
4620.241371751313	344941.14856901264
4706.224849841281	342919.99295472685
4793.808495089106	340861.2232905475
4883.02208687788	338764.1395726056
4973.895958790063	336628.02876984165
5066.461008921268	334717.097882874
5160.7487103859075	332958.3437365099
5256.791122018419	331166.8588762194
5354.620899273607	329342.034177847
5454.271305329836	327483.24918133306
5555.7762223988775	325589.8718797507
5659.170163246242	323661.2585044164
5764.488282925873	321696.75330600207
5871.766390733255	319695.68833157286
5981.040962380945	317657.38319747633
6092.349152400711	315581.14485800464
6205.7288067765	313466.26736975095
6321.218475812449	311358.9440991572
6438.8574272404185	309638.5304545443
6558.685659571435	307886.0996192665
6680.743915695614	306101.0557479577
6805.073696735206	304282.791906468
6931.717276155407	302430.6898654996
7060.717714137772	300544.1198904026
7192.118872221193	298622.44052705786
7325.96542821523	296664.9983837761
7462.302891391108	294671.1279091374
7601.17761795533	292640.1511656966
7742.636826811269	290571.3775994777
7886.728615614156	288464.1038051771
8033.501977124735	286614.6638141715
8183.00681586739	284920.47540892294
8335.293965098195	283194.75786917633
8490.415204088747	281436.924432374
8648.423275731726	279646.3774162068
8809.37190447399	277822.5080153966
8973.31581458352	275964.69609469495
9140.310748756232	274072.30997803126
9310.413487069076	272144.7062337357
9483.681866285926	270181.2294557654
9660.174799522645	268181.21204085986
9839.952296278227	266143.973961548
10023.075482838643	264129.97053816967
10209.606623060476	262510.4913324788
10399.609139541202	260860.8733432061
10593.1476351837	259180.55568246066
10790.287915161836	257468.96702413267
10991.097009294961	255725.52540963615
11195.643194838794	253949.63805003665
11403.99601970033	252140.70112449737
11616.22632608502	250298.09957497235
11832.40627458378	248421.20689708102
12052.609368708414	246509.3849270896
12276.910479883603	244561.98362492857
12505.385872903913	242578.34085317247
12738.113231864783	240870.5205533719
12975.171686575868	239310.3954186129
13216.641839466038	237721.23608963148
13462.60579298911	236102.50223513253
13713.147177539455	234453.64346816431
13968.351179887397	232774.09915897966
14228.30457214352	231063.29824441657
14493.09574126215	229320.6590337305
14762.81471909391	227545.58901081284
15037.553212997384	225737.4846327301
15317.404637020798	223895.73112451154
15602.46414366368	222019.7022701196
15892.828656229764	220180.82752906092
16188.596901781993	218719.89887302346
16489.86944471065	217231.7820861116
16796.74872092653	215715.97119258338
17109.339072690134	214171.95080040226
17427.746784089173	212599.19592599836
17752.08011717636	210997.17181576803
18082.44934877952	209365.3337642525
18418.96680799711	207703.12692893122
18761.746914391195	206009.98614157023
19110.90621689136	204285.3357160584
19466.56343342263	202528.58925266808
19828.83949127071	200739.14943867334
20197.857568198782	199226.7674377121
20573.743134329114	197845.81106007122
20956.623994804308	196439.1548492645
21346.630333242454	195006.32052702358
21743.8947560008	193546.82091424055
22148.55233726359	192060.15976532106
22560.74066496859	190545.83159945594
22980.599887588487	189003.321528752
23408.272761782944	187432.10508316485
23843.904700937208	185831.6480321736
24287.643824604504	184201.4062031361
24739.64100886812	182540.82529626478
25200.049937640895	180927.54928153206
25669.027154919517	179656.365832711
26146.732118010917	178361.525443608
26633.327251749808	177042.587854539
27128.978003724646	175699.10461251228
27633.852900531667	174330.61891874977
28148.123605075813	172936.66547337017
28671.964974937695	171516.7703171827
29205.55512182745	170070.45067053492
29749.075472144435	168597.21476916294
30302.71082866393	167096.56169698687
30866.649433372742	165567.98121579218
31441.08303147265	164010.95359174552
32026.206936576502	162717.39924387657
32622.220097116733	161533.9338928233
33229.325163989684	160328.44405021347
33847.72855945983	159100.5198365111
34477.640547344636	157849.74374425324
35119.275304507275	156575.6904960914
35772.850993678774	155277.9269001934
36438.58983763541	153956.01170295375
37116.71819475767	152609.49543896143
37807.466635993485	151237.9202781786
38511.070023255685	149840.81987027184
39227.76758927723	148417.71918604878
39957.803018952654	147047.55279478786
40701.42453219439	145972.506331353
41458.88496832911	144877.45307030817
42230.441872066716	143762.02068174543
43016.35758106799	142625.82990663394
43816.89931514194	141468.49442786808
44632.33926710397	140289.62073891485
45462.95469532399	139088.8080100178
46309.02801799736	137865.6479519105
47170.84690917023	136619.7246769937
48048.704396551344	135350.61455792954
48942.89896114532	134057.88608360293
49853.73463873894	132741.09971240367
50781.5211232767	131663.99869758918
51726.57387216024	130674.44277964017
52689.21421350677	129666.4710576794
53669.76945540476	128639.74081046051
54668.57299720181	127593.90293863662
55685.96444286408	126528.60184606252
56722.28971644549	125443.47531888811
57777.90117970507	124338.15440240239
58853.1577519145	123212.26327558389
59948.42503189408	122065.41912331818
61064.07542232036	120897.23200623645
62200.48825634718	119707.30472813165
63358.04992658254	118571.83040338164
64537.15401646702	117681.50695506869
65738.20143409586	116774.61443588878
66961.60054853215	115850.84449261376
68207.76732865692	114909.88303350931
69477.1254846024	113951.41012154082
70770.10661181889	112975.0998655907
72087.15033782135	111980.62030965232
73428.70447166759	110967.63331996129
74795.22515621828	109935.79447002622
76187.17702322999	108884.75292352041
77605.0333513357	107814.15131499313
79049.2762269642	106723.62562836189
80520.39670825469	105843.95430571488
82018.8949920221	105030.94708750815
83545.28058382872	104202.80966663266
85100.07247122246	103359.26046744215
86683.79930019773	102500.01267411976
88296.99955494082	101624.7741331575
89940.22174092053	100733.24725402075
91614.0245713852	99825.12890796475
93318.9771573324	98900.11032496688
95055.65920101192	97957.87698874199
96824.66119303115	96998.10852980333
98626.5846131283	96020.47861653336
100462.04213468132	95095.74617808347
102331.65783302448	94369.0552223978
104236.06739764012	93628.84042437602
106175.9183482999	92874.85010301105
108151.87025522892	92106.82789346948
110164.59496336569	91324.51265992482
112214.77682079801	90527.63840676831
114303.11291144785	89715.93418816762
116430.31329208757	88889.12401594245
118597.10123376705	88046.92676572541
120804.21346773289	87189.056081377
123052.40043592616	86315.22027762106
125342.42654613995	85425.12224086883
127675.07043192645	84716.13306693226
130051.12521734099	84056.08978173544
132471.39878661174	83383.76297869085
134936.71405883064	82698.92405944118
137447.90926775365	82001.34017137486
140005.8382468096	81290.77412845353
142611.37071941295	80566.98433056632
145265.39259467812	79829.72468138333
147968.80626863963	79078.74450467993
150722.53093107554	78313.7884591043
153527.5028780421	77534.59645135867
156384.67583022476	76740.90354776462
159295.0212572123	75996.60491545168
162259.5287078087	75409.1849444356
165279.2061464897	74810.83298780583
168355.08029612005	74201.34559945016
171488.19698705408	73580.51554708912
174679.62151272455	72948.13174181577
177930.43899185772	72303.97916632239
181241.75473742394	71647.83880179262
184614.69463245454	70979.48755343287
188050.40551285836	70298.69817461705
191550.0555573528	69605.23918962116
195114.83468466165	68898.8748149183
198745.9549580986	68179.36487901003
202444.65099768018	67612.89005123718
206212.18039991445	67081.19699219443
210049.8241653915	66539.60903485221
213958.88713434213	65987.94203346942
217940.6984302958	65426.008415321376
221996.61191199525	64853.617116923386
226128.00663372793	64270.57351906627
230336.2873142131	63676.679380644746
234622.88481422624	63071.732771252566
238989.25662310526	62455.52800252424
243436.8873543108	61827.855558199095
247967.289250216	61188.50202288271
252582.00269627848	60594.013391089175
257282.59674479323	60122.136609516616
262070.66964838552	59641.478120746295
266947.8494034318	59151.874495713135
271915.7943036019	58653.15926390903
276976.1935036891	58145.16285678173
282130.76759394706	57627.71255007915
287381.2691851069	57100.632405121534
292729.4835042813	56563.74320898053
298177.22900196735	56016.86241354432
303726.3579703311	55459.804073450076
309378.75717301364	54892.37878285986
315136.34848664823	54314.393611060885
321001.08955431683	53864.311330244695
326974.97445117676	53438.147327867955
333060.03436245886	53004.05234089269
339258.33827409917	52561.87877234595
345571.9936762143	52111.476278450034
352003.1472796675	51652.691717504145
358553.9857459817	51185.369097814015
365226.7364308175	50709.349524653764
372023.6681413066	50224.47114623942
378947.09190746717	49730.56909869778
385999.36176797637	49227.47545001112
393182.87557057705	48715.019142917896
400500.07578736113	48242.517494790845
407953.45034524484	47864.96527483597
415545.53347188793	47480.386743824936
423278.90655735444	47088.65114091352
431156.19903182285	46689.62527177569
439180.0892596086	46283.17346331661
447353.3054498463	45869.1575175419
455678.6265841068	45447.436664568995
464158.8833612772	45017.86751476403
472796.9591600391	44580.30400998735
481595.79101923504	44134.597373932775
490558.37063650455	43680.59606154157
499687.7453854889	43218.14570747568
508987.0193519675	42861.8126894022
518459.3543892913	42521.31402567767
528107.971193433	42174.47862388338
537936.1503980698	41821.18855624558
547947.2336900292	41461.32370033459
558144.6249454955	41094.76169822202
568531.7913873753	40721.37791487733
579112.2647641759	40341.04539579117
589889.6425508494	39953.634823808956
600867.5891719692	39559.01447516189
612049.837247669	39157.05017467957
623440.1888627863	38747.60525016856
635042.5168595961	38373.23164069486
646860.7661546321	38071.90911291407
658898.9550799957	37764.97892161942
671161.1767496272	37452.33670723884
683651.6004510238	37133.87616805063
696374.4730628222	36809.48902404019
709334.1204987989	36479.06498008331
722534.9491787221	36142.49168844473
735981.4475265755	35799.65471057888
749678.1874966878	35450.43747821909
763629.8261282243	35094.721253743744
777841.1071286482	34732.38508980367
792316.8624866261	34363.30578819896
807062.0141149492	34081.83330506699
822081.575524054	33810.32322124167
837380.6535266489	33533.76028855732
852964.4499741016	33252.05047263689
868838.2635251193	32965.09798910753
885007.4914473438	32672.80527103304
901477.6314524917	32375.07293573984
918254.2835656281	32071.799751025894
935343.1520292377	31762.88260074068
952750.0472427299	31448.21644972452
970480.8877380306	31127.69430809566
988541.7021919573	30801.207194872328
1006938.6314760271	30505.17107010144
1025677.9307444209	30265.068028531365
1044765.9715608053	30020.49662850267
1064209.2440647245	29771.37371310419
1084014.359178331	29517.614577860386
1104188.0508541602	29259.132941931064
1124737.1783647507	28995.840918774902
1145668.7286348727	28727.648986267064
1166989.8186171474	28454.465956260825
1188707.6977119034	28176.198943582443
1210829.7502320393	27892.753334449324
1233363.4979137746	27604.032754300275
1256316.6024741214	27309.93903502708
1279696.8682159416	27087.92224293711
1303512.2446815087	26871.694903445372
1327770.829355429	26651.443536373325
1352480.8704178738	26427.093253882973
1377650.769549055	26198.567774460913
1403289.084785873	25965.789396981858
1429404.533431761	25728.678974289287
1456005.9950206485	25487.15588628465
1483102.514336103	25241.138012515647
1510703.3044866556	24990.541704254367
1538817.7500383465	24735.281756055912
1567455.410205595	24475.27137678748
1596626.022101425	24241.477233551508
1626339.5040481905	24050.34632541946
1656605.9589499151	23855.658438564988
1687435.6777273756	23657.34737700887
1718839.1428171454	23455.34571285338
1750827.0317357269	23249.584763356146
1783410.220710006	23039.994567577356
1816599.7883753285	22826.503862592053
1850407.019542302	22609.04005926028
1884843.4090337954	22387.52921754573
1919920.6655932867	22161.896021375458
1955650.715865947	21932.063753031674
1992045.7084538713	21697.954267066623
2029118.0180466783	21522.998954369392
2066880.2496290822	21350.934113914947
2105345.242766708	21175.667117501762
2144526.0759716653	20997.138372462643
2184436.0711494284	20815.28717710057
2225088.7981283693	20630.051700049764
2266498.079273693	20441.36895925212
2308677.994187172	20249.174800542714
2351642.884494346	20053.403875836786
2395407.358720879	19853.989620910445
2439986.29725955	19650.864232768414
2485394.857429798	19443.958646590065
2531648.478631358	19259.47100601913
2578762.8875937983	19107.418993109754
2626754.1037238385	18952.53726636754
2675638.4445520453	18794.773164336624
2725432.531281028	18634.073045522404
2776153.2944368036	18470.38227015295
2827817.979625338	18303.645181600943
2880444.1533962977	18133.805087459634
2934049.709215787	17960.80424026707
2988652.873550383	17784.58381787112
3044272.2120643063	17605.083903429404
3100926.6359319235	17422.243465036987
3158635.408267819	17236.000334974655
3217418.1506763715	17098.21661732496
3277294.849923382	16961.362435897867
3338285.8647317644	16821.961374867842
3400411.9327037027	16679.96603637216
3463694.1773717343	16535.328140465685
3528154.1153808828	16387.998508705405
3593813.6638046256	16237.927047429042
3660695.147596906	16085.06273072276
3728821.30718283	15929.35358307183
3798215.306190736	15770.74666168824
3868900.7393279755	15609.188038509803
3940901.6404034477	15444.622781863849
4014242.490499326	15299.1212013726
4088948.226294856	15178.205547515438
4165044.248545185	15055.039632765445
4242556.430717777	14929.581579384552
4321511.127789762	14801.788730282804
4401935.1852088785	14671.617634514541
4483855.948021181	14539.02403250467
4567301.270168747	14403.962840999771
4652299.523960189	14266.388137739514
4738879.609717651	14126.253145842424
4827070.965603188	13983.510217901308
4916903.577628021	13838.110819782678
5008407.989848212	13690.00551412445
5101615.314749833	13581.54196564979
5196557.243827657	13472.727043034869
5293266.058360566	13361.887056194562
5391774.640387494	13248.984318339093
5492116.483887789	13133.980441321035
5594325.706169377	13016.836322583089
5698437.0594691355	12897.512131862657
5804485.942768984	12775.96729764918
5912508.413831869	12652.160493389436
6022541.201461928	12526.049623435923
6134621.717992506	12397.591808734072
6248788.072006888	12266.743372242758
6365079.081295578	12152.030815986533
6483534.286054714	12055.899398127138
6604193.962330305	11957.978958224025
6727099.135712336	11858.236202272576
6852291.595284057	11756.637216661044
6979813.907830667	11653.147456639594
7109709.432312423	11547.731734574769
7242022.334607315	11440.35420798518
7376797.60252773	11330.97836735484
7514081.061116962	11219.567023719419
7653919.388230155	11106.082296021621
7796360.130405221	10990.485598231291
7941451.71902934	10872.737626225588
8089243.486805938	10787.38084759541
8239785.684528512	10700.877367120758
8393129.498166373	10612.764042155379
8549327.066268368	10523.010913219407
8708431.497690724	10431.587463281885
8870496.889654402	10338.462607384788
9035578.34613892	10243.604682073697
9203731.99661823	10146.981434631913
9375015.01514529	10048.560012114223
9549485.639791967	9948.306950176488
9727203.192450536	9846.188161697433
9908228.099003786	9742.168925188662
10092621.909870483	9651.753091194296
10280447.320933098	9575.337748556656
10471768.194855202	9497.500303390003
10666649.582795387	9418.214290124291
10865157.746525371	9337.452750660717
11067360.180959744	9255.188225205657
11273325.63710487	9171.392742934086
11483124.14543511	9086.037812479142
11696827.039703846	8999.094412244776
11914506.981197748	8910.532980538112
12136237.983442418	8820.32340551812
12362095.437367693	8728.435014957317
12592156.13694151	8635.181308190755
12826498.3052806	8567.679241996551
13065201.621247198	8498.920950864594
13308347.24654076	8428.883056235029
13556017.853293689	8357.54174446905
13808297.652180923	8284.872758751955
14065272.421052363	8210.851390845603
14327029.534098294	8135.452472687334
14593657.991557576	8058.650367832557
14865248.449978571	7980.418962738103
15141893.25304352	7900.731657883301
15423686.462966273	7819.5613587258795
15710723.892474487	7736.880466489526
16003103.137387017	7665.6283532649595
16300923.609797413	7604.891368191293
16604286.571875297	7543.024057490645
16913295.17029647	7480.005385610764
17228054.471313924	7415.813925524196
17548671.49648152	7350.427851442851
17875255.259042352	7283.824931397026
18207916.800994623	7215.982519676263
18546769.230846975	7146.8775491295855
18891927.762076646	7076.48652332241
19243509.75230332	7004.785508547503
19601634.743191857	6931.750125687286
19966424.501097932	6858.177450786753
20338003.0584698	6804.526828055985
20716496.75602067	6749.87775810722
21102034.285685964	6694.211659667839
21494746.734379806	6637.509605664588
21894767.628566206	6579.752316788141
22302232.979659364	6520.920154937957
22717281.330269028	6460.993116545098
23140053.80130654	6399.950825770796
23570694.139967278	6337.7725275784815
24009348.76860652	6274.437080676798
24456166.83452444	6209.922950331371
24911300.26067791	6144.208201042742
25374903.797335718	6088.066059078806
25847135.07469564	6039.793638096738
26328154.656480197	5990.622859146353
26818126.094530128	5940.537003632999
27317215.98441379	5889.519041826128
27825594.022071257	5837.551627069026
28343433.061513092	5784.617089880728
28870909.173592344	5730.697431948229
29408201.705870606	5675.7743200068535
29955493.34359816	5619.829079606746
30512970.171828706	5562.842688763383
31080821.738690637	5504.795771489849
31659241.119835205	5446.757118731636
32248424.98408439	5404.117705321309
32848573.66030047	5360.68476517206
33459891.20549975	5316.443530616264
34082585.47423452	5271.378959157474
34716868.189265594	5225.47572835583
35362955.013550386	5178.7182306182585
36021065.62357073	5131.090567891718
36691423.78402494	5082.57654625771
37374257.42391064	5033.159670426143
38069798.71402284	4982.823138126773
38778284.14589453	4931.549834396252
39499954.61220647	4879.322325758839
40235055.48869293	4835.091054777707
40983836.717572615	4796.726685692096
41746552.89253134	4757.6483491698755
42523463.34528677	4717.842758155563
43314832.23376403	4677.296378319311
44120928.631911896	4635.995423455102
44942026.62119142	4593.925850793267
45778405.38376616	4551.073356225806
46630349.29742726	4507.423369442836
47498148.03228505	4462.961048978522
48382096.649259575	4417.6712771648445
49282495.700405136	4371.538654991389
50199651.33110079	4325.758403056182
51133875.38414321	4291.871313047847
52085485.50577665	4257.353578528362
53054805.25369574	4222.193463096075
54042164.20705915	4186.379011932889
55047898.078549676	4149.8980477395135
56072348.82852027	4112.738166595044
57115864.78126434	4074.8867337394972
58178800.74344935	4036.330879277865
59261518.124755524	3997.0574938041927
60364385.060758635	3957.053223944254
61487776.53810017	3916.304467815257
62632074.521986924	3874.7973704010496
63797668.08606282	3839.9535446512286
64984953.54469889	3809.4643189545704
66194334.587743886	3778.4076835797737
67426222.41778335	3746.7730789361794
68681035.88995308	3714.549748917347
69959201.65435374	3681.726737243877
71261154.30111745	3648.292883738131
72587336.50817245	3614.2368205296734
73938199.19175874	3579.5469681900595
75314201.65974376	3544.211531795724
76715811.76779301	3508.2184969175546
78143506.07844542	3471.555625535872
79597770.02314977	3435.4474880618113
81079098.06731695	3408.516711243314
82587993.87844272	3381.0847480857956
84124970.49736118	3353.1422714262026
85690550.51268347	3324.6797805213955
87285266.2384837	3295.687597817787
88909659.89529167	3266.155865660868
90564283.79445294	3236.0745429435115
92249700.52592173	3205.4334016918683
93966483.1495469	3174.222023587758
95715215.38991857	3142.429796426328
97496491.83484097	3110.045910507783
99310918.137498	3077.059354961986
101159111.22238298	3049.613147333601
103041699.49505854	3025.382888920313
104959323.05582266	3000.7017012750252
106912633.91734771	2975.561192528007
108902296.22637327	2949.9528146353987
110928986.48952228	2923.8678604727966
112993393.80332193	2897.297460874717
115096220.0885031	2870.232581618999
117238180.32865997	2842.6640203550824
119420002.8133535	2814.5824034750876
121642429.3857368	2785.978182926708
123906215.6947913	2756.841632966744
126212131.45225461	2728.364143464692
128560960.69432965	2706.961956573641
130953502.04826704	2685.1614713428376
133390569.00390588	2662.955275372411
135872990.19027063	2640.3358183164582
138401609.65731302	2617.295409315853
140977287.16289675	2593.826214383283
143600898.46512634	2569.9202537395945
146273335.620113	2545.56939910059
148995507.28528506	2520.76537091331
151768339.02834037	2495.4997355409064
154592773.64194784	2469.7639023951224
157469771.46430898	2443.5491210153905
160400310.70568198	2421.93183250323
163385387.78098568	2402.6758599230843
166426017.64859018	2383.0615304166986
169523234.15541214	2363.0821749007036
172678090.38843593	2342.7310001789497
175891659.03277326	2322.001086632754
179165032.73638958	2300.885385868145
182499324.48161504	2279.37671831934
185895667.9635688	2257.467770807623
189355217.9756299	2235.1510940547737
192879150.80207777	2212.4191001502436
196468664.61804405	2189.2640599711663
200124979.8969035	2166.806107962365
203849339.82524642	2149.7976830283997
207643010.7255779	2132.4727284123283
211507282.48687947	2114.825353442911
215443469.00318778	2096.849557822507
219452908.62033114	2078.5392295869137
223536964.59097964	2059.8881430272445
227697025.53816846	2040.889956573106
231934505.92744273	2021.5382106364054
236250846.547794	2001.8263254150074
240647515.00154215	1981.7475986555398
245126006.20333397	1961.295203374563
249687842.8884332	1940.46218553731
254334576.13046482	1923.4373179516124
259067785.8688001	1908.1345430870872
263889081.44575077	1892.5469809784713
268800102.15376073	1876.6693316866972
273802517.7927863	1860.4961966399262
278898029.23804396	1844.0220767979827
284088369.0183295	1827.2413707826108
289375301.9050947	1810.1483729729518
294760625.51248586	1792.737271565579
300246170.90855557	1775.002146598412
305833803.23784316	1756.9369679378733
311525422.35554785	1738.5355932285634
317322963.4734973	1720.825874951863
323228397.81813806	1707.309260571787
329243733.30077755	1693.5410996981652
335371015.2002929	1679.5167110079537
341612326.8585518	1665.231326057884
347969790.3887688	1650.6800876631464
354445567.3970435	1635.8580482459029
361041859.71733445	1620.7601681530457
367760910.160103	1605.3813139426693
374605003.2748981	1589.716256638634
381576466.1271245	1573.7596699526634
388677669.0892668	1557.506128473359
395911026.6468467	1540.950105821487
403278998.21937054	1527.5431413456138
410784088.99656343	1515.3820298804987
418428850.79015756	1502.9945980617292
426215882.9015325	1490.3766340290172
434147833.0055101	1477.523847538634
442227398.0505897	1464.4318685046894
450457325.17594445	1451.0962455132446
458840412.64547515	1437.5124443087902
467379510.7992463	1423.675846252556
476077523.0226378	1409.5817467521151
484937406.7335233	1395.2253536617793
493962174.38783056	1380.6017856532062
503154894.5038046	1366.6372394715493
512518692.70533323	1355.8956043631042
522056752.7846986	1344.9540655975377
531772317.7850967	1333.808902933778
541668691.1033136	1322.4563268964298
551749237.6129117	1310.8924774873155
562017384.8083187	1299.1134228730396
572476623.970219	1287.115158048115
583130511.3526218	1274.8936034732253
593982669.3920338	1262.444603688126
605036787.9391212	1249.7639258987517
616296625.5132942	1236.847258538024
627766010.5806513	1223.6902097998652
639448842.8556936	1213.1331884546257
651349094.6272782	1203.468780035067
663470812.1092337	1193.6245153303612
675818116.816111	1183.5970471844405
688395206.964551	1173.3829661500904
701206358.9007177	1162.9787993297066
714255928.5543104	1152.381009194464
727548352.9196217	1141.5859923815253
741088151.5641569	1130.590078468861
754879928.1653446	1119.3895287272612
768928372.0758306	1107.9805348491327
783238259.9179205	1096.359217653621
797814457.2076613	1085.348493583918
812661920.0091946	1076.8121473165256
827785696.619849	1068.116938192587
843190929.286625	1059.259909747312
858882855.9546258	1050.2380504955918
874866812.0479896	1041.0482929080758
891148232.2840202	1031.6875123681623
907732652.5210242	1022.1525261096078
924625711.6405733	1012.4400921343492
941833153.4647961	1002.5469081101801
959360828.7093127	992.469610247939
977214696.9725724	982.2047721577669
995400828.7621539	971.7489036841131
1013925407.5588143	963.4366942362525
1032794731.9189526	955.7564215123826
1052015217.6161569	947.9332176062792
1071593399.8226712	939.9644225443162
1091535935.3313932	931.8473268503122
1111849604.81927	923.5791706242721
1132541315.1528125	915.1571426039875
1153618101.736476	906.5783792091888
1175087130.9048076	897.8399635678833
1196955702.3590453	888.9389245245992
1219231251.6491096	879.8722356301566
1241921352.7017846	870.6368141126353
1265033720.3959012	861.9556322967355
1288576213.185518	855.1718306588364
1312556835.7718453	848.2617813181517
1336983741.8249452	841.2231347834521
1361865236.7560828	834.0534978390725
1387209780.541618	826.750432731203
1413025990.5995336	819.3114563390144
1439322644.7194095	811.7340393303806
1466108684.0469828	804.0156053018753
1493393216.1242533	796.1535299027599
1521185517.9861019	788.1451399426896
1549495039.3146317	779.9877124827854
1578331405.6521199	771.6784739098172
1607704421.673822	765.1342934432593
1637624074.521689	759.0308127599841
1668100537.2000556	752.8137452626509
1699144172.0346258	746.4809770813197
1730765534.1957276	740.0303550065756
1762975375.2872038	733.45968575741
1795784647.0020967	726.7667352354774
1829204504.8462899	719.9492277654876
1863246311.9315598	713.0048453214401
1897921642.8391032	705.9312267384807
1933242287.5550432	698.7259669100755
1969220255.4791734	691.3866159702442
2005867779.5082297	684.5425281168376
2043197320.1952705	679.1514709320696
2081221569.9863415	673.6600852557726
2119953457.536069	668.0665039576489
2159406152.1035676	662.3688251597846
2199593068.0300703	656.5651115899991
2240527869.3000183	650.6533899231421
2282224474.1869006	644.6316501101502
2324697059.9856453	638.4978446946047
2367960067.833079	632.249888116571
2412028207.618002	625.8856560034943
2456916462.98279	619.4029844478797
2502640096.4179215	612.7996692715499
2549214654.4514203	607.6478887184046
2596655972.934872	602.7974807082151
2644980182.4277143	597.8568057796311
2694203713.6818824	592.8241840499396
2744343303.2283683	587.697904373528
2795415999.067865	582.4762237600712
2847439166.4672475	577.1573667818991
2900430493.8639855	571.7395249703278
2954407998.8803797	566.2208562007638
3009390034.449724	560.5994840663637
3065395295.056536	554.8734972400324
3122442823.0928583	549.0409488245534
3180552015.3329134	543.6455212510887
3239742629.5281954	539.3612734347277
3300034791.1252885	534.9972950375137
3361449000.108775	530.5521022597707
3424006137.9714255	526.0241836880587
3487727474.8141704	521.4119997812747
3552634676.5781393	516.7139823471938
3618749812.411284	511.92853400926896
3686095362.1721687	507.0540276635027
3754694224.0733366	502.0888059252164
3824569722.4669914	497.03118056551847
3895745615.775501	491.87943193729024
3968246104.5694857	486.6318083904898
4042095839.796318	482.57651535032096
4117319931.1616793	478.7219188151409
4193943955.6671777	474.79558758255854
4271993966.306777	470.7961866576482
4351496500.925055	466.7223562010033
4432478591.24041	462.57271106637364
4514967772.036101	458.3458403297025
4598992090.5224285	454.04030680939474
4684580115.873045	449.6546465776607
4771760948.938751	445.1873684627677
4860564232.142149	440.6369535420227
4951020159.556351	436.00185462532323
5043159487.171348	431.74871647310397
5137013543.351338	428.34404399292566
5232614239.486667	424.8760099785659
5329994080.844104	421.34343526109217
5429186177.618942	417.7451187270384
5530224256.192888	414.0798369100108
5633142670.601352	410.3463435746979
5737976414.21414	406.54336929313865
5844761131.633649	402.6696210131007
5953533130.81437	398.72378161843073
6064329395.408049	394.7045094812179
6177187597.338489	390.6104380056273
6292146109.610351	386.4401751632453
6409244019.35647	383.2482729275155
6528521141.127848	380.1850405402439
6650018030.431105	377.0648008770179
6773775997.517745	373.8864930227311
6899837121.430025	370.649036318468
7028244264.308367	367.3513299940659
7159041085.964888	363.992252793843
7292272058.728297	360.5706625953569
7427982482.56491	357.08539602107226
7566218500.481063	353.53526804280114
7707027114.212319	349.9190715787789
7850456200.204509	346.23557708324466
7996554525.892329	342.8830944047988
8145371766.280737	340.17741110237273
8296958520.834915	337.4213745733004
8451366330.684739	334.6140477354659
8608647696.149244	331.7544760674965
8768856094.587408	328.841687284213
8932045998.58096	325.87469100604346
9098272894.455566	322.8524784222852
9267593301.146902	319.7740219480955
9440064789.417603	316.6382748751041
9615746001.432076	313.44417101551824
9794696670.695385	310.1906243396089
9976977642.36321	306.8765286064505
10162650893.929972	304.3644103506673
10351779556.301762	301.93006163583607
10544427935.261662	299.4504092772028
10740661533.334322	296.92461016624725
10940547072.057436	294.35180550405687
11144152514.667904	291.73112050932514
11351547089.20999	289.06166412091676
11562801312.07373	286.3425286948962
11777987011.97118	283.57278969591965
11997177354.358854	280.7515053828845
12220446866.314913	277.8777164887253
12447871461.879063	274.95044589425413
12679528467.864315	272.3080461945503
12915496650.148827	270.1578292838415
13155856240.457052	267.96759647055205
13400688963.639534	265.7366030519261
13650078065.460136	263.46409046616327
13904108340.900667	261.1492860344977
14162866162.991974	258.7914026984805
14426439512.181587	256.38963875237215
14694918006.248201	253.94317757055217
14968392930.772554	251.45118732985912
15246957270.1757	248.9128207267597
15530705739.334583	246.32721468925783
15819734815.786015	243.69349008344167
16114142772.530231	241.71652815922147
16414029711.444664	239.7819196421201
16719497597.31985	237.8113077313302
17030650292.528427	235.80402239756873
17347593592.339325	233.75938114219434
17670435260.889503	231.6766887651495
17999285067.824764	229.55523712858582
18334254825.62285	227.39430491608798
18675458427.61074	225.19315738741952
19023011886.689457	222.95104612870415
19377033374.77993	220.66720879795542
19737643263.002552	218.34086886587346
20104964162.604927	216.25823650598957
20479120966.650833	214.54939202191687
20860240892.485046	212.80874565122545
21248453524.988873	211.03570555539412
21643890860.6402	209.2296688816864
22046687352.394028	207.39002155817298
22456979955.397717	205.51613808494162
22874908173.55704	203.60738132142095
23300614106.96929	201.6631022697448
23734242500.23866	199.6826398540867
24175940791.69123	197.6653206958857
24625859163.505444	195.61045888489113
25084150592.775414	193.51735574594701
25550970903.525124	191.96158607646467
26026478819.690044	190.42402139358802
26510836019.085308	188.85784237033718
27004207188.377697	187.26251648896854
27506760079.080673	185.63750132149343
28018665564.59201	183.98224434524556
28540097698.292374	182.2961827550182
29071233772.725693	180.57874327170327
29612254379.880314	178.82934194737086
30163343472.591972	177.04738396672158
30724688427.090096	175.23226344484158
31296480106.707504	173.3833632211962
31878912926.77636	171.7418679141504
32472184920.731255	170.38360706139267
33076497807.442425	169.0000687430489
33692057059.802742	167.59078254118347
34319071974.590427	166.15526928330314
34957755743.632645	164.69304087943254
35608325526.29274	163.20360015615867
36271002523.30648	161.68644068758744
36946012051.993095	160.14104662315233
37633583622.865326	158.5668925122204
38333951017.6659	156.96344312543226
39047352368.85556	155.3301532727192
39774030240.58036	153.6664676179331
40514231711.14655	152.4419353593855
41268208457.02952	151.21958612194422
42036216838.44701	149.9744887572041
42818517986.52406	148.7062199186452
43615377892.080055	147.41434838119716
44427067496.06892	146.09843489461755
45253862781.70167	144.75803203414245
46096044868.284195	143.39268404835636
46953900106.80053	142.00192670423235
47827720177.27485	140.58528712928853
48717802187.94641	139.1422836508053
49624448776.28914	137.67242563205215
50547968211.912254	136.37820399598144
51488674501.37487	135.2979900923122
52446887494.95119	134.1976732240909
53422932995.38363	133.07687927172645
54417142868.658875	131.93522715319895
55429855156.84652	130.77232869448676
56461414193.036606	129.58778849758355
57512170718.41614	128.38120380605937
58582482001.525475	127.15216436811833
59672711959.7331	125.90025229710909
60783231282.972115	124.62504192943804
61914417559.77835	123.32609967983967
63066655405.67406	122.00298389395351
64240336593.94204	121.03815482111187
65435860188.83229	120.06527911131596
66653632681.24893	119.07429801902015
67894068126.96099	118.06487459997513
69157588287.38525	117.03666563934226
70444622772.99051	115.9893215349961
71755609189.36922	114.92248617865644
73090993286.02888	113.8357968348069
74451229107.95128	112.72888401736138
75836779149.97191	111.60137136403537
77248114514.03416	110.45287550837794
78685715069.36842	109.28300594942357
80150069615.6538	108.26096414079841
81641676049.21454	107.39985007270091
83161041532.30962	106.52271052527242
84708682665.57419	105.62924726161575
86285125663.66887	104.7191564945945
87890906534.19963	103.7921287835414
89526571259.96382	102.8478489290465
91192675984.59299	101.88599586578441
92889787201.64516	100.90624255334994
94618481947.21991	99.90825586506043
96379347996.15794	98.89169647468819
98172984061.88821	97.85621874108772
100000000000.0	96.80147059067198
