Frequency [GHz]	Zx imag [Ohm/m]	Zy imag [Ohm/m]
1.000000000000000166e-10	8.954097673613989027e+05	6.323549764759594109e+05
1.032794731918951654e-10	8.954085782679634867e+05	6.323534202512121992e+05
1.066664958279539403e-10	8.954073501785277622e+05	6.323518129904916277e+05
1.101645949633656381e-10	8.954060818142282078e+05	6.323501530200865818e+05
1.137774133221491146e-10	8.954047718542615185e+05	6.323484386113970540e+05
1.175087130904807540e-10	8.954034189345088089e+05	6.323466679791342467e+05
1.213623798344240958e-10	8.954020216461155796e+05	6.323448392794609535e+05
1.253424265461399975e-10	8.954005785340240691e+05	6.323429506080722203e+05
1.294529978227915867e-10	8.953990880954583408e+05	6.323409999982116278e+05
1.336983741824946476e-10	8.953975487783595454e+05	6.323389854186234297e+05
1.380829765218092491e-10	8.953959589797689114e+05	6.323369047714377521e+05
1.426113707194128486e-10	8.953943170441598631e+05	6.323347558899854776e+05
1.472882723907502473e-10	8.953926212617126293e+05	6.323325365365421167e+05
1.521185517986104510e-10	8.953908698665346019e+05	6.323302443999974057e+05
1.571072389247450498e-10	8.953890610348213231e+05	6.323278770934491185e+05
1.622595287078087593e-10	8.953871928829569370e+05	6.323254321517173667e+05
1.675807864530767868e-10	8.953852634655529400e+05	6.323229070287769428e+05
1.730765534195724819e-10	8.953832707734224387e+05	6.323202990951066604e+05
1.787525525904235329e-10	8.953812127314875834e+05	6.323176056349506835e+05
1.846146946324547531e-10	8.953790871966192499e+05	6.323148238434910309e+05
1.906690840512252406e-10	8.953768919554047752e+05	6.323119508239261340e+05
1.969220255479172543e-10	8.953746247218432836e+05	6.323089835844548652e+05
2.033800305846981002e-10	8.953722831349647604e+05	6.323059190351605648e+05
2.100498241653915480e-10	8.953698647563725244e+05	6.323027539847937878e+05
2.169383518385184289e-10	8.953673670677024638e+05	6.322994851374486461e+05
2.240527869300018610e-10	8.953647874680020614e+05	6.322961090891311178e+05
2.314005380130653023e-10	8.953621232710210606e+05	6.322926223242142005e+05
2.389892566231049743e-10	8.953593717024143552e+05	6.322890212117764167e+05
2.468268452255692806e-10	8.953565298968527932e+05	6.322853020018216921e+05
2.549214654451423314e-10	8.953535948950396851e+05	6.322814608213735046e+05
2.632815465648021228e-10	8.953505636406288249e+05	6.322774936704423744e+05
2.719157943036017723e-10	8.953474329770422773e+05	6.322733964178598253e+05
2.808331998823172083e-10	8.953441996441826923e+05	6.322691647969773039e+05
2.900430493863991314e-10	8.953408602750387508e+05	6.322647944012224907e+05
2.995549334359813486e-10	8.953374113921788521e+05	6.322602806795103243e+05
3.093787571730138678e-10	8.953338494041303638e+05	6.322556189315046649e+05
3.195247505759212065e-10	8.953301706016386161e+05	6.322508043027230306e+05
3.300034791125284578e-10	8.953263711538052885e+05	6.322458317794811446e+05
3.408258547423451742e-10	8.953224471040989738e+05	6.322406961836724076e+05
3.520031472796679687e-10	8.953183943662344245e+05	6.322353921673761215e+05
3.635469961293320139e-10	8.953142087199179223e+05	6.322299142072872492e+05
3.754694224073336536e-10	8.953098858064528322e+05	6.322242565989657305e+05
3.877828414589456106e-10	8.953054211241994053e+05	6.322184134508960415e+05
4.005000757873611052e-10	8.953008100238883635e+05	6.322123786783518735e+05
4.136343684063274911e-10	8.952960477037788369e+05	6.322061459970598808e+05
4.271993966306778827e-10	8.952911292046579765e+05	6.321997089166557416e+05
4.412092863191189219e-10	8.952860494046770036e+05	6.321930607339254348e+05
4.556786265841064474e-10	8.952808030140175251e+05	6.321861945258248597e+05
4.706224849841281415e-10	8.952753845693827607e+05	6.321791031422701199e+05
4.860564232142136024e-10	8.952697884283086751e+05	6.321717791986929951e+05
5.019965133110081441e-10	8.952640087632883806e+05	6.321642150683494983e+05
5.184593543892912175e-10	8.952580395557031734e+05	6.321564028743793024e+05
5.354620899273606527e-10	8.952518745895554312e+05	6.321483344816020690e+05
5.530224256192902378e-10	8.952455074449956883e+05	6.321400014880467206e+05
5.711586478126431938e-10	8.952389314916367875e+05	6.321313952162016649e+05
5.898896425508497150e-10	8.952321398816504516e+05	6.321225067039785208e+05
6.092349152400710261e-10	8.952251255426354473e+05	6.321133266953800339e+05
6.292146109610343618e-10	8.952178811702528037e+05	6.321038456308604218e+05
6.498495354469890483e-10	8.952103992206199327e+05	6.320940536373715149e+05
6.711611767496282870e-10	8.952026719024545746e+05	6.320839405180814210e+05
6.931717276155404727e-10	8.951946911689615808e+05	6.320734957417551195e+05
7.159041085964887260e-10	8.951864487094532233e+05	6.320627084317893023e+05
7.393819919175865964e-10	8.951779359406947624e+05	6.320515673548851628e+05
7.636298261282244400e-10	8.951691439979671268e+05	6.320400609093505191e+05
7.886728615614152294e-10	8.951600637258345960e+05	6.320281771130192792e+05
8.145371766280743462e-10	8.951506856686117826e+05	6.320159035907732323e+05
8.412497049736117954e-10	8.951410000605164096e+05	6.320032275616552215e+05
8.688382635251186617e-10	8.951309968155000824e+05	6.319901358255606610e+05
8.973315814583522479e-10	8.951206655167451827e+05	6.319766147494905163e+05
9.267593301146878953e-10	8.951099954058171716e+05	6.319626502533553867e+05
9.571521538991863169e-10	8.950989753714617109e+05	6.319482277953131124e+05
9.885417021919573871e-10	8.950875939380339114e+05	6.319333323566257022e+05
1.020960662306046580e-09	8.950760266092425445e+05	6.319193182001756504e+05
1.054442793526168950e-09	8.950641857111663558e+05	6.319056178067770088e+05
1.089022962263730067e-09	8.950519564940122655e+05	6.318914681126496289e+05
1.124737178364752061e-09	8.950393262229599059e+05	6.318768543830965646e+05
1.161622632608501755e-09	8.950262817455542972e+05	6.318617614002004266e+05
1.199717735435884489e-09	8.950128094780091196e+05	6.318461734469764633e+05
1.239062156947916503e-09	8.949988953910614364e+05	6.318300742910053814e+05
1.279696868215940940e-09	8.949845249953625025e+05	6.318134471675300738e+05
1.321664183946605026e-09	8.949696833263890585e+05	6.317962747619977454e+05
1.365007806546013663e-09	8.949543549288604409e+05	6.317785391920296242e+05
1.409772871628966933e-09	8.949385238406439312e+05	6.317602219887989340e+05
1.456005995020649598e-09	8.949221735761335585e+05	6.317413040777988499e+05
1.503755321299737753e-09	8.949052871090817498e+05	6.317217657589790178e+05
1.553070573933460069e-09	8.948878468548698584e+05	6.317015866862314288e+05
1.604003107056820079e-09	8.948698346521964995e+05	6.316807458462025970e+05
1.656605958949914401e-09	8.948512317441651830e+05	6.316592215364121366e+05
1.710933907269014249e-09	8.948320187587521505e+05	6.316369913426522398e+05
1.767043526088946692e-09	8.948121756886329968e+05	6.316140321156475693e+05
1.824993244816152494e-09	8.947916818703489844e+05	6.315903199469482061e+05
1.884843409033795523e-09	8.947705159627881367e+05	6.315658301440331852e+05
1.946656343342262358e-09	8.947486559249631828e+05	6.315405372045966797e+05
2.010496416260498236e-09	8.947260789930579485e+05	6.315144147899920354e+05
2.076430107255774870e-09	8.947027616567234509e+05	6.314874356978032738e+05
2.144526075971667793e-09	8.946786796345947077e+05	6.314595718335187994e+05
2.214855233726359314e-09	8.946538078490061453e+05	6.314307941812748322e+05
2.287490817355702788e-09	8.946281203998769633e+05	6.314010727736403933e+05
2.362508465477946229e-09	8.946015905377399176e+05	6.313703766604101984e+05
2.439986297259550245e-09	8.945741906358861597e+05	6.313386738763756584e+05
2.520004993764092080e-09	8.945458921615964500e+05	6.313059314080377808e+05
2.602647881969005809e-09	8.945166656464288244e+05	6.312721151592282113e+05
2.688001021537606561e-09	8.944864806555312825e+05	6.312371899156045401e+05
2.776153294436799262e-09	8.944553057559492299e+05	6.312011193079790100e+05
2.867196497493770032e-09	8.944231084838929819e+05	6.311638657744462835e+05
2.961225437988034610e-09	8.943898553109308705e+05	6.311253905212682439e+05
3.058338032378433485e-09	8.943555116090761730e+05	6.310856534824767150e+05
3.158635408267817403e-09	8.943200416147259530e+05	6.310446132781509077e+05
3.262222009711669644e-09	8.942834083914199146e+05	6.310022271713261725e+05
3.369205705980266915e-09	8.942455737913761986e+05	6.309584510234910995e+05
3.479697903887691433e-09	8.942064984157668659e+05	6.309132392486233730e+05
3.593813663804627762e-09	8.941661415736896452e+05	6.308665447657192126e+05
3.711671819475765297e-09	8.941244612397955498e+05	6.308183189497661078e+05
3.833395101766601886e-09	8.940814140105249826e+05	6.307685115811072756e+05
3.959110266468459240e-09	8.940369550589107675e+05	6.307170707931455690e+05
4.088948226294862618e-09	8.939910380878968863e+05	6.306639430183331715e+05
4.223044187206674123e-09	8.939436152821280994e+05	6.306090729323882842e+05
4.361537789208003199e-09	8.938946372581572505e+05	6.305524033966843272e+05
4.504573251759458750e-09	8.938440530130204279e+05	6.304938753987491364e+05
4.652299523960189308e-09	8.937918098711249186e+05	6.304334279908118770e+05
4.804870439655131104e-09	8.937378534293964040e+05	6.303709982263360871e+05
4.962444877628916452e-09	8.936821275006261421e+05	6.303065210944706341e+05
5.125186927053329472e-09	8.936245740549608599e+05	6.302399294523507124e+05
5.293266058360561204e-09	8.935651331594738876e+05	6.301711539551792666e+05
5.466857299720180771e-09	8.935037429157545557e+05	6.301001229840157321e+05
5.646141419303669251e-09	8.934403393954499625e+05	6.300267625711947912e+05
5.831305113526221869e-09	8.933748565736942692e+05	6.299509963233020389e+05
6.022541201461928965e-09	8.933072262603536947e+05	6.298727453416209901e+05
6.220048825634711276e-09	8.932373780290177092e+05	6.297919281399734318e+05
6.424033659394191079e-09	8.931652391436598264e+05	6.297084605598633643e+05
6.634708121092347870e-09	8.930907344828959322e+05	6.296222556828396628e+05
6.852291595284060743e-09	8.930137864617554005e+05	6.295332237399838632e+05
7.077010661181889919e-09	8.929343149508899078e+05	6.294412720184299396e+05
7.309099328602911004e-09	8.928522371931304224e+05	6.293463047648180509e+05
7.548799281653435948e-09	8.927674677173086675e+05	6.292482230855829548e+05
7.796360130405233414e-09	8.926799182492524851e+05	6.291469248439711519e+05
8.052039670825474778e-09	8.925894976198617369e+05	6.290423045536818681e+05
8.316104153230961616e-09	8.924961116701700957e+05	6.289342532690191874e+05
8.588828559546249041e-09	8.923996631532935426e+05	6.288226584714426426e+05
8.870496889654407999e-09	8.923000516331618419e+05	6.287074039523960091e+05
9.161402457138517586e-09	8.921971733799313661e+05	6.285883696922946256e+05
9.461848194721997291e-09	8.920909212619659957e+05	6.284654317355442327e+05
9.772146969725725887e-09	8.919811846342760837e+05	6.283384620614594314e+05
1.009262190987047331e-08	8.918686273949136958e+05	6.282108358180671930e+05
1.042360673976401127e-08	8.917543559794350294e+05	6.280879353088171920e+05
1.076544612842315905e-08	8.916363370635198662e+05	6.279610043103137286e+05
1.111849604819270880e-08	8.915144477488958510e+05	6.278299106437420705e+05
1.148312414543511117e-08	8.913885611068750732e+05	6.276945177955189720e+05
1.185971012337669343e-08	8.912585460461769253e+05	6.275546847751346650e+05
1.224864613750930795e-08	8.911242671764177503e+05	6.274102659683333477e+05
1.265033720395903769e-08	8.909858062654567184e+05	6.272618624268509448e+05
1.306520162124721228e-08	8.908440807527091820e+05	6.271129195881895721e+05
1.349367140588306343e-08	8.906977073897651862e+05	6.269590922090630047e+05
1.393619274224142065e-08	8.905465337516232394e+05	6.268002201022763038e+05
1.439322644719406651e-08	8.903904024145453004e+05	6.266361378273380687e+05
1.486524844997857277e-08	8.902291507921236334e+05	6.264666745181805454e+05
1.535275028780422776e-08	8.900626109659732319e+05	6.262916537052290514e+05
1.585623961771137302e-08	8.898906405407921411e+05	6.261109879946201108e+05
1.637624074521687477e-08	8.897152063650883501e+05	6.259310496678334894e+05
1.691329517029648562e-08	8.895340188726229826e+05	6.257452103118579835e+05
1.746796215127245689e-08	8.893468893849151209e+05	6.255532764040232869e+05
1.804081928719382751e-08	8.891536230358236935e+05	6.253550480751349824e+05
1.863246311931559514e-08	8.889540185686249752e+05	6.251503189013419906e+05
1.924350975230330612e-08	8.887478681264346233e+05	6.249388756891784724e+05
1.987459549580983990e-08	8.885349570357576013e+05	6.247204982535559684e+05
2.052637752709252173e-08	8.883179020543439547e+05	6.245027835016762838e+05
2.119953457536071000e-08	8.880941274896165123e+05	6.242790278143365867e+05
2.189476762856620985e-08	8.878630142980284290e+05	6.240479341192152351e+05
2.261280066337277307e-08	8.876243218112792820e+05	6.238092617683142889e+05
2.335438139906479724e-08	8.873778014684162335e+05	6.235627622216490563e+05
2.412028207618007283e-08	8.871231965569962049e+05	6.233081787884327350e+05
2.491130026067788373e-08	8.868602419457611395e+05	6.230452463597732130e+05
2.572825967447932303e-08	8.865921615085648373e+05	6.227823805269368459e+05
2.657201105324503850e-08	8.863165198543964652e+05	6.225139508053687168e+05
2.744343303228365032e-08	8.860318386060741032e+05	6.222367180030426243e+05
2.834343306151309448e-08	8.857378213125305483e+05	6.219503934252852341e+05
2.927294835042816131e-08	8.854341618006656645e+05	6.216546789097583387e+05
3.023294684405776334e-08	8.851205438565147342e+05	6.213492665159702301e+05
3.122442823092858392e-08	8.847966408959601540e+05	6.210338382046031766e+05
3.224842498408442807e-08	8.844662535379190231e+05	6.207173472070568241e+05
3.330600343624588813e-08	8.841277522123623639e+05	6.203965804066387936e+05
3.439826489022924478e-08	8.837781498265798436e+05	6.200652941449927166e+05
3.552634676578139226e-08	8.834170823242773768e+05	6.197231434392074589e+05
3.669142378402493899e-08	8.830441737100322498e+05	6.193697719927501166e+05
3.789470919074667737e-08	8.826590356577527709e+05	6.190048118244383950e+05
3.913745601980383687e-08	8.822612671062968438e+05	6.186278828852457227e+05
4.042095839796305955e-08	8.818550790591081604e+05	6.182479626103108749e+05
4.174655289253134782e-08	8.814408403955877293e+05	6.178662595549167600e+05
4.311561990318228626e-08	8.810130168861466227e+05	6.174720386501485482e+05
4.452958509942655287e-08	8.805711630194047466e+05	6.170648893764914246e+05
4.598992090522439315e-08	8.801148186735558556e+05	6.166443877515537897e+05
4.749814803228499868e-08	8.796435086372219957e+05	6.162100958885549335e+05
4.905583706365045989e-08	8.791567421145958360e+05	6.157615615403343691e+05
5.066461008921269181e-08	8.786587178483583266e+05	6.153069449035837315e+05
5.232614239486661694e-08	8.781538237404847750e+05	6.148547681377138942e+05
5.404216420705915059e-08	8.776323717656962108e+05	6.143877623560276115e+05
5.581446249454960394e-08	8.770938189131857362e+05	6.139054412449261872e+05
5.764488282925879445e-08	8.765376043642531149e+05	6.134073025422871578e+05
5.953533130814369715e-08	8.759631489082988119e+05	6.128928275144369109e+05
6.148777653810024108e-08	8.753698543396670138e+05	6.123614804159691557e+05
6.350425168595962148e-08	8.747610784899535356e+05	6.118193146055482794e+05
6.558685659571428548e-08	8.741484996963039739e+05	6.112862258352176286e+05
6.773775997517751128e-08	8.735158315453374526e+05	6.107356545615748037e+05
6.995920165435375620e-08	8.728624152119664941e+05	6.101670274506106507e+05
7.225349491787214948e-08	8.721875702651110478e+05	6.095797523659805302e+05
7.462302891391107044e-08	8.714905939591365168e+05	6.089732177523872815e+05
7.707027114212294845e-08	8.707707605020538904e+05	6.083467919987417990e+05
7.959777002314985573e-08	8.700291170648005791e+05	6.077025358567455551e+05
8.220815755240541849e-08	8.692897309329005657e+05	6.070772856785026379e+05
8.490415204088747078e-08	8.685260968310204335e+05	6.064315305882821558e+05
8.768856094587425811e-08	8.677374195534848841e+05	6.057645981329925125e+05
9.056428379445295063e-08	8.669228778160619549e+05	6.050757938066235511e+05
9.353431520292386860e-08	8.660816234007235616e+05	6.043644003270267276e+05
9.660174799522647250e-08	8.652127802723585628e+05	6.036296768889776431e+05
9.976977642363202159e-08	8.643154436665190151e+05	6.028708583927432774e+05
1.030416994950587396e-07	8.634254214340776671e+05	6.021377110685020452e+05
1.064209244064724761e-07	8.625090833545724163e+05	6.013844724370174808e+05
1.099109700929497372e-07	8.615626942134025740e+05	6.006065315465424210e+05
1.135154708920999096e-07	8.605852684940571198e+05	5.998030782931154827e+05
1.172381803286598596e-07	8.595757883602749789e+05	5.989732760056329425e+05
1.210829750232039531e-07	8.585332025961279869e+05	5.981162605745866895e+05
1.250538587290391570e-07	8.574564255113432882e+05	5.972311395522288512e+05
1.291549665014884007e-07	8.563875892570009455e+05	5.963714160790253663e+05
1.333905690039058854e-07	8.552951847620724002e+05	5.954979482154157013e+05
1.377650769549053468e-07	8.541669551545857685e+05	5.945958352073791903e+05
1.422830457214352017e-07	8.530017255595783936e+05	5.936641376450835960e+05
1.469491800624817218e-07	8.517982825723789865e+05	5.927018853110028431e+05
1.517683390283405561e-07	8.505553729950343259e+05	5.917080761695876718e+05
1.567455410205594968e-07	8.492717025313014165e+05	5.906816753238011152e+05
1.618859690178197646e-07	8.479948164876047522e+05	5.896780820554946549e+05
1.671949759731990056e-07	8.467019734466850059e+05	5.886715166231583571e+05
1.726780903884356132e-07	8.453667319648250705e+05	5.876319411473097280e+05
1.783410220710008120e-07	8.439877015965206083e+05	5.865582730724210851e+05
1.841896680799711039e-07	8.425634462969794404e+05	5.854493943408465711e+05
1.902301188668944219e-07	8.410924829267057357e+05	5.843041502285394818e+05
1.964686646180446931e-07	8.395732797070411034e+05	5.831213481425873470e+05
2.029118018046678038e-07	8.380564942357618129e+05	5.819554192805492785e+05
2.095662399480432992e-07	8.365386918750420446e+05	5.808031727984520840e+05
2.164389086064020114e-07	8.349711135927963769e+05	5.796131387018699897e+05
2.235369645909794139e-07	8.333521270010223379e+05	5.783840777561160503e+05
2.308677994187169850e-07	8.316800461779909674e+05	5.771147100861339131e+05
2.384390470093720426e-07	8.299531299126212252e+05	5.758037138437082758e+05
2.462585916350547006e-07	8.281695798912823666e+05	5.744497238309655804e+05
2.543345761304648365e-07	8.263789271959789330e+05	5.731021039953370346e+05
2.626754103723835758e-07	8.246127232295183931e+05	5.717924675307362340e+05
2.712897800372467241e-07	8.227885970774634043e+05	5.704398818893673597e+05
2.801866556459195443e-07	8.209046491972655058e+05	5.690429385644925060e+05
2.893753019050950594e-07	8.189589177513872273e+05	5.676001828577724518e+05
2.988652873550382326e-07	8.169493765643552179e+05	5.661101123644259060e+05
3.086664943337274455e-07	8.148739330128141446e+05	5.645711754087097943e+05
3.187891292677645596e-07	8.127740750698734773e+05	5.630219857298589777e+05
3.292437333007768907e-07	8.107384332803162979e+05	5.615446047200482571e+05
3.400411932703706463e-07	8.086360331639875658e+05	5.600187733960784972e+05
3.511927530450727317e-07	8.064646853994575795e+05	5.584429028428856982e+05
3.627100252330649086e-07	8.042221288670868380e+05	5.568153520373619394e+05
3.746050032748993774e-07	8.019060282944239443e+05	5.551344261394866044e+05
3.868900739327976195e-07	7.995139718243832467e+05	5.533983747274148045e+05
3.995780301895269929e-07	7.970692350215924671e+05	5.516276699005003320e+05
4.126820845702951630e-07	7.947472690905525815e+05	5.499743791255294345e+05
4.262158829015325345e-07	7.923491549092791975e+05	5.482668691228091484e+05
4.401935185208874400e-07	7.898723952163201757e+05	5.465033617873009061e+05
4.546295469532399562e-07	7.873144108532026876e+05	5.446820207014874322e+05
4.695390010680058238e-07	7.846725380786439637e+05	5.428009492230318720e+05
4.849374067335232931e-07	7.819440257946796482e+05	5.408581885097199120e+05
5.008407989848212921e-07	7.791260326818251051e+05	5.388517154796321411e+05
5.172657387216018967e-07	7.765005511192465201e+05	5.370122112528553698e+05
5.342293299538352136e-07	7.737953080934169702e+05	5.351175608398319455e+05
5.517492376129122323e-07	7.710013473477796651e+05	5.331607758744332241e+05
5.698437059469141914e-07	7.681157594084969023e+05	5.311398186706712004e+05
5.885315775191450570e-07	7.651355393863170175e+05	5.290525847171921050e+05
6.078323128297229089e-07	7.620575838474502089e+05	5.268969004857565742e+05
6.277660105806500796e-07	7.588786875818278641e+05	5.246705211678491905e+05
6.483534286054720147e-07	7.559021849158878904e+05	5.226094774829976377e+05
6.696160054853222944e-07	7.528861678327007685e+05	5.205260018354966887e+05
6.915758828738524922e-07	7.497712412778075086e+05	5.183741991626763484e+05
7.142559285543126448e-07	7.465541615415994311e+05	5.161518286980583798e+05
7.376797602527731619e-07	7.432315785378804430e+05	5.138565761898286873e+05
7.618717702322991504e-07	7.398000323152760975e+05	5.114860514909053454e+05
7.868571506936852863e-07	7.362559494542337488e+05	5.090377860699733719e+05
8.126619200091945450e-07	7.329115019522712100e+05	5.067445109218736761e+05
8.393129498166364485e-07	7.295903112604398048e+05	5.044750509068994434e+05
8.668379930019773693e-07	7.261602030102181016e+05	5.021311645591334091e+05
8.952657125996391396e-07	7.226176052794774296e+05	4.997104110869438155e+05
9.246257116405743783e-07	7.189588290058602579e+05	4.972102696535919094e+05
9.549485639791965964e-07	7.151800641451985575e+05	4.946281367521737702e+05
9.862658461312820294e-07	7.112773757039466873e+05	4.919613234944745200e+05
1.018610170155975315e-06	7.075544231395494426e+05	4.894283078122934094e+05
1.052015217616159169e-06	7.039439223763520131e+05	4.869808618149731774e+05
1.086515774652537176e-06	7.002150162085324991e+05	4.844531524822848151e+05
1.122147768207980340e-06	6.963638215625882149e+05	4.818425475996618043e+05
1.158948303439811928e-06	6.923863280206624186e+05	4.791463286297668237e+05
1.196955702359042833e-06	6.882783936443200801e+05	4.763616878815595410e+05
1.236209543736769070e-06	6.840357406613648636e+05	4.734857255865240586e+05
1.276750704319264407e-06	6.799315991425567772e+05	4.707095099921651417e+05
1.318621401394748678e-06	6.760582910172528354e+05	4.680976660353475017e+05
1.361865236756082925e-06	6.720579587903401116e+05	4.654001673561519128e+05
1.406527242105236574e-06	6.679264367404592922e+05	4.626142049309206777e+05
1.452653925946781372e-06	6.636594225325350417e+05	4.597368776148174657e+05
1.500293322019216825e-06	6.592524727375679649e+05	4.567651891207396984e+05
1.549495039314631713e-06	6.547009982054943684e+05	4.536960448991518933e+05
1.600310313738701654e-06	6.502222057738106232e+05	4.506780746899551596e+05
1.652792061464893799e-06	6.461228399808523245e+05	4.479211593352515483e+05
1.706994934038407828e-06	6.418890365856760181e+05	4.450738316805670038e+05
1.762975375287203917e-06	6.375163867431575200e+05	4.421331266787618515e+05
1.820791680099462520e-06	6.330003370212779846e+05	4.390959820447695674e+05
1.880504055128583443e-06	6.283361846594368108e+05	4.359592350667064311e+05
1.942174681489024486e-06	6.235190726712601027e+05	4.327196193124002893e+05
2.005867779508234000e-06	6.186824121906488435e+05	4.294670205748831504e+05
2.071649675602067297e-06	6.144027828113610158e+05	4.265898900104524218e+05
2.139588871343421664e-06	6.099828041338669136e+05	4.236184047204651870e+05
2.209756114795903333e-06	6.054178734405566938e+05	4.205494703669916489e+05
2.282224474186896537e-06	6.007032370689312229e+05	4.173798911341193016e+05
2.357069413996727979e-06	5.958339854614024516e+05	4.141063664000087883e+05
2.434368873543112862e-06	5.908050480527590262e+05	4.107254872998130741e+05
2.514203348142796913e-06	5.856380849026092328e+05	4.072516804207257228e+05
2.596655972934872394e-06	5.812310793484823080e+05	4.042841073131097364e+05
2.681812609453013329e-06	5.766795472286427394e+05	4.012192134409797727e+05
2.769761935036891063e-06	5.719787488331124187e+05	3.980538071959530935e+05
2.860595535175745131e-06	5.671237890143954428e+05	3.947845923017061432e+05
2.954407998880380251e-06	5.621096120899467496e+05	3.914081643814172130e+05
3.051297017182871440e-06	5.569309965774663724e+05	3.879210074126384570e+05
3.151363484866476280e-06	5.515825497575431364e+05	3.843194900659095147e+05
3.254711605531848180e-06	5.469950456631809939e+05	3.812217099935712176e+05
3.361449000108768764e-06	5.423712805055662757e+05	3.780981719660083181e+05
3.471686818926559579e-06	5.375958802091514226e+05	3.748721983461930649e+05
3.585539857459816780e-06	5.326638719402098795e+05	3.715404297863380634e+05
3.703126675869923221e-06	5.275701197822664399e+05	3.680993967697468470e+05
3.824569722466998750e-06	5.223093193878414459e+05	3.645455159978520824e+05
3.949995461220647668e-06	5.168759924548022100e+05	3.608750866587710916e+05
4.079534503452449404e-06	5.121186197640183964e+05	3.576511801567283110e+05
4.213321743847289341e-06	5.074836493129228475e+05	3.545063337507606484e+05
4.351496500925044872e-06	5.026966762484316714e+05	3.512583529499831493e+05
4.494202662119142613e-06	4.977527156855869107e+05	3.479038554895661073e+05
4.641588833612781958e-06	4.926466192614658503e+05	3.444393481842118199e+05
4.793808495089106764e-06	4.873730697739636526e+05	3.408612232905474957e+05
4.951020159556351225e-06	4.819265756447571912e+05	3.371657547502226080e+05
5.113387538414320594e-06	4.770418761815627222e+05	3.338417745157927275e+05
5.281079711934330620e-06	4.724553709387789131e+05	3.307138023528300691e+05
5.454271305329836335e-06	4.677184524861131795e+05	3.274832491813330562e+05
5.633142670601352205e-06	4.628261880626706406e+05	3.241467508846271085e+05
5.817880074344935696e-06	4.577734831389843603e+05	3.207008330207324470e+05
6.008675891719681185e-06	4.525550761118605151e+05	3.171419072042768821e+05
6.205728806776500758e-06	4.471655328252378968e+05	3.134662673697509454e+05
6.409244019356456972e-06	4.421996974684670568e+05	3.100716124428536859e+05
6.619433458774388568e-06	4.377171281217545620e+05	3.069976919842073694e+05
6.836516004510238809e-06	4.330875541150082718e+05	3.038229631281793118e+05
7.060717714137765353e-06	4.283061544698121143e+05	3.005441198904027115e+05
7.292272058728313350e-06	4.233679501050540130e+05	2.971577478676387691e+05
7.531420165974376510e-06	4.182677986519926344e+05	2.936603206822103821e+05
7.778411071286482598e-06	4.130003890992824454e+05	2.900481963098301203e+05
8.033501977124735881e-06	4.080015920726674376e+05	2.866146638141715084e+05
8.296958520834915102e-06	4.036718643655677442e+05	2.836291750139798969e+05
8.569055051268345481e-06	3.992001443990319967e+05	2.805457779089392279e+05
8.850074914473438512e-06	3.945817755749767530e+05	2.773612616224388476e+05
9.140310748756224233e-06	3.898119485834341031e+05	2.740723099780313787e+05
9.440064789417603028e-06	3.848856963944037561e+05	2.706754980461509549e+05
9.749649183484097127e-06	3.797978890854689525e+05	2.671672885775853647e+05
1.006938631476026946e-05	3.748144374891701154e+05	2.637278959612055914e+05
1.039960913954120295e-05	3.706781874907287420e+05	2.608608733432060981e+05
1.074066153333432437e-05	3.664062902824388584e+05	2.578998274870438909e+05
1.109289864895222712e-05	3.619942973504176480e+05	2.548416749258289055e+05
1.145668728634872662e-05	3.574376142929624184e+05	2.516832310712016479e+05
1.183240627458378028e-05	3.527314960361986305e+05	2.484212068970810215e+05
1.222044686631488820e-05	3.478710418928251020e+05	2.450522055146567291e+05
1.262121314522546164e-05	3.429494909666685271e+05	2.416398614471349283e+05
1.303512244681508904e-05	3.390381284328273032e+05	2.389158484786562622e+05
1.346260579298911035e-05	3.349984938132509124e+05	2.361025022351325315e+05
1.390410834090069648e-05	3.308263804592752713e+05	2.331968930557575077e+05
1.436008984651260800e-05	3.265174437663202989e+05	2.301959952022833750e+05
1.483102514336102853e-05	3.220671966496643145e+05	2.270966837081886479e+05
1.531740463702079875e-05	3.174710048718443140e+05	2.238957311245115416e+05
1.581973481578601704e-05	3.127240822168225423e+05	2.205898041589674249e+05
1.633853877809860416e-05	3.089898984813778079e+05	2.179792704007479770e+05
1.687435677727375848e-05	3.052052150476665702e+05	2.153326310769284901e+05
1.742774678408917511e-05	3.012964139353490318e+05	2.125991959259983560e+05
1.799928506782476860e-05	2.972594247384282062e+05	2.097761185020754638e+05
1.858956679635688644e-05	2.930900435630346765e+05	2.068604590108486009e+05
1.919920665593282809e-05	2.887839286497264402e+05	2.038491812482402020e+05
1.982883949127071257e-05	2.843365958522238070e+05	2.007391494386733393e+05
2.047912096665083489e-05	2.807056718557805871e+05	1.981934410243359744e+05
2.115072824868794552e-05	2.771893260333325597e+05	1.957260401902278827e+05
2.184436071149428344e-05	2.735576625923030078e+05	1.931777216072285955e+05
2.256074066496859061e-05	2.698068997223052429e+05	1.905458315994559380e+05
2.330061410696924993e-05	2.659331315894941217e+05	1.878276294644379814e+05
2.406475150015422205e-05	2.619323242692515487e+05	1.850202846191008284e+05
2.485394857429798490e-05	2.578003115454820218e+05	1.821208736521566170e+05
2.566902715491951889e-05	2.542938560429805366e+05	1.796563658327109879e+05
2.651083601908536550e-05	2.510508956141429662e+05	1.773746057476304122e+05
2.738025177927857720e-05	2.477015831674177025e+05	1.750180159522561589e+05
2.827817979625344298e-05	2.442424309168892505e+05	1.725841424262996588e+05
2.920555512182745176e-05	2.406698366956381360e+05	1.700704506705349195e+05
3.016334347259197422e-05	2.369800802046456374e+05	1.674743230675128580e+05
3.115254223555484670e-05	2.331693191386850958e+05	1.647930561557224428e+05
3.217418150676372115e-05	2.298048965251304617e+05	1.624235755697569984e+05
3.322932516398975161e-05	2.268333269451923261e+05	1.603284440502133220e+05
3.431907197459042598e-05	2.237643055375018157e+05	1.581646032541514724e+05
3.544455673970434785e-05	2.205946363954923581e+05	1.559297998792672879e+05
3.660695147596898513e-05	2.173210188036991167e+05	1.536217067268123792e+05
3.780746663599348950e-05	2.139400438005776668e+05	1.512379202781785862e+05
3.904735236885563870e-05	2.104481906286041776e+05	1.487759581920097989e+05
4.032789982193704951e-05	2.072394701123648847e+05	1.465125074093437870e+05
4.165044248545185317e-05	2.045316980283058365e+05	1.446005202117771842e+05
4.301635758106790800e-05	2.017351252846526331e+05	1.426258299066340551e+05
4.442706749606882658e-05	1.988468396875792823e+05	1.405863801623106410e+05
4.588404126454761567e-05	1.958638335386445688e+05	1.384800472103600041e+05
4.738879609717651733e-05	1.927830005027431180e+05	1.363046376339182025e+05
4.894289896114532395e-05	1.896011323733420286e+05	1.340578860836029344e+05
5.054796821191235987e-05	1.865578673781875113e+05	1.319085497725083842e+05
5.220567527846975100e-05	1.841021388010193477e+05	1.301727801661285630e+05
5.391774640387505993e-05	1.815658752634972625e+05	1.283800864608344127e+05
5.568596444286408510e-05	1.789464356431864726e+05	1.265286018460625201e+05
5.751217071841613668e-05	1.762410922027495399e+05	1.246163982896969537e+05
5.939826693920350535e-05	1.734470277494349575e+05	1.226414845303260663e+05
6.134621717992506365e-05	1.705613327014094975e+05	1.206018040036534076e+05
6.335804992658254750e-05	1.676895468928579357e+05	1.185718304033816385e+05
6.543586018883229940e-05	1.654712644569776603e+05	1.170029076818876638e+05
6.758181168161109969e-05	1.631802340432920028e+05	1.153825325603406527e+05
6.979813907830652742e-05	1.608140699013715202e+05	1.137090176710744709e+05
7.208715033782136410e-05	1.583703080407403759e+05	1.119806203096523241e+05
7.445122910795143767e-05	1.558464036650160560e+05	1.101955406201128935e+05
7.689283720758306707e-05	1.532397285219009209e+05	1.083519197207012039e+05
7.941451719029339520e-05	1.505475681662674178e+05	1.064478377681329875e+05
8.201889499202211654e-05	1.485449144021432730e+05	1.050309470875081461e+05
8.470868266557401581e-05	1.464822705732889590e+05	1.035716082162328385e+05
8.748668120479914808e-05	1.443519828930229705e+05	1.020644107178950071e+05
9.035578346138921401e-05	1.421518329993725347e+05	1.005077850816504069e+05
9.331897715733240167e-05	1.398795297797781823e+05	9.890011032496688131e+04
9.637934799615796556e-05	1.375327069852586719e+05	9.723971230562507117e+04
9.954008287621519404e-05	1.351089207663317793e+05	9.552486197836026258e+04
1.028044732093309733e-04	1.332157418610476598e+05	9.418527913516471745e+04
1.061759183482999177e-04	1.313638097885154129e+05	9.287485010301104921e+04
1.096579291267809898e-04	1.294511441001322673e+05	9.152144590204903216e+04
1.132541315152812739e-04	1.274757530532479868e+05	9.012365717313844652e+04
1.169682703970384685e-04	1.254355795865461841e+05	8.868002833758400811e+04
1.208042134677328878e-04	1.233284991779356060e+05	8.718905608137699892e+04
1.247659552630868559e-04	1.211523176321930951e+05	8.564918778972918517e+04
1.288576213185518274e-04	1.193694414174829144e+05	8.438763274071420892e+04
1.330834724654076035e-04	1.177104391667934397e+05	8.321373528226952476e+04
1.374479092677536609e-04	1.159970303820397967e+05	8.200134017137486080e+04
1.419554766050101292e-04	1.142274308155224571e+05	8.074918488783847715e+04
1.466108684046983103e-04	1.123997977056173841e+05	7.945596550745770219e+04
1.514189325304352018e-04	1.105122278578266705e+05	7.812033534418487397e+04
1.563846758302247630e-04	1.085627556628993625e+05	7.674090354776462482e+04
1.615132693503089671e-04	1.068896058649017359e+05	7.555705694592602958e+04
1.668100537200059119e-04	1.054061662272599206e+05	7.450749408505353495e+04
1.722805447131392292e-04	1.038740775843837764e+05	7.342351109152671415e+04
1.779304389918577296e-04	1.022917445051883406e+05	7.230397916632238775e+04
1.837656200388172322e-04	1.006575192368542048e+05	7.114773249175629462e+04
1.897921642839099502e-04	9.896969998894998571e+04	6.995356701746569888e+04
1.960163474319185771e-04	9.722652916128297511e+04	6.872023920657880080e+04
2.024446509976801894e-04	9.566132488767182804e+04	6.761289005123717652e+04
2.090837690555749911e-04	9.433685091702245700e+04	6.667594368329254212e+04
2.159406152103567479e-04	9.296894117757200729e+04	6.570827041038870811e+04
2.230223297965936195e-04	9.155617120492704271e+04	6.470886255191493547e+04
2.303362873142131230e-04	9.009706981976595125e+04	6.367667938064474583e+04
2.378901041078890991e-04	8.859011759583602543e+04	6.261064603898156929e+04
2.456916462982790305e-04	8.703374527770755230e+04	6.150965241966180474e+04
2.537490379733572054e-04	8.557371549711233820e+04	6.047685865599700628e+04
2.620706696483850184e-04	8.439260360486603167e+04	5.964147812074634567e+04
2.706652070033241614e-04	8.317275746474711923e+04	5.877870150479176664e+04
2.795415999067858812e-04	8.191290679748063849e+04	5.788763036101101898e+04
2.887090917359234942e-04	8.061173966532331542e+04	5.696733677794930554e+04
2.981772290019673471e-04	7.926790110588507378e+04	5.601686241354431695e+04
3.079558712914223133e-04	7.787999172114781686e+04	5.503521749716289196e+04
3.180552015332919840e-04	7.652158649578223412e+04	5.407446459755212709e+04
3.284857366030047169e-04	7.546934875327207556e+04	5.333037282996949943e+04
3.392583382740992125e-04	7.438260315608137171e+04	5.256187877234595362e+04
3.503842245290676185e-04	7.326021802836660936e+04	5.176818215812127892e+04
3.618749812411276696e-04	7.210102458127873251e+04	5.094845647620818636e+04
3.737425742391064479e-04	7.090381569585128454e+04	5.010184811030961282e+04
3.859993617679771628e-04	6.966734466597528080e+04	4.922747545001107210e+04
3.986581073580439268e-04	6.840643045690369036e+04	4.833582278411645530e+04
4.117319931161679482e-04	6.746974358165124431e+04	4.767356241425553162e+04
4.252346334528677710e-04	6.650233831143297721e+04	4.698958339310450538e+04
4.391800892596086085e-04	6.550320724472084839e+04	4.628317346331661247e+04
4.535828825510190908e-04	6.447130994252399250e+04	4.555359700925642392e+04
4.684580115873045679e-04	6.340557184493378008e+04	4.480009429097100656e+04
4.838209664925957392e-04	6.230488315213720489e+04	4.402188065303917392e+04
4.996877453854878855e-04	6.116809766873421904e+04	4.321814570747573453e+04
5.160748710385908026e-04	6.030361915455372218e+04	4.260702820189586055e+04
5.329994080844092930e-04	5.944299467564401129e+04	4.199864787903454999e+04
5.504789807854968417e-04	5.855414624766561610e+04	4.137031588658028340e+04
5.685317913873753860e-04	5.763614827377504116e+04	4.072137791487733193e+04
5.871766390733249843e-04	5.668804480242863792e+04	4.005115819636039669e+04
6.064329395408061141e-04	5.570884853190794092e+04	3.935895880184786802e+04
6.263207452198691922e-04	5.469753978219947749e+04	3.864405891375783540e+04
6.468607661546321112e-04	5.388808044052015612e+04	3.807190911291407247e+04
6.680743915695614441e-04	5.312284010131703690e+04	3.753103854284527188e+04
6.899837121430011690e-04	5.233250391033621418e+04	3.697243026742824441e+04
7.126115430111745839e-04	5.151624885584630101e+04	3.639550258337117702e+04
7.359814475265771296e-04	5.067322493566688354e+04	3.579965471057883406e+04
7.601177617955324041e-04	4.980255427202398278e+04	3.518426616653383098e+04
7.850456200204509452e-04	4.890333019737715949e+04	3.454869612016083556e+04
8.107909806731678154e-04	4.814736940259207768e+04	3.401442441107691411e+04
8.373806535266489033e-04	4.746721937681797135e+04	3.353376028855732147e+04
8.648423275731726865e-04	4.676476401328392967e+04	3.303733291499664483e+04
8.932045998580959026e-04	4.603927181441781431e+04	3.252462533880284172e+04
9.224970052592174194e-04	4.528998729338054545e+04	3.199510365509491749e+04
9.527500472427299482e-04	4.451613018734482466e+04	3.144821644972452123e+04
9.839952296278227113e-04	4.371689464497314475e+04	3.088339422506413030e+04
1.016265089392995313e-03	4.301257363017826719e+04	3.038567295649181324e+04
1.049593230558226731e-03	4.240824995235136885e+04	2.995864588632031882e+04
1.084014359178331072e-03	4.178410764151781041e+04	2.951761457786038591e+04
1.119564319483879432e-03	4.113949675092120015e+04	2.906211976587164827e+04
1.156280131207375458e-03	4.047374601897547836e+04	2.859168712363329541e+04
1.194200028133532475e-03	3.978616217025069636e+04	2.810582676900677689e+04
1.233363497913774571e-03	3.907602919353524339e+04	2.760403275430027497e+04
1.273811323186478358e-03	3.842123915804737771e+04	2.714135896878604399e+04
1.315585624045705277e-03	3.788442875090455345e+04	2.676207687148316109e+04
1.358729901902709343e-03	3.733001379036820435e+04	2.637035631947760339e+04
1.403289084785873256e-03	3.675741693982917786e+04	2.596578939698185786e+04
1.449309574126215073e-03	3.616604192907912511e+04	2.554795481071961331e+04
1.496839293077255632e-03	3.555527293338791787e+04	2.511641745121440181e+04
1.545927736419478674e-03	3.492447393221861421e+04	2.467072793969120175e+04
1.596626022101425152e-03	3.431693189035914111e+04	2.424147723355150811e+04
1.648986944471064796e-03	3.384019193355485186e+04	2.390466747624771233e+04
1.703065029252842687e-03	3.334781741767213680e+04	2.355681213324547207e+04
1.758916590327732569e-03	3.283929561153730174e+04	2.319754896752287459e+04
1.816599788375328683e-03	3.231409696909532795e+04	2.282650386259205334e+04
1.876174691439119486e-03	3.177167457797030875e+04	2.244329043291520793e+04
1.937703337477988952e-03	3.121146358994147158e+04	2.204750962154434455e+04
2.001249798969035112e-03	3.064877889063639304e+04	2.164998140398655232e+04
2.066880249629082268e-03	3.022548647133823033e+04	2.135093411391494737e+04
2.134663033324245458e-03	2.978831229062586135e+04	2.104207964813435319e+04
2.204668735239407457e-03	2.933680109985517265e+04	2.072309638294652905e+04
2.276970255381679901e-03	2.887048272062472097e+04	2.039365214709022621e+04
2.351642884494346396e-03	2.838887155515855920e+04	2.005340387583678603e+04
2.428764382460450386e-03	2.789146608063172607e+04	1.970199725374168338e+04
2.508415059277541159e-03	2.737774832691276606e+04	1.933906634568042864e+04
2.590677858688006548e-03	2.699535399318239070e+04	1.906896588760490340e+04
2.675638444552045497e-03	2.660716128712060890e+04	1.879477316433662418e+04
2.763385290053172599e-03	2.620623790533063948e+04	1.851158836421463275e+04
2.854009769829237483e-03	2.579216634871485076e+04	1.821911659448913633e+04
2.947606255124858923e-03	2.536451542640455591e+04	1.791705329148161400e+04
3.044272212064299925e-03	2.492283980674223494e+04	1.760508390342942585e+04
3.144108303147265162e-03	2.446667955353792058e+04	1.728288356292912431e+04
3.247218492073131874e-03	2.410880919618764165e+04	1.703010495820899450e+04
3.353710152002929105e-03	2.376422178333951888e+04	1.678670762449186441e+04
3.463694177371734288e-03	2.340833371866437301e+04	1.653532814046568456e+04
3.577285099367869762e-03	2.304077440031507649e+04	1.627570473365095313e+04
3.694601205199302477e-03	2.266116107265618120e+04	1.600756704680983057e+04
3.815764661271252300e-03	2.226909842768384988e+04	1.573063585641138889e+04
3.940901640403448279e-03	2.186417819337423862e+04	1.544462278186384901e+04
4.070142453219439092e-03	2.153008279370399760e+04	1.520864380400925256e+04
4.203621683844710293e-03	2.122420488758969441e+04	1.499259977103727033e+04
4.341478330055092809e-03	2.090829579754442238e+04	1.476947063192127280e+04
4.483855948021190328e-03	2.058202655358035554e+04	1.453902403250465613e+04
4.630902801799736956e-03	2.024505739722711223e+04	1.430101999863855235e+04
4.782772017727485517e-03	1.989703742772628175e+04	1.405521068628616740e+04
4.939621743878315659e-03	1.953760423662325411e+04	1.380134012343201721e+04
5.101615314749833284e-03	1.922640444318889058e+04	1.358154196564979065e+04
5.268921421350676766e-03	1.895490548998420491e+04	1.338978895178537095e+04
5.441714286865887221e-03	1.867450280139291135e+04	1.319174744923662911e+04
5.620173848083187887e-03	1.838490438179989724e+04	1.298721122870296131e+04
5.804485942768972118e-03	1.808580865967219506e+04	1.277596729764919291e+04
5.994842503189409637e-03	1.777690417351918950e+04	1.255779567850699277e+04
6.191441755977847815e-03	1.745786924755423388e+04	1.233246917960270548e+04
6.394488428556937588e-03	1.716859352852964003e+04	1.212816388454774824e+04
6.604193962330305243e-03	1.692762183991666097e+04	1.195797895822402461e+04
6.820776732865678482e-03	1.667874754937557373e+04	1.178221286286487884e+04
7.044462277299037498e-03	1.642171149319465258e+04	1.160068256552797720e+04
7.275483529196232965e-03	1.615624600845777604e+04	1.141319903075474213e+04
7.514081061116961897e-03	1.588207465431523997e+04	1.121956702371941901e+04
7.760503335133571261e-03	1.559891192411372140e+04	1.101958490692242594e+04
8.015006961565396618e-03	1.533052255343082470e+04	1.083003810854150834e+04
8.277856966198472027e-03	1.511665430261728397e+04	1.067900111966055010e+04
8.549327066268385539e-03	1.489577229985233862e+04	1.052301091321939748e+04
8.829699955494081307e-03	1.466764653102101147e+04	1.036190504977603450e+04
9.119267598459298088e-03	1.443203943875703771e+04	1.019551576273046339e+04
9.418331534647961592e-03	1.418870567506406587e+04	1.002366978362204827e+04
9.727203192450536648e-03	1.393739184582396956e+04	9.846188161697433316e+03
1.004620421346811079e-02	1.368881154044533832e+04	9.670637778601449099e+03
1.037566678745184892e-02	1.349900403042281869e+04	9.536598431450207499e+03
1.071593399822671176e-02	1.330297183399290952e+04	9.398163299842550259e+03
1.106736018095974550e-02	1.310051081423359756e+04	9.255188225205656636e+03
1.143031129114480994e-02	1.289141013960724013e+04	9.107524321324952325e+03
1.180516528568803167e-02	1.267545206441246592e+04	8.955017819302394855e+03
1.219231251649109671e-02	1.245241170203591901e+04	8.797509907430088788e+03
1.259215613694151040e-02	1.222254491507258717e+04	8.635181308190754862e+03
1.300511252173409960e-02	1.205409508077815372e+04	8.516229565876699780e+03
1.343161170046018073e-02	1.188012097932624238e+04	8.393376833062162405e+03
1.387209780541618330e-02	1.170044144385639629e+04	8.266495177809480083e+03
1.432702953409829491e-02	1.151486936618947402e+04	8.135452472687334193e+03
1.479688062686396362e-02	1.132321150198381838e+04	8.000112257180775487e+03
1.528214036025870790e-02	1.112526826950138275e+04	7.860333595588824210e+03
1.578331405652119712e-02	1.092083354177451292e+04	7.715970930261974900e+03
1.630092360979738114e-02	1.076352568154453547e+04	7.604891368191300899e+03
1.683550802961200632e-02	1.060913018659495174e+04	7.495869158723598957e+03
1.738762400216250711e-02	1.044967133277900393e+04	7.383271595123192128e+03
1.795784647002096959e-02	1.028498306860005687e+04	7.266981424609783062e+03
1.854676923084701279e-02	1.011489389694716374e+04	7.146877549129578256e+03
1.915500555573523833e-02	9.939226696507621455e+03	7.022834899250588023e+03
1.978318882784162180e-02	9.757798537322689299e+03	6.894724303922283980e+03
2.043197320195270367e-02	9.610842709907055905e+03	6.790958884976555055e+03
2.110203428568596662e-02	9.473823979921775390e+03	6.694211659667838831e+03
2.179406984302958289e-02	9.332311757418750858e+03	6.594291635041220616e+03
2.250880052095457357e-02	9.186158679515501717e+03	6.491094759993650769e+03
2.324697059985645492e-02	9.035212550603269847e+03	6.384513571094007602e+03
2.400934876860652198e-02	8.879316183859154989e+03	6.274437080676798359e+03
2.479672892502160150e-02	8.718307237560531576e+03	6.160750661265778945e+03
2.560993100258462246e-02	8.581337875040568179e+03	6.064041110419238976e+03
2.644980182427714502e-02	8.459740944188617505e+03	5.978187843558228451e+03
2.731721598441373688e-02	8.334156274587192456e+03	5.889519041826132707e+03
2.821307675939470697e-02	8.204453089413060297e+03	5.797942370511660556e+03
2.913831704832788722e-02	8.070496323052107073e+03	5.703362466811398008e+03
3.009390034449724305e-02	7.932146480449618139e+03	5.605680840524365522e+03
3.108082173869057552e-02	7.789259491847968093e+03	5.504795771489856634e+03
3.210010895543168735e-02	7.661865037868504260e+03	5.414851380910269654e+03
3.315282342319423453e-02	7.553954343718459313e+03	5.338666118350234683e+03
3.424006137971426222e-02	7.442504747282574499e+03	5.259982380528368594e+03
3.536295501355046084e-02	7.327400191209100740e+03	5.178718230618253983e+03
3.652267364308168368e-02	7.208520812076561924e+03	5.094789044697225108e+03
3.772042493416994519e-02	7.085742815574663837e+03	5.008107423623730028e+03
3.895745615775501186e-02	6.958938347591942147e+03	4.918583102024829714e+03
4.023505548869293208e-02	6.840675874916247267e+03	4.835091054777706631e+03
4.155455334718879262e-02	6.744910768086958342e+03	4.767485590192613017e+03
4.291732378422148664e-02	6.646005070252026599e+03	4.697663022520203413e+03
4.432478591240391480e-02	6.543855786571328281e+03	4.625550642459075789e+03
4.577840538376615892e-02	6.438356544516609574e+03	4.551073356225805583e+03
4.727969591600390820e-02	6.329397483101051876e+03	4.474153607356463908e+03
4.883022086877885498e-02	6.216865138476230641e+03	4.394711295943679033e+03
5.043159487171348238e-02	6.107272322585177790e+03	4.317345119741545204e+03
5.208548550577655339e-02	6.022285279682084365e+03	4.257353578528365688e+03
5.379361503980698012e-02	5.934511109490399576e+03	4.195394630803696600e+03
5.555776222398878250e-02	5.843858408917869383e+03	4.131403755998414454e+03
5.737976414214139564e-02	5.750232777332334990e+03	4.065314317608634610e+03
5.926151812475564939e-02	5.653536718258210385e+03	3.997057493804188198e+03
6.120498372476690374e-02	5.553669537849143126e+03	3.926562205761444147e+03
6.321218475812448445e-02	5.452274369632932576e+03	3.854988625892474374e+03
6.528521141127847927e-02	5.376851609575796829e+03	3.801753763927762520e+03
6.742622241778348235e-02	5.298955380321999655e+03	3.746773078936176262e+03
6.963744730628236568e-02	5.218504565112327327e+03	3.689989317119569932e+03
7.192118872221178738e-02	5.135415386985203440e+03	3.631343347056846142e+03
7.427982482564911282e-02	5.049601321536023534e+03	3.570774098127780235e+03
7.671581176779301847e-02	4.960973006815563167e+03	3.508218496917554603e+03
7.923168624866261389e-02	4.869438150273414976e+03	3.443611401535609730e+03
8.183006815867406580e-02	4.800365840958176705e+03	3.394863956873788084e+03
8.451366330684703665e-02	4.731234944815032577e+03	3.346075775018174681e+03
8.728526623848370525e-02	4.659836919465549727e+03	3.295687597817786809e+03
9.014776314524917955e-02	4.586097415015187835e+03	3.243646953854227831e+03
9.310413487069084393e-02	4.509939643284538761e+03	3.189899650922994624e+03
9.615746001432116941e-02	4.431284297846438676e+03	3.134389719600764238e+03
9.931091813749780284e-02	4.350049471440715024e+03	3.077059354961989811e+03
1.025677930744420957e-01	4.285462233935889344e+03	3.031482403722311574e+03
1.059314763518370006e-01	4.224109225101586162e+03	2.988189392597844744e+03
1.094054707205743548e-01	4.160744160790140995e+03	2.943476598779586311e+03
1.129933938033223922e-01	4.095301056181573585e+03	2.897297460874711305e+03
1.166989818617144986e-01	4.027711762501433896e+03	2.849603890522003894e+03
1.205260936870841404e-01	3.957905896054453478e+03	2.800346222315314662e+03
1.244787146187906202e-01	3.885810764930974528e+03	2.749473162084835167e+03
1.285609606943296512e-01	3.825560017040328148e+03	2.706961956573641146e+03
1.327770829355431892e-01	3.771108552334672368e+03	2.668545270274958511e+03
1.371314717753943091e-01	3.714871366441407190e+03	2.628868719047901777e+03
1.416286616299197443e-01	3.656789897112889321e+03	2.587890985959879799e+03
1.462733356201129931e-01	3.596803661568283587e+03	2.545569399100590090e+03
1.510703304486655796e-01	3.534850193510165354e+03	2.501859887145864832e+03
1.560246414366371071e-01	3.470864978075632280e+03	2.456716933464276281e+03
1.611414277253016558e-01	3.414779952726469219e+03	2.417151075206695623e+03
1.664260176485901910e-01	3.366452305066533427e+03	2.383061530416698588e+03
1.718839142817145671e-01	3.316539765157316651e+03	2.347854028144074618e+03
1.775208011717636092e-01	3.264990356882383367e+03	2.311491905272883741e+03
1.833425482562292541e-01	3.211750399582492719e+03	2.273937296330128447e+03
1.893552179756291254e-01	3.156764452155582603e+03	2.235151094054779151e+03
1.955650715865947520e-01	3.099975255323489819e+03	2.195092908673650072e+03
2.019785756819878764e-01	3.047869723310984682e+03	2.158341097765955510e+03
2.086024089248504632e-01	3.004975695768413971e+03	2.128091344075673078e+03
2.154434690031886424e-01	2.960674970091659816e+03	2.096849557822502902e+03
2.225088798128364853e-01	2.914921413992527505e+03	2.064583205564495529e+03
2.298059988758848760e-01	2.867667382286780139e+03	2.031258686934179650e+03
2.373424250023866422e-01	2.818863667279152196e+03	1.996841299649054690e+03
2.451260062033339959e-01	2.768459447521200673e+03	1.961295203374563016e+03
2.531648478631358112e-01	2.720137218591848523e+03	1.927219125502338784e+03
2.614673211801087360e-01	2.682064295492247766e+03	1.900376689394056484e+03
2.700420718837769907e-01	2.642742781086220475e+03	1.872653962789548132e+03
2.788980292380439652e-01	2.602131728156599365e+03	1.844022076797982663e+03
2.880444153396297668e-01	2.560188846633205685e+03	1.814451215780989742e+03
2.974907547214443726e-01	2.516870459554343142e+03	1.783910586304331900e+03
3.072468842708997450e-01	2.472131457584074269e+03	1.752368385071355078e+03
3.173229634734973104e-01	2.427390858480858242e+03	1.720825874951862943e+03
3.277294849923382269e-01	2.393595465180741030e+03	1.697006976933669876e+03
3.384772855945983316e-01	2.358691761017250428e+03	1.672406944540365430e+03
3.495775574363279015e-01	2.322643399232739739e+03	1.647000160679525152e+03
3.610418597173329913e-01	2.285412841087394099e+03	1.620760168153049108e+03
3.728821307182829670e-01	2.246961316768473353e+03	1.593659642106108777e+03
3.851107002325568907e-01	2.207248785017638966e+03	1.565670361572595993e+03
3.977403024058037140e-01	2.166233891434213092e+03	1.536763180087382352e+03
4.107840889965651554e-01	2.135886006130532223e+03	1.515382029880495793e+03
4.242556430717768223e-01	2.104901898717665063e+03	1.493552970701780623e+03
4.381689931514186065e-01	2.072901675808439904e+03	1.471008033379253220e+03
4.525386278170167031e-01	2.039852014167560810e+03	1.447723740881104277e+03
4.673795107992463338e-01	2.005718497733156710e+03	1.423675846252556084e+03
4.827070965603187935e-01	1.970465581777835041e+03	1.398839307366449248e+03
4.985373463873883915e-01	1.934056555894401981e+03	1.373188260845781315e+03
5.148867450137487589e-01	1.905645359723943329e+03	1.353179104790253859e+03
5.317723177850967042e-01	1.878138708589957560e+03	1.333808902933777972e+03
5.492116483887790057e-01	1.849729984206044719e+03	1.313803460500203073e+03
5.672228971644548423e-01	1.820389603321802269e+03	1.293141944945099112e+03
5.858248200152549323e-01	1.790087012512060483e+03	1.271802840526326236e+03
6.050367879391213011e-01	1.758790656360268031e+03	1.249763925898751722e+03
6.248788072006887795e-01	1.726467944598433405e+03	1.227002250974178878e+03
6.453715401646701322e-01	1.699933770232167490e+03	1.208323259485219751e+03
6.665363268124920859e-01	1.675512195935046975e+03	1.191134955724639894e+03
6.883952069645510319e-01	1.650289722655813421e+03	1.173382966150090397e+03
7.109709432312424360e-01	1.624240085127057910e+03	1.155048804836417730e+03
7.342870447166758296e-01	1.597336156718957682e+03	1.136113379617502233e+03
7.583677914997191127e-01	1.569549921191147178e+03	1.116556972204760996e+03
7.832382599179205096e-01	1.540852443518165046e+03	1.096359217653621045e+03
8.089243486805955952e-01	1.516124905731357103e+03	1.078961012983776754e+03
8.354528058382855171e-01	1.494440181224938897e+03	1.063708838301490914e+03
8.628512566366886016e-01	1.472044311991593531e+03	1.047956472639316871e+03
8.911482322840202919e-01	1.448913976230648586e+03	1.031687512368162288e+03
9.203731996618230715e-01	1.425025087309227956e+03	1.014885015906315061e+03
9.505565920101212152e-01	1.400352768679787914e+03	9.975314860774324188e+02
9.817298406188821325e-01	1.374871327975079566e+03	9.796088518899664450e+02
1.013925407558814440e+00	1.351872416007065112e+03	9.634366942362524924e+02
1.047176819485520438e+00	1.332615497209041450e+03	9.499025630094696453e+02
1.081518702552289213e+00	1.312727052921451559e+03	9.359245835773486988e+02
1.116986818467825104e+00	1.292186372435164913e+03	9.214882000569825777e+02
1.153618101736475943e+00	1.270972065838900562e+03	9.065783792091888245e+02
1.191450698119774998e+00	1.249062041744962471e+03	8.911795947837300673e+02
1.230524004359261570e+00	1.226433484284526003e+03	8.752758113511608826e+02
1.270878709202059476e+00	1.205080095547356905e+03	8.602713907429181290e+02
1.312556835771845343e+00	1.187976702513777354e+03	8.482617813181517477e+02
1.355601785329366038e+00	1.170312408290759322e+03	8.358583199718503920e+02
1.400058382468096108e+00	1.152068818274157366e+03	8.230480904358283851e+02
1.445972921792019639e+00	1.133226934613721824e+03	8.098177528563520582e+02
1.493393216124253353e+00	1.113767136429794391e+03	7.961535299027599422e+02
1.542368646296630619e+00	1.093669159381227928e+03	7.820411924205236573e+02
1.592950212572119773e+00	1.073875164236444789e+03	7.681440887342384940e+02
1.645190587753660783e+00	1.058681867359457783e+03	7.574872765570105457e+02
1.699144172034625866e+00	1.042990310384425356e+03	7.464809770813196792e+02
1.754867149648152269e+00	1.026784153005005237e+03	7.351137289649039985e+02
1.812417547374239657e+00	1.010046519038891006e+03	7.233736949938540874e+02
1.871855294965575345e+00	9.927599788539026804e+02	7.112486497560057614e+02
1.933242287555043237e+00	9.749065312177392570e+02	6.987259669100754991e+02
1.996642450109793465e+00	9.565844463308960712e+02	6.858748316335684194e+02
2.062121803999144465e+00	9.430851884248844499e+02	6.764184350441056495e+02
2.129748535745523252e+00	9.291432259747401758e+02	6.666519184635719739e+02
2.199593068030070597e+00	9.147440406036212153e+02	6.565651115899991055e+02
2.271728133026902796e+00	8.998726378084032831e+02	6.461475105890879149e+02
2.346228848142262624e+00	8.845135313452574337e+02	6.353882671561131019e+02
2.423172794237601124e+00	8.686507271031380242e+02	6.242761772191032605e+02
2.502640096417921622e+00	8.522677064484156517e+02	6.127996692715498739e+02
2.584713507469558191e+00	8.397160579221092576e+02	6.040184802926717111e+02
2.669478494034318139e+00	8.273256273773642988e+02	5.953520944720345369e+02
2.757023325609582631e+00	8.145288559845440659e+02	5.864014968517034276e+02
2.847439166467247595e+00	8.013124179044682478e+02	5.771573667818990998e+02
2.940820170587066684e+00	7.876625502806327859e+02	5.676100779446315983e+02
3.037263579703306071e+00	7.735650389073462065e+02	5.577496883293941892e+02
3.136869824566873799e+00	7.590052034278468227e+02	5.475659298801076602e+02
3.239742629528195472e+00	7.472603504206351772e+02	5.393612734347276501e+02
3.345989120549975215e+00	7.362456441253855246e+02	5.316710964810922633e+02
3.455719936762142730e+00	7.248697134900174888e+02	5.237287222358530698e+02
3.569049345675222806e+00	7.131207122591351890e+02	5.155258799564422816e+02
3.686095362172154388e+00	7.009864056825692842e+02	5.070540276635037458e+02
3.806979871402284221e+00	6.884541577748024110e+02	4.983043432457613449e+02
3.931828755705770284e+00	6.755109181565586596e+02	4.892677152731636170e+02
4.060772025700369880e+00	6.645437313063072224e+02	4.816195192581184301e+02
4.193943955667178258e+00	6.547486850288272535e+02	4.747955875825585395e+02
4.331483223376394243e+00	6.446324128345421514e+02	4.677478668970645117e+02
4.473533054498463279e+00	6.341843802056265531e+02	4.604690181010500396e+02
4.620241371751312442e+00	6.233937071475651237e+02	4.529514614100917242e+02
4.771760948938751135e+00	6.122491568593394504e+02	4.451873684627677221e+02
4.928249570040502903e+00	6.007391240320557699e+02	4.371686541686436840e+02
5.089870193519674402e+00	5.905167141946030824e+02	4.300542275729242760e+02
5.256791122018420026e+00	5.818027790534300721e+02	4.239989635304667104e+02
5.429186177618942288e+00	5.728030727453430018e+02	4.177451187270384025e+02
5.607234882852038638e+00	5.635082234815329230e+02	4.112861807598188193e+02
5.791122647641747001e+00	5.539085521278904025e+02	4.046154236534840720e+02
5.981040962380932413e+00	5.439940621256939721e+02	3.977259008561497353e+02
6.177187597338488878e+00	5.337544290817621686e+02	3.906104380056273158e+02
6.379766808606282424e+00	5.242413114786070309e+02	3.840052961128122888e+02
6.588989550799956518e+00	5.164854754776357595e+02	3.786321124668330640e+02
6.805073696735220778e+00	5.084752889142052936e+02	3.730827167036326273e+02
7.028244264308338707e+00	5.002024104298072871e+02	3.673513299940666457e+02
7.258733650817245753e+00	4.916582251133144155e+02	3.614319839938358427e+02
7.496781874966876202e+00	4.828338355299013642e+02	3.553185146283918812e+02
7.742636826811278183e+00	4.737200524557517838e+02	3.490045556740135453e+02
7.996554525892363152e+00	4.648790967069436988e+02	3.428830944047982143e+02
8.258799387844256046e+00	4.579721279867877684e+02	3.381151552716819424e+02
8.529644499741017682e+00	4.508386470790808858e+02	3.331908528528886109e+02
8.809371904473991322e+00	4.434712255773567904e+02	3.281050592563831287e+02
9.098272894455567084e+00	4.358621914625497311e+02	3.228524784222851736e+02
9.396648314954710202e+00	4.280036211137853570e+02	3.174276406078502646e+02
9.704808877380287413e+00	4.198873310571680690e+02	3.118248966915879237e+02
1.002307548283864236e+01	4.116805308346987431e+02	3.061609398578885930e+02
1.035177955630176250e+01	4.055254181092419685e+02	3.019300616358360685e+02
1.069126339173477191e+01	3.991684501120229811e+02	2.975604328967095284e+02
1.104188050854162562e+01	3.926030070535177288e+02	2.930475033544980192e+02
1.140399601970030830e+01	3.858222520499805910e+02	2.883865734977811712e+02
1.177798701197118092e+01	3.788191240038935348e+02	2.835727896959196528e+02
1.216424293857368077e+01	3.715863302509408754e+02	2.786011391447602250e+02
1.256316602474121602e+01	3.641163389658350980e+02	2.734664446465808965e+02
1.297517168657589615e+01	3.584859843031024411e+02	2.696140514268847141e+02
1.340068896363947992e+01	3.528165251935101310e+02	2.657366030519266360e+02
1.384016096573130383e+01	3.469611376922924251e+02	2.617319947969817235e+02
1.429404533431761060e+01	3.409137243276907725e+02	2.575960564878754440e+02
1.476281471909391030e+01	3.346679876629938803e+02	2.533244811906887151e+02
1.524695727017576097e+01	3.282174237387418998e+02	2.489128207267591506e+02
1.574697714643083479e+01	3.215553152998688802e+02	2.443564810405981120e+02
1.626339504048190676e+01	3.162640257018146599e+02	2.407536829288781917e+02
1.679674872092653359e+01	3.112029868030839452e+02	2.373129509765274463e+02
1.734759359233932585e+01	3.059759724904380391e+02	2.337593811421943428e+02
1.791650327363903017e+01	3.005775396446722993e+02	2.300892729377890475e+02
1.850407019542298315e+01	2.950020666409479873e+02	2.262988045187072146e+02
1.911090621689136171e+01	2.892437474947444116e+02	2.223840287039737973e+02
1.973764326300255334e+01	2.832965858158373749e+02	2.183408688658734604e+02
2.038493398252463962e+01	2.783317829319339580e+02	2.149795616902352435e+02
2.105345242766708225e+01	2.738088572718401110e+02	2.119263122367190419e+02
2.174389475600075627e+01	2.691376034772347907e+02	2.087729322858934609e+02
2.245697995539771696e+01	2.643131571667094022e+02	2.055161380849416162e+02
2.319345059274427712e+01	2.593304944327728663e+02	2.021525381912543367e+02
2.395407358720879643e+01	2.541844266102344534e+02	1.986786299407709464e+02
2.473964100886816908e+01	2.488695948730190821e+02	1.950907958005019509e+02
2.555097090352501965e+01	2.442167904547690682e+02	1.919615860764650392e+02
2.638890814457507972e+01	2.401694411564797065e+02	1.892520986746636140e+02
2.725432531281027693e+01	2.359893601229705951e+02	1.864537543598823106e+02
2.814812360507581346e+01	2.316721944525680215e+02	1.835636390934808730e+02
2.907123377272581166e+01	2.272134484913549386e+02	1.805787432717029048e+02
3.002461709085543262e+01	2.226084791516497319e+02	1.774959585916440972e+02
3.100926635931923414e+01	2.178524910769532994e+02	1.743120748144385459e+02
3.202620693657650008e+01	2.134958069172203068e+02	1.714046470620019988e+02
3.307649780744242918e+01	2.098683651887724864e+02	1.690000687430488995e+02
3.416123268585532458e+01	2.061219624812885627e+02	1.665166329227476467e+02
3.528154115380876732e+01	2.022526975013528272e+02	1.639517534904819911e+02
3.643858983763541204e+01	1.982565410136761841e+02	1.613027595248304067e+02
3.763358362286533065e+01	1.941293316452800184e+02	1.585668925122203916e+02
3.886776690892667574e+01	1.898667715520738852e+02	1.557413034743659352e+02
4.014242490499325555e+01	1.857893571628275993e+02	1.530447096073428668e+02
4.145888496832903058e+01	1.825322151514847064e+02	1.509104608213860672e+02
4.281851798652406416e+01	1.791682560410575036e+02	1.487062199186451892e+02
4.422273980505897129e+01	1.756939767934174768e+02	1.464296915264141319e+02
4.567301270168746896e+01	1.721057594892395457e+02	1.440785049958539901e+02
4.717084690917022272e+01	1.683998675605041626e+02	1.416502119333326846e+02
4.871780218794621931e+01	1.645724418994457210e+02	1.391422836508056378e+02
5.031548945038046838e+01	1.607568053379122262e+02	1.366451595732189332e+02
5.196557243827657402e+01	1.578256955855349872e+02	1.347503677495652141e+02
5.366976945540476152e+01	1.547984608746035349e+02	1.327934367360125520e+02
5.542985515684674169e+01	1.516719488128712783e+02	1.307723286944865038e+02
5.724766239702167070e+01	1.484429036262336012e+02	1.286849389565596766e+02
5.912508413831869092e+01	1.451079627683455442e+02	1.265290938317669003e+02
6.106407542232037144e+01	1.416636534190574537e+02	1.243025483440477501e+02
6.306665540567406225e+01	1.381063888680135392e+02	1.220029838939535125e+02
6.513490946272808912e+01	1.354472771126844748e+02	1.203101823926260323e+02
6.727099135712350630e+01	1.327159064879423340e+02	1.185719129029444900e+02
6.947712548460225435e+01	1.298949612957908641e+02	1.167766373313461941e+02
7.175560918936922405e+01	1.269815039623043305e+02	1.149224861786564418e+02
7.410881515641570161e+01	1.239725005766088515e+02	1.130075286359770388e+02
7.653919388230156073e+01	1.208648177315362346e+02	1.110297705740492518e+02
7.904927622696436629e+01	1.176552192606703642e+02	1.089871524666800298e+02
8.164167604921453858e+01	1.151253397178503661e+02	1.073998500727009144e+02
8.431909292866251349e+01	1.126532676433717484e+02	1.058541599434685452e+02
8.708431497690725109e+01	1.101001246279262773e+02	1.042577793208182300e+02
8.994022174092053490e+01	1.074632519717385293e+02	1.026090458236074880e+02
9.288978720164516290e+01	1.047399037836866995e+02	1.009062425533499407e+02
9.593608287093125853e+01	1.019272441218861047e+02	9.914759630633379572e+01
9.908228099003788714e+01	9.902234404049710292e+01	9.733127572710625941e+01
1.023316578330244937e+02	9.661488126086898376e+01	9.584440017383521138e+01
1.056875971184805252e+02	9.436939913847098182e+01	9.446689522207134360e+01
1.091535935331393290e+02	9.205027703184013887e+01	9.304421536469735088e+01
1.127332563710484834e+02	8.965509993743533812e+01	9.157487910279446908e+01
1.164303132920875612e+02	8.718137365232080072e+01	9.005735635208348810e+01
1.202486142037412122e+02	8.462652217684505729e+01	8.849006684958204971e+01
1.241921352701784684e+02	8.198788503213835099e+01	8.687137850800665717e+01
1.282649830528062580e+02	7.969505707147656892e+01	8.547777762961325720e+01
1.324713987866115019e+02	7.764707253437443057e+01	8.424438720781645884e+01
1.368157627967470660e+02	7.553192489340361249e+01	8.297054807778526708e+01
1.413025990599533657e+02	7.334741155257813716e+01	8.165493373497683649e+01
1.459365799155757486e+02	7.109125768236694398e+01	8.029617417248726952e+01
1.507225309310758803e+02	6.876111385081424032e+01	7.889285445440354749e+01
1.556654359271059036e+02	6.635455357697348688e+01	7.744351324236886569e+01
1.607704421673822139e+02	6.416809841830608718e+01	7.613288754339966147e+01
1.660428657187529780e+02	6.229225576277509902e+01	7.501740225345552915e+01
1.714881969870540956e+02	6.035489535023383922e+01	7.386533492246816479e+01
1.771121064345090304e+02	5.835399972233291521e+01	7.267548585220848167e+01
1.829204504846290149e+02	5.628748525871742459e+01	7.144661600066578444e+01
1.889192776207664224e+02	5.415320000726076444e+01	7.017744569177830272e+01
1.951148346846616732e+02	5.194892144314400184e+01	6.886665328285133114e+01
2.015135733815558865e+02	4.986081981942581365e+01	6.762331886997453978e+01
2.081221569986341819e+02	4.813630500979950710e+01	6.659240968223372192e+01
2.149474673437976264e+02	4.635523519930148950e+01	6.552769210404829892e+01
2.219966119119952452e+02	4.451575568183899634e+01	6.442805739831673861e+01
2.292769312865648885e+02	4.261595092673093177e+01	6.329236046720195219e+01
2.367960067833078881e+02	4.065384258398074024e+01	6.211941865969007637e+01
2.445616683452449251e+02	3.862738742413411330e+01	6.090801054004430881e+01
2.525820026962779821e+02	3.663106094100178467e+01	5.970641811839098523e+01
2.608653617622545084e+02	3.504370300884419009e+01	5.870878180647136446e+01
2.694203713681882277e+02	3.340428809884205208e+01	5.767842827914972759e+01
2.782559402207126027e+02	3.171110901636246027e+01	5.661428458411782572e+01
2.873812691851068735e+02	2.996240257978218935e+01	5.551524258188411665e+01
2.968058608665596125e+02	2.815634778440954378e+01	5.438015779181962728e+01
3.065395295056523537e+02	2.629106390619147504e+01	5.320784820035953544e+01
3.165924111983520675e+02	2.438344457939651377e+01	5.200386648329159556e+01
3.269749744511767631e+02	2.293013114688291054e+01	5.094626583510945039e+01
3.376980310825094875e+02	2.142915668995581058e+01	4.985398145719285168e+01
3.487727474814170705e+02	1.987895817809678434e+01	4.872587590592336682e+01
3.602106562357066082e+02	1.827792132161999561e+01	4.756077443552357664e+01
3.720236681413065867e+02	1.662437889064267438e+01	4.635746377474364266e+01
3.842240846055060501e+02	1.491660897892485238e+01	4.511469086342822266e+01
3.968246104569486192e+02	1.315283321077297529e+01	4.383116154765006911e+01
4.098383671757252955e+02	1.179839754110970773e+01	4.253142624406389416e+01
4.232789065573544462e+02	1.045229519724653855e+01	4.119198948781387060e+01
4.371602248248502747e+02	9.062047787880905148e+00	3.980862626222024403e+01
4.514967772036101792e+02	7.626207587424110201e+00	3.837989601049672928e+01
4.663034929742735812e+02	6.143279392514879866e+00	3.690431093318344580e+01
4.815957910192341274e+02	4.611718964998736681e+00	3.538033443883625750e+01
4.973895958790057534e+02	3.029931423844330229e+00	3.380637954390597599e+01
5.137013543351338285e+02	1.800230271495173007e+00	3.204290087931489239e+01
5.305480525369574707e+02	6.568109210921480035e-01	3.017836674368356498e+01
5.479472336900292930e+02	-5.241065603782821825e-01	2.825268571092047765e+01
5.659170163246230914e+02	-1.743751914071778542e+00	2.626385248492678315e+01
5.844761131633625837e+02	-3.003395210176012409e+00	2.420979600645484453e+01
6.036438506075865007e+02	-4.304348170489491920e+00	2.208837729642502978e+01
6.234401888627863855e+02	-5.647965534375613217e+00	1.989738722851194908e+01
6.438857427240425295e+02	-6.680700094206038386e+00	1.760843590049545426e+01
6.650018030431132274e+02	-7.534152809850938048e+00	1.522874062324097366e+01
6.868103588995293194e+02	-8.415594278510797110e+00	1.277100387732046016e+01
7.093341204987989386e+02	-9.325942383837720229e+00	1.023266631368980306e+01
7.325965428215230304e+02	-1.026614511123176143e+01	7.611084650140083063e+00
7.566218500481062392e+02	-1.123718153502016115e+01	4.903528918730600594e+00
7.814350607844559136e+02	-1.224006283801024253e+01	2.107179622953912812e+00
8.070620141149491928e+02	-1.298026685586090245e+01	-3.113368080654649872e-01
8.335293965098187527e+02	-1.343566504631393244e+01	-2.318160864310025104e+00
8.608647696149245121e+02	-1.390599789833924227e+01	-4.390798177487625686e+00
8.890965989529167928e+02	-1.439175519015940274e+01	-6.531407075716111343e+00
9.182542835656300895e+02	-1.489344276214247920e+01	-8.742216668905316013e+00
9.483681866285909337e+02	-1.541158304355574593e+01	-1.102552917002672395e+01
9.794696670695386729e+02	-1.594671559659443716e+01	-1.338372229250989420e+01
1.011591112223829782e+03	-1.630099712179044147e+01	-1.521575577297795157e+01
1.044765971560805156e+03	-1.630396310914741065e+01	-1.600389525168160532e+01
1.079028791516185947e+03	-1.630702636526462612e+01	-1.681788155330409396e+01
1.114415251466786003e+03	-1.631019008004500748e+01	-1.765856231747387994e+01
1.150962200885031052e+03	-1.631345754800347692e+01	-1.852681298193413895e+01
1.188707697711903165e+03	-1.631683217169769762e+01	-1.942353769417382736e+01
1.227691047988360424e+03	-1.632031746527129812e+01	-2.034967025295652121e+01
1.267952846786436567e+03	-1.624604633400474540e+01	-2.103717423018514410e+01
1.309535020482665232e+03	-1.589107589369988816e+01	-2.078597582734674987e+01
1.352480870417874030e+03	-1.552446429296603903e+01	-2.052653944022876686e+01
1.396835117988739739e+03	-1.514582976306774320e+01	-2.025859490634523041e+01
1.442643951218158691e+03	-1.475477801526617583e+01	-1.998186320330383481e+01
1.489955072852856802e+03	-1.435090183022901478e+01	-1.969605615824772116e+01
1.538817750038343092e+03	-1.393378063397516975e+01	-1.940087614776848213e+01
1.589282865622976715e+03	-1.349926618388485089e+01	-1.906723866171817150e+01
1.641402971144466619e+03	-1.301024151246371652e+01	-1.841069992082564255e+01
1.695232341554121376e+03	-1.250517940804157391e+01	-1.773263016793113778e+01
1.750827031735726905e+03	-1.198355392730248248e+01	-1.703232329926810706e+01
1.808244934877948026e+03	-1.144482187876052492e+01	-1.630905005458636126e+01
1.867545842761074027e+03	-1.088842225711042033e+01	-1.556205725774103321e+01
1.928791508020777655e+03	-1.031377565902849369e+01	-1.479056703237777626e+01
1.992045708453871384e+03	-9.720283679814329503e+00	-1.399377599189563703e+01
2.057374313432916097e+03	-9.283225545280183510e+00	-1.336813294337990321e+01
2.124845352498878583e+03	-8.841242152149005662e+00	-1.273252363247895147e+01
2.194529086203311635e+03	-8.384764032127403510e+00	-1.207606968462173036e+01
2.266498079273692838e+03	-7.913315834532825832e+00	-1.139808750552739269e+01
2.340827276178294142e+03	-7.426406619684463806e+00	-1.069787108262383590e+01
2.417594079169133238e+03	-6.923529347666274703e+00	-9.974691249845900387e+00
2.496878428884322147e+03	-6.404160350324185735e+00	-9.227794928322916590e+00
2.578762887593798041e+03	-6.061265701771557879e+00	-8.731966470915986989e+00
2.663332725174980624e+03	-5.751975672487930957e+00	-8.283745425856515965e+00
2.750676007908067731e+03	-5.432542559608741328e+00	-7.820825091783888183e+00
2.840883690183307408e+03	-5.102633723426643009e+00	-7.342723409455516048e+00
2.934049709215781604e+03	-4.761905615404304015e+00	-6.848942510625249724e+00
3.030271082866393044e+03	-4.410003420422077269e+00	-6.338968199591083597e+00
3.129648010670750864e+03	-4.046560687293714764e+00	-5.812269417740996147e+00
3.232283978181380917e+03	-3.798129338783478914e+00	-5.452816257273229716e+00
3.338285864731764832e+03	-3.602652663151553192e+00	-5.170398707650266878e+00
3.447764054734457204e+03	-3.400765382345896537e+00	-4.878719350198249316e+00
3.560832552629274687e+03	-3.192257262288345832e+00	-4.577474446412262310e+00
3.677609101601030943e+03	-2.976911174330582721e+00	-4.266350296764663597e+00
3.798215306190736101e+03	-2.754502869148450994e+00	-3.945022914035860584e+00
3.922776758927723677e+03	-2.524800743221320865e+00	-3.613157685932245400e+00
4.051423171114639445e+03	-2.354015231021367338e+00	-3.366841101812628523e+00
4.184288507901576850e+03	-2.234496391354427125e+00	-3.194973116219820497e+00
4.321511127789762213e+03	-2.111057963381344216e+00	-3.017468766114046019e+00
4.463233926710398009e+03	-1.983571405254387798e+00	-2.834143208432104988e+00
4.609604486828438894e+03	-1.851903959630387897e+00	-2.644805538232092079e+00
4.760775230226357962e+03	-1.715918515424713409e+00	-2.449258589895737082e+00
4.916903577628021594e+03	-1.575473465031415055e+00	-2.247298731811094186e+00
5.078152112327669784e+03	-1.461075130858759286e+00	-2.082974362837451743e+00
5.244688749495119737e+03	-1.388285936972541323e+00	-1.978756679999809975e+00
5.416686911033157230e+03	-1.313109640986229065e+00	-1.871121206192293940e+00
5.594325706169366640e+03	-1.235467958526395238e+00	-1.759955855876305097e+00
5.777790117970495885e+03	-1.155280037904544921e+00	-1.645144867698012492e+00
5.967271195973309659e+03	-1.072462375922763167e+00	-1.526568683941063487e+00
6.162966255132942024e+03	-9.869287309181342671e-01	-1.404103826025832058e+00
6.365079081295578362e+03	-9.110058711577310175e-01	-1.295459295284455026e+00
6.573820143409572665e+03	-8.664625949956386020e-01	-1.231908479032840731e+00
6.789406812696099223e+03	-8.204585340330128318e-01	-1.166273530799016189e+00
7.012063589007177143e+03	-7.729457822239346187e-01	-1.098486102033349177e+00
7.242022334607316225e+03	-7.238748624565457535e-01	-1.028475602713836645e+00
7.479522515621828461e+03	-6.731946750303693383e-01	-9.561691278376289738e-01
7.724811451403416868e+03	-6.208524444439487144e-01	-8.814913815018513565e-01
7.978144572076612349e+03	-5.705787715105724578e-01	-8.097790660643194860e-01
8.239785684528511410e+03	-5.431543916305719977e-01	-7.707585310807451018e-01
8.510007247122248373e+03	-5.148306365643632310e-01	-7.304583281130501149e-01
8.789090653419963928e+03	-4.855780115438203537e-01	-6.888364907927504444e-01
9.077326525210242835e+03	-4.553660545278031546e-01	-6.458496764755573549e-01
9.375015015145270809e+03	-4.241633044807027741e-01	-6.014531211067878358e-01
9.682466119303113373e+03	-3.919372686106694648e-01	-5.556005926065686884e-01
1.000000000000000000e+04	-3.586543885334678716e-01	-5.082443427263787505e-01
