# Frequency (Hz)	Imaginary Part (Ohm/m)
1000.0	17904193.536367502
1018.6101701559753	17827732.828805525
1037.566678745186	17749849.174465578
1056.875971184804	17670516.09206599
1076.5446128423157	17589706.60750395
1096.5792912678098	17507393.244683992
1116.9868184678226	17423548.01617585
1137.7741332214914	17338142.413698405
1158.9483034398106	17251147.39842657
1180.5165285688054	17162533.39111781
1202.4861420374123	17072270.262054842
1224.8646137509306	16980327.32080119
1247.6595526308697	16886673.305766165
1270.8787092020582	16801857.815400206
1294.529978227916	16725622.388006523
1318.6214013947485	16647968.206337143
1343.1611700460153	16568868.867133562
1368.1576279674719	16488297.475768177
1393.619274224142	16406226.63709979
1419.5547660501015	16322628.446158929
1445.9729217920194	16237474.478659928
1472.882723907502	16150735.781336317
1500.2933220192183	16062382.862096405
1528.2140360258693	15972385.679995658
1556.654359271062	15880713.635022461
1585.6239617711371	15787852.363384645
1615.132693503091	15713605.23648258
1645.1905877536624	15637976.357915282
1675.807864530767	15560940.013049146
1706.9949340384078	15482470.008696849
1738.7624002162504	15402539.664211417
1771.1210643450886	15321121.80241448
1804.0819287193826	15238188.740355775
1837.6562003881704	15153712.279900597
1871.8552949655793	15067663.698142169
1906.690840512252	14980013.73763555
1942.1746814890264	14890732.596449727
1978.3188827841643	14799789.918034723
2015.1357338155585	14718321.001242425
2052.6377527092523	14645033.054016296
2090.8376905557498	14570381.20562191
2129.748535745521	14494340.073626438
2169.3835183851843	14416883.803225681
2209.756114795903	14337986.05845311
2250.880052095462	14257620.013225405
2292.7693128656488	14175758.34222126
2335.438139906479	14092373.211590458
2378.9010410788933	14007436.269490154
2423.1727942376006	13920918.63644482
2468.2684522556924	13832790.89552703
2514.2033481427966	13744051.8815597
2560.9931002584594	13673389.892086122
2608.6536176225477	13601412.870964892
2657.2011053245064	13528096.345233263
2706.652070033241	13453415.386482539
2757.0233256095826	13377344.602382042
2808.3319988231724	13299858.128045538
2860.5955351757416	13220929.617236843
2913.831704832789	13140532.233411841
2968.0586086656026	13058638.640593765
3023.2946844057765	12975220.994078664
3079.5587129142264	12890250.930967895
3136.8698245668766	12803699.560524477
3195.2475057592133	12727047.692588368
3254.711605531848	12658004.630668191
3315.282342319423	12587676.665617589
3376.9803108250912	12516039.885170659
3439.8264890229243	12443069.932050187
3503.8422452906757	12368741.995685872
3569.0493456752292	12293030.803778477
3635.4699612933177	12215910.613706974
3703.126675869927	12137355.203775775
3772.0424934169973	12057337.86429909
3842.240846055061	11975831.38851931
3913.745601980384	11892808.063356454
3986.581073580439	11809744.157625038
4060.7720257003657	11743861.995607598
4136.343684063274	11676753.755344769
4213.321743847289	11608396.619311778
4291.732378422157	11538767.345345847
4371.602248248501	11467842.258743566
4452.958509942655	11395597.24421129
4535.828825510186	11322007.737665653
4620.241371751313	11247048.717881499
4706.224849841281	11170694.697984442
4793.808495089106	11092919.716785014
4883.02208687788	11013697.32995158
4973.895958790063	10933000.601019012
5066.461008921268	10862401.967368474
5160.7487103859075	10798709.492082039
5256.791122018419	10733831.68899286
5354.620899273607	10667746.498948848
5454.271305329836	10600431.452273326
5555.7762223988775	10531863.661125122
5659.170163246242	10462019.811716424
5764.488282925873	10390876.156385886
5871.766390733255	10318408.505524123
5981.040962380945	10244592.219349016
6092.349152400711	10169402.199527916
6205.7288067765	10092812.880643914
6321.218475812449	10016713.399554951
6438.8574272404185	9956594.13452334
6558.685659571435	9895356.039739834
6680.743915695614	9832978.29359239
6805.073696735206	9769439.686975185
6931.717276155407	9704718.616077363
7060.717714137772	9638793.075037459
7192.118872221193	9571640.64846117
7325.96542821523	9503238.50379992
7462.302891391108	9433563.383587485
7601.17761795533	9362591.597532263
7742.636826811269	9290299.014462277
7886.728615614156	9216661.054120338
8033.501977124735	9153071.831696488
8183.00681586739	9095590.45581394
8335.293965098195	9037039.341745416
8490.415204088747	8977398.581481256
8648.423275731726	8916647.896520345
8809.37190447399	8854766.630975222
8973.31581458352	8791733.744548837
9140.310748756232	8727527.805380633
9310.413487069076	8662126.982759487
9483.681866285926	8595509.039701018
9660.174799522645	8527651.325386792
9839.952296278227	8458530.767462786
10023.075482838643	8390358.360010827
10209.606623060476	8336703.765190384
10399.609139541202	8282050.649230689
10593.1476351837	8226380.4294834295
10790.287915161836	8169674.1774740545
10991.097009294961	8111912.612465876
11195.643194838794	8053076.094904413
11403.99601970033	7993144.619739754
11616.22632608502	7932097.80962458
11832.40627458378	7869914.907985686
12052.609368708414	7806574.771966496
12276.910479883603	7742055.865238282
12505.385872903913	7676336.250677587
12738.113231864783	7620354.1226633275
12975.171686575868	7569620.32116442
13216.641839466038	7517942.354986958
13462.60579298911	7465302.6530656135
13713.147177539455	7411683.31733456
13968.351179887397	7357066.116641901
14228.30457214352	7301432.480550909
14493.09574126215	7244763.4930258645
14762.81471909391	7187039.886000409
15037.553212997384	7128242.032826194
15317.404637020798	7068349.9415996075
15602.46414366368	7007343.248364297
15892.828656229764	6947643.43143747
16188.596901781993	6900800.155607584
16489.86944471065	6853085.11844385
16796.74872092653	6804482.096319501
17109.339072690134	6754974.563683321
17427.746784089173	6704545.687440781
17752.08011717636	6653178.321230584
18082.44934877952	6600854.9995947555
18418.96680799711	6547557.932040165
18761.746914391195	6493268.996989565
19110.90621689136	6437969.735620084
19466.56343342263	6381641.345587016
19828.83949127071	6324264.6746308245
20197.857568198782	6276064.55678953
20573.743134329114	6232234.552897669
20956.623994804308	6187588.865175443
21346.630333242454	6142112.313607971
21743.8947560008	6095789.435677728
22148.55233726359	6048604.481107087
22560.74066496859	6000541.406503082
22980.599887588487	5951583.869902477
23408.272761782944	5901715.225215317
23843.904700937208	5850918.516565082
24287.643824604504	5799176.472523506
24739.64100886812	5746471.5002380945
25200.049937640895	5695316.288104726
25669.027154919517	5655249.68720406
26146.732118010917	5614437.440043068
26633.327251749808	5572865.670017961
27128.978003724646	5530520.242279001
27633.852900531667	5487386.758924491
28148.123605075813	5443450.5541053265
28671.964974937695	5398696.689038477
29205.55512182745	5353109.946927599
29749.075472144435	5306674.827789173
30302.71082866393	5259375.543182378
30866.649433372742	5211196.010840781
31441.08303147265	5162119.849204281
32026.206936576502	5121457.37097239
32622.220097116733	5084316.946844998
33229.325163989684	5046485.333104932
33847.72855945983	5007949.666595882
34477.640547344636	4968696.844776026
35119.275304507275	4928713.521263005
35772.850993678774	4887986.101296001
36438.58983763541	4846500.737113402
37116.71819475767	4804243.323244374
37807.466635993485	4761199.491712898
38511.070023255685	4717354.607152459
39227.76758927723	4672693.761829871
39957.803018952654	4629709.562679734
40701.42453219439	4596049.589183839
41458.88496832911	4561763.1978537375
42230.441872066716	4526838.73094695
43016.35758106799	4491264.313768418
43816.89931514194	4455027.850632996
44632.33926710397	4418117.020752775
45462.95469532399	4380519.274047882
46309.02801799736	4342221.826879333
47170.84690917023	4303211.657702429
48048.704396551344	4263475.502639338
48942.89896114532	4222999.850969178
49853.73463873894	4181770.9405342597
50781.5211232767	4148064.4017208344
51726.57387216024	4117106.4863023176
52689.21421350677	4085572.4388101907
53669.76945540476	4053451.537328526
54668.57299720181	4020732.8604047275
55685.96444286408	3987405.2833360983
56722.28971644549	3953457.4743873305
57777.90117970507	3918877.890937608
58853.1577519145	3883654.775555963
59948.42503189408	3847776.1520036426
61064.07542232036	3811229.8211620506
62200.48825634718	3774003.3568849172
63358.04992658254	3738479.0274426905
64537.15401646702	3710619.24106026
65738.20143409586	3682240.9793127454
66961.60054853215	3653334.593285376
68207.76732865692	3623890.2544954442
69477.1254846024	3593897.9515504995
70770.10661181889	3563347.4867443824
72087.15033782135	3532228.4725898793
73428.70447166759	3500530.328286874
74795.22515621828	3468242.2761247572
76187.17702322999	3435353.3378179017
77605.0333513357	3401852.330772908
79049.2762269642	3367727.86428641
80520.39670825469	3340184.695025782
82018.8949920221	3314721.250450505
83545.28058382872	3288783.926838928
85100.07247122246	3262363.9052215484
86683.79930019773	3235452.2025063466
88296.99955494082	3208039.668424426
89940.22174092053	3180116.9824188324
91614.0245713852	3151674.6504754648
93318.9771573324	3122703.0018949984
95055.65920101192	3093192.186004751
96824.66119303115	3063132.168809345
98626.5846131283	3032512.729579036
100462.04213468132	3003542.7547076484
102331.65783302448	2980753.249938092
104236.06739764012	2957539.6286070035
106175.9183482999	2933893.997833006
108151.87025522892	2909808.3178468584
110164.59496336569	2885274.39925785
112214.77682079801	2860283.900269305
114303.11291144785	2834828.3238422996
116430.31329208757	2808899.014806571
118597.10123376705	2782487.1569176586
120804.21346773289	2755583.769859298
123052.40043592616	2728179.70619001
125342.42654613995	2700265.6482328735
127675.07043192645	2678008.382032823
130051.12521734099	2657278.465719547
132471.39878661174	2636162.762136364
134936.71405883064	2614654.0917165363
137447.90926775365	2592745.1412803666
140005.8382468096	2570428.46154864
142611.37071941295	2547696.464609788
145265.39259467812	2524541.4213399193
147968.80626863963	2500955.45877483
150722.53093107554	2476930.557433114
153527.5028780421	2452458.5485894457
156384.67583022476	2427531.1114971377
159295.0212572123	2404147.444134667
162259.5287078087	2385670.6165354038
165279.2061464897	2366849.9320305707
168355.08029612005	2347678.99138466
171488.19698705408	2328151.2762712706
174679.62151272455	2308260.1470568674
177930.43899185772	2287998.840543189
181241.75473742394	2267360.4676677077
184614.69463245454	2246338.0111612743
188050.40551285836	2224924.323162155
191550.0555573528	2203112.122785708
195114.83468466165	2180893.993648779
198745.9549580986	2158262.3813480623
202444.65099768018	2140425.686890489
206212.18039991445	2123677.5904641994
210049.8241653915	2106617.809113629
213958.88713434213	2089240.5423293014
217940.6984302958	2071539.881653269
221996.61191199525	2053509.8086701876
226128.00663372793	2035144.1929609615
230336.2873142131	2016436.7900183697
234622.88481422624	1997381.239123839
238989.25662310526	1977971.061184744
243436.8873543108	1958199.6565314485
247967.289250216	1938060.3026733294
252582.00269627848	1919328.3472513068
257282.59674479323	1904444.7820485237
262070.66964838552	1889284.2311647884
266947.8494034318	1873841.5398494508
271915.7943036019	1858111.4574210648
276976.1935036891	1842088.6354821222
282130.76759394706	1825767.6261005157
287381.2691851069	1809142.8799571982
292729.4835042813	1792208.7444593587
298177.22900196735	1774959.4618184553
303726.3579703311	1757389.167092539
309378.75717301364	1739491.8861920824
315136.34848664823	1721261.5338487367
321001.08955431683	1707052.762445501
326974.97445117676	1693595.2255919266
333060.03436245886	1679887.2416876294
339258.33827409917	1665924.1498703775
345571.9936762143	1651701.2025385012
352003.1472796675	1637213.563736663
358553.9857459817	1622456.3075115606
365226.7364308175	1607424.4162370756
372023.6681413066	1592112.7789082064
378947.09190746717	1576516.1894032776
385999.36176797637	1560629.3447138134
393182.87557057705	1544446.8431414326
400500.07578736113	1529522.127850473
407953.45034524484	1517587.4770433365
415545.53347188793	1505430.7203539268
423278.90655735444	1493047.7243539845
431156.19903182285	1480434.2786914397
439180.0892596086	1467586.0946588635
447353.3054498463	1454498.8037352455
455678.6265841068	1441167.956100657
464158.8833612772	1427589.0191232683
472796.9591600391	1413757.3758181902
481595.79101923504	1399668.3232776695
490558.37063650455	1385317.0710720324
499687.7453854889	1370698.7396208963
508987.0193519675	1359427.0935998438
518459.3543892913	1348654.3197658013
528107.971193433	1337681.0627776552
537936.1503980698	1326503.5916097949
547947.2336900292	1315118.1058015858
558144.6249454955	1303520.7341651805
568531.7913873753	1291707.5334692567
579112.2647641759	1279674.4870982969
589889.6425508494	1267417.5036868786
600867.5891719692	1254932.415728573
612049.837247669	1242214.9781589538
623440.1888627863	1229260.8669122132
635042.5168595961	1217413.919575012
646860.7661546321	1207873.578442422
658898.9550799957	1198155.6899380074
671161.1767496272	1188256.9498749706
683651.6004510238	1178173.9925750291
696374.4730628222	1167903.389724061
709334.1204987989	1157441.6492064325
722534.9491787221	1146785.2139176424
735981.4475265755	1135930.4605548736
749678.1874966878	1124873.6983850198
763629.8261282243	1113611.1679898126
777841.1071286482	1102139.039987563
792316.8624866261	1090453.41373114
807062.0141149492	1081537.0664658055
822081.575524054	1072935.33840868
837380.6535266489	1064173.530728777
852964.4499741016	1055248.6643170773
868838.2635251193	1046157.7046228352
885007.4914473438	1036897.5606218029
901477.6314524917	1027465.0837652433
918254.2835656281	1017857.0669093907
935343.1520292377	1008070.2432249885
952750.0472427299	998101.2850865325
970480.8877380306	987946.802940843
988541.7021919573	977603.3441545764
1006938.6314760271	968223.1672413504
1025677.9307444209	960612.5645477709
1044765.9715608053	952860.3272430737
1064209.2440647245	944963.819483047
1084014.359178331	936920.3563699684
1104188.0508541602	928727.2030397123
1124737.1783647507	920381.5737318659
1145668.7286348727	911880.6308425408
1166989.8186171474	903221.4839595606
1188707.6977119034	894401.1888796822
1210829.7502320393	885416.746607541
1233363.4979137746	876265.1023359593
1256316.6024741214	866943.1444072752
1279696.8682159416	859903.3121951141
1303512.2446815087	853046.6212705876
1327770.829355429	846062.3261612486
1352480.8704178738	838948.0521315053
1377650.769549055	831701.3802515315
1403289.084785873	824319.8465748079
1429404.533431761	816800.9413003478
1456005.9950206485	809142.1079193437
1483102.514336103	801340.7423459232
1510703.3044866556	793394.192031731
1538817.7500383465	785299.75506404
1567455.410205595	777054.679247063
1596626.022101425	769640.1100308462
1626339.5040481905	763577.1516981652
1656605.9589499151	757401.3606792643
1687435.6777273756	751110.6371386547
1718839.1428171454	744702.8421625501
1750827.0317357269	738175.7970316148
1783410.220710006	731527.2824801778
1816599.7883753285	724755.0379416532
1850407.019542302	717856.7607799298
1884843.4090337954	710830.1055064432
1919920.6655932867	703672.6829826891
1955650.715865947	696382.0596078912
1992045.7084538713	688955.7564915435
2029118.0180466783	683404.5336543749
2066880.2496290822	677944.8418488511
2105345.242766708	672383.5442498265
2144526.0759716653	666718.7499561975
2184436.0711494284	660948.5328768634
2225088.7981283693	655070.9310758477
2266498.079273693	649083.9461052049
2308677.994187172	642985.5423255375
2351642.884494346	636773.6462138518
2395407.358720879	630446.1456585344
2439986.29725955	624000.8892412216
2485394.857429798	617435.685505284
2531648.478631358	611581.348307609
2578762.8875937983	606755.5645973074
2626754.1037238385	601839.9722310205
2675638.4445520453	596832.8998543797
2725432.531281028	591732.6450088265
2776153.2944368036	586537.4735527582
2827817.979625338	581245.619071904
2880444.1533962977	575855.2822787196
2934049.709215787	570364.6304006161
2988652.873550383	564771.7965567941
3044272.2120643063	559074.8791234837
3100926.6359319235	553271.9410873764
3158635.408267819	547361.0093870113
3217418.1506763715	542987.3216646119
3277294.849923382	538643.0711263542
3338285.8647317644	534217.9733463787
3400411.9327037027	529710.5237437622
3463694.1773717343	525119.1897370705
3528154.1153808828	520442.4102232715
3593813.6638046256	515678.595046939
3660695.147596906	510826.124459583
3728821.30718283	505883.34856892016
3798215.306190736	500848.5867778884
3868900.7393279755	495720.12721323106
3940901.6404034477	490496.2261434377
4014242.490499326	485877.21657343395
4088948.226294856	482038.3295365856
4165044.248545185	478128.0001587714
4242556.430717777	474144.8988858704
4321511.127789762	470087.6714205323
4401935.1852088785	465954.93826170237
4483855.948021181	461745.2942355783
4567301.270168747	457457.3080178307
4652299.523960189	453089.5216469452
4738879.609717651	448640.45002849255
4827070.965603188	444108.58043018356
4916903.577628021	439492.3719675267
5008407.989848212	434790.25507990306
5101615.314749833	431346.2987541011
5196557.243827657	427891.16339855257
5293266.058360566	424371.7273861249
5391774.640387494	420786.7940706535
5492116.483887789	417135.14453618275
5594325.706169377	413415.53718252585
5698437.0594691355	409626.70730310405
5804485.942768984	405767.3666549337
5912508.413831869	401836.20302061184
6022541.201461928	397831.8797621435
6134621.717992506	393753.03536647576
6248788.072006888	389598.28298256494
6365079.081295578	385955.7387835289
6483534.286054714	382903.02617460827
6604193.962330305	379793.50206459756
6727099.135712336	376626.1091817958
6852291.595284057	373399.77057849435
6979813.907830667	370113.38926480414
7109709.432312423	366765.8478356697
7242022.334607315	363356.0080909341
7376797.60252773	359882.7106483446
7514081.061116962	356344.77454934624
7653919.388230155	352740.99685754406
7796360.130405221	349070.1522496943
7941451.71902934	345330.9925990751
8089243.486805938	342620.2138359601
8239785.684528512	339873.0138954082
8393129.498166373	337074.68809651013
8549327.066268368	334224.2849783429
8708431.497690724	331320.83537313313
8870496.889654402	328363.3520767312
9035578.34613892	325350.8295129501
9203731.99661823	322282.2433916579
9375015.01514529	319156.5503605103
9549485.639791967	315972.68765019794
9727203.192450536	312729.5727130935
9908228.099003786	309426.1028551738
10092621.909870483	306554.57087426336
10280447.320933098	304127.58532110037
10471768.194855202	301655.43315382715
10666649.582795387	299137.2738140694
10865157.746525371	296572.25110051903
11067360.180959744	293959.49287781504
11273325.63710487	291298.11078001035
11483124.14543511	288587.19990851573
11696827.039703846	285825.8385244248
11914506.981197748	283013.08773511375
12136237.983442418	280147.9911750071
12362095.437367693	277229.57468040363
12592156.13694151	274267.7935956391
12826498.3052806	272123.77373540483
13065201.621247198	269939.8533007535
13308347.24654076	267715.28973520605
13556017.853293689	265449.3266631812
13808297.652180923	263141.1936328188
14065272.421052363	260790.1058540188
14327029.534098294	258395.26393160367
14593657.991557576	255955.8535935154
14865248.449978571	253471.04541395538
15141893.25304352	250939.9945313687
15423686.462966273	248361.84036118383
15710723.892474487	245735.70630320336
16003103.137387017	243472.5270431344
16300923.609797413	241543.28630922895
16604286.571875297	239578.14207699362
16913295.17029647	237576.42617621552
17228054.471313924	235537.45800191988
17548671.49648152	233460.54428295785
17875255.259042352	231344.97884628686
18207916.800994623	229190.04237686336
18546769.230846975	226995.0021730684
18891927.762076646	224759.11189758184
19243509.75230332	222481.61132361795
19601634.743191857	220161.72607644257
19966424.501097932	217824.77162580844
20338003.0584698	216120.54737012557
20716496.75602067	214384.60721106056
21102034.285685964	212616.36091025453
21494746.734379806	210815.20724491306
21894767.628566206	208980.53380338254
22302232.979659364	207111.71677692447
22717281.330269028	205208.12074761358
23140053.80130654	203269.0984722889
23570694.139967278	201293.99066248423
24009348.76860652	199282.1257602628
24456166.83452444	197232.8197098802
24911300.26067791	195145.375725198
25374903.797335718	193361.97541430034
25847135.07469564	191828.5312436842
26328154.656480197	190266.54941612814
26818126.094530128	188675.49884098084
27317215.98441379	187054.83854390308
27825594.022071257	185404.01748293184
28343433.061513092	183722.47436111874
28870909.173592344	182009.6374356843
29408201.705870606	180264.92432361803
29955493.34359816	178487.74180366256
30512970.171828706	176677.48561461264
31080821.738690637	174833.5402498587
31659241.119835205	172989.85437720275
32248424.98408439	171635.3017870611
32848573.66030047	170255.54074273162
33459891.20549975	168850.10211059274
34082585.47423452	167418.508026366
34716868.189265594	165960.27173263745
35362955.013550386	164474.8974133551
36021065.62357073	162961.8800252453
36691423.78402494	161420.70512609402
37374257.42391064	159850.84869982945
38069798.71402284	158251.77697835167
38778284.14589453	156622.9462600455
39499954.61220647	154963.8027249162
40235055.48869293	153558.65629166603
40983836.717572615	152339.86876091638
41746552.89253134	151098.3993868356
42523463.34528677	149833.82605645971
43314832.23376403	148545.71880123066
44120928.631911896	147233.6396508028
44942026.62119142	145897.1424841273
45778405.38376616	144535.77287776707
46630349.29742726	143149.06795138732
47498148.03228505	141736.55621037123
48382096.649259575	140297.75738550778
49282495.700405136	138832.18226969344
50199651.33110079	137377.79820609323
51133875.38414321	136301.21002156872
52085485.50577665	135204.5863477422
53054805.25369574	134087.55432074878
54042164.20705915	132949.7341376634
55047898.078549676	131790.73892736385
56072348.82852027	130610.17461899063
57115864.78126434	129407.63980795845
58178800.74344935	128182.72561947459
59261518.124755524	126935.0155695166
60364385.060758635	125664.08542322346
61487776.53810017	124369.50305065153
62632074.521986924	123050.82827984504
63797668.08606282	121943.82349428727
64984953.54469889	120975.14906777687
66194334.587743886	119988.44744536336
67426222.41778335	118983.38313786358
68681035.88995308	117959.6144125834
69959201.65435374	116916.79317712548
71261154.30111745	115854.56486103353
72587336.50817245	114772.56829523452
73938199.19175874	113670.43558923772
75314201.65974376	112547.79200604795
76715811.76779301	111404.25583475054
78143506.07844542	110239.43826072577
79597770.02314977	109092.24135721437
81079098.06731695	108236.58840120283
82587993.87844272	107365.01159808555
84124970.49736118	106477.21460235825
85690550.51268347	105572.8955534765
87285266.2384837	104651.7469732198
88909659.89529167	103713.4556611454
90564283.79445294	102757.70258809761
92249700.52592173	101784.16278773324
93966483.1495469	100792.50524603053
95715215.38991857	99782.39278874021
97496491.83484097	98753.48196674301
99310918.137498	97705.42293927316
101159111.22238298	96833.37258709192
103041699.49505854	96063.48727797005
104959323.05582266	95279.2742722447
106912633.91734771	94480.46692904428
108902296.22637327	93666.79364526506
110928986.48952228	92837.97776322348
112993393.80332193	91993.73747658919
115096220.0885031	91133.7857345679
117238180.32865997	90257.83014430161
119420002.8133535	89365.57287145141
121642429.3857368	88456.71053893075
123906215.6947913	87530.9341237536
126212131.45225461	86626.09388350445
128560960.69432965	85946.03292850417
130953502.04826704	85253.315923415
133390569.00390588	84547.70733699133
135872990.19027063	83828.96725471079
138401609.65731302	83096.85129720095
140977287.16289675	82351.11053714789
143600898.46512634	81591.49141465804
146273335.620113	80817.73565104509
148995507.28528506	80029.58016101217
151768339.02834037	79226.75696320013
154592773.64194784	78408.99308907165
157469771.46430898	77576.01049009826
160400310.70568198	76889.092197132
163385387.78098568	76277.19283063743
166426017.64859018	75653.90591281395
169523234.15541214	75019.01951939373
172678090.38843593	74372.31778216227
175891659.03277326	73713.58081556085
179165032.73638958	73042.58464192304
182499324.48161504	72359.10111531962
185895667.9635688	71662.89784398732
189355217.9756299	70953.73811131238
192879150.80207777	70231.38079534477
196468664.61804405	69495.58028681354
200124979.8969035	68781.92546953174
203849339.82524642	68241.4108442634
207643010.7255779	67690.83714984702
211507282.48687947	67130.01718529427
215443469.00318778	66558.76026577436
219452908.62033114	65976.87215777926
223536964.59097964	65384.15501308262
227697025.53816846	64780.407301468804
231934505.92744273	64165.423742210725
236250846.547794	63538.99523427172
240647515.00154215	62900.90878520929
245126006.20333397	62250.94743875559
249687842.8884332	61588.89020104953
254334576.13046482	61047.82798152662
259067785.8688001	60561.47989665661
263889081.44575077	60066.080791172004
268800102.15376073	59561.46222403923
273802517.7927863	59047.45261950823
278898029.23804396	58523.87720877522
284088369.0183295	57990.55797055901
289375301.9050947	57447.31357057198
294760625.51248586	56893.95929986495
300246170.90855557	56330.3070120235
305833803.23784316	55756.16505919666
311525422.35554785	55171.338226934015
317322963.4734973	54608.486166744435
323228397.81813806	54178.86624633216
329243733.30077755	53741.25102609864
335371015.2002929	53295.4917121538
341612326.8585518	52841.43674152781
347969790.3887688	52378.931730638215
354445567.3970435	51907.81942279802
361041859.71733445	51427.9396347463
367760910.160103	50939.12920218464
374605003.2748981	50441.22192429901
381576466.1271245	49934.048507249885
388677669.0892668	49417.436506610924
395911026.6468467	48891.21026873543
403278998.21937054	48465.046962242974
410784088.99656343	48078.46968544778
418428850.79015756	47684.69813975295
426215882.9015325	47283.59843859014
434147833.0055101	46875.034203739146
442227398.0505897	46458.86651895805
450457325.17594445	46034.95388274974
458840412.64547515	45603.15216025023
467379510.7992463	45163.31453422137
476077523.0226378	44715.29145513109
484937406.7335233	44258.93059030526
493962174.38783056	43794.0767721325
503154894.5038046	43350.16285664255
512518692.70533323	43008.664687913515
522056752.7846986	42660.811180156474
531772317.7850967	42306.48405943081
541668691.1033136	41945.56285069753
551749237.6129117	41577.924836856764
562017384.8083187	41203.44501702263
572476623.970219	40821.99606402137
583130511.3526218	40433.44828109903
593982669.3920338	40037.6695578228
605036787.9391212	39634.5253251622
616296625.5132942	39223.878509734364
627766010.5806513	38805.58948719741
639448842.8556936	38469.92773017358
651349094.6272782	38162.63075270334
663470812.1092337	37849.614926193855
675818116.816111	37530.77382189155
688395206.964551	37205.99903038542
701206358.9007177	36875.1801247471
714255928.5543104	36538.204622984034
727548352.9196217	36194.957949794676
741088151.5641569	35845.32339761179
754879928.1653446	35489.18208692039
768928372.0758306	35126.41292583751
783238259.9179205	34756.89256893946
797814457.2076613	34406.77580719349
812661920.0091946	34135.29946151518
827785696.619849	33858.77089485049
843190929.286625	33577.09608450724
858882855.9546258	33290.17925801479
874866812.0479896	32997.922860560764
891148232.2840202	32700.22752182087
907732652.5210242	32396.9920221724
924625711.6405733	32088.1132582782
941833153.4647961	31773.4862080303
959360828.7093127	31453.003894841677
977214696.9725724	31126.557351272564
995400828.7621539	30794.035581980803
1013925407.5588143	30529.649466094863
1032794731.9189526	30285.347016706906
1052015217.6161569	30036.49805716637
1071593399.8226712	29783.01797614559
1091535935.3313932	29524.820587685877
1111849604.81927	29261.81810189314
1132541315.1528125	28993.921095088295
1153618101.736476	28721.038479402618
1175087130.9048076	28443.07747180635
1196955702.3590453	28159.943562561995
1219231251.6491096	27871.540483089728
1241921352.7017846	27577.770173234912
1265033720.3959012	27301.61578181427
1288576213.185518	27085.77553249407
1312556835.7718453	26865.91845940753
1336983741.8249452	26641.969808780894
1361865236.7560828	26413.85343565984
1387209780.541618	26181.491778019703
1413025990.5995336	25944.805830393103
1439322644.7194095	25703.715117007618
1466108684.0469828	25458.137664423102
1493393216.1242533	25207.989973659438
1521185517.9861019	24953.1869918066
1549495039.3146317	24693.64208310517
1578331405.6521199	24429.266999489682
1607704421.673822	24221.00706968008
1637624074.521689	24026.755266594777
1668100537.2000556	23828.888404400997
1699144172.0346258	23627.33920623352
1730765534.1957276	23422.039143193346
1762975375.2872038	23212.918411047005
1795784647.0020967	22999.90590649224
1829204504.8462899	22782.929202982396
1863246311.9315598	22561.914526100307
1897921642.8391032	22336.78672847448
1933242287.5550432	22107.46926422803
1969220255.4791734	21873.884162952196
2005867779.5082297	21656.044436501303
2043197320.1952705	21484.40644059197
2081221569.9863415	21309.57423237354
2119953457.536069	21131.488367011465
2159406152.1035676	20950.08829339258
2199593068.0300703	20765.312333537375
2240527869.3000183	20577.0976616285
2282224474.1869006	20385.380282649552
2324697059.9856453	20190.095010625995
2367960067.833079	19991.175446461068
2412028207.618002	19788.55395535972
2456916462.98279	19582.161643831685
2502640096.4179215	19371.92833626723
2549214654.4514203	19207.857878020357
2596655972.934872	19053.36871420525
2644980182.4277143	18896.004480764313
2694203713.6818824	18735.711672162543
2744343303.2283683	18572.435787117913
2795415999.067865	18406.121310070244
2847439166.4672475	18236.711692305347
2900430493.8639855	18064.149332727797
2954407998.8803797	17888.375558275944
3009390034.449724	17709.33060397258
3065395295.056536	17526.953592604063
3122442823.0928583	17341.182514021486
3180552015.3329134	17169.31332485439
3239742629.5281954	17032.78961451736
3300034791.1252885	16893.725174700645
3361449000.108775	16752.07272199629
3424006137.9714255	16607.78409304413
3487727474.8141704	16460.81022815559
3552634676.5781393	16311.101154632974
3618749812.411284	16158.605969778198
3686095362.1721687	16003.272823585316
3754694224.0733366	15845.048901110951
3824569722.4669914	15683.880404516587
3895745615.775501	15519.712534776789
3968246104.5694857	15352.48947304699
4042095839.796318	15223.203573735536
4117319931.1616793	15100.299622916957
4193943955.6671777	14975.108408660808
4271993966.306777	14847.58736460528
4351496500.925055	14717.693132221422
4432478591.24041	14585.381546070623
4514967772.036101	14450.60761878797
4598992090.5224285	14313.325525786007
4684580115.873045	14173.488589673872
4771760948.938751	14031.049264386604
4860564232.142149	13885.959119018838
4951020159.556351	13738.168821357855
5043159487.171348	13602.532316950219
5137013543.351338	13493.899098039174
5232614239.486667	13383.244196439606
5329994080.844104	13270.529988292668
5429186177.618942	13155.71814955315
5530224256.192888	13038.769642958763
5633142670.601352	12919.644704757146
5737976414.21414	12798.302831185778
5844761131.633649	12674.7027647002
5953533130.81437	12548.802479946065
6064329395.408049	12420.559169469969
6177187597.338489	12289.929229164512
6292146109.610351	12156.868243442512
6409244019.35647	12054.956935496935
6528521141.127848	11957.13793511281
6650018030.431105	11857.49850648705
6773775997.517745	11756.004771140288
6899837121.430025	11652.622220108971
7028244264.308367	11547.315702211781
7159041085.964888	11440.049412098033
7292272058.728297	11330.786878073268
7427982482.56491	11219.490949698591
7566218500.481063	11106.123785159196
7707027114.212319	10990.646838397637
7850456200.204509	10873.020846007768
7996554525.892329	10765.935098710026
8145371766.280737	10679.449884208701
8296958520.834915	10591.355165149522
8451366330.684739	10501.620988378818
8608647696.149244	10410.216843309616
8768856094.587408	10317.111651547715
8932045998.58096	10222.273756324703
9098272894.455566	10125.670911734358
9267593301.146902	10027.27027176863
9440064789.417603	9927.038379149713
9615746001.432076	9824.941153954096
9794696670.695385	9720.943882025118
9976977642.36321	9615.01120316978
10162650893.929972	9534.636202388141
10351779556.301762	9456.734521717068
10544427935.261662	9377.383077513268
10740661533.334322	9296.554889430692
10940547072.057436	9214.222475014503
11144152514.667904	9130.35784035668
11351547089.20999	9044.93247057782
11562801312.07373	8957.917320131743
11777987011.97118	8869.282802929696
11997177354.358854	8778.998782280823
12220446866.314913	8687.034560645312
12447871461.879063	8593.358869196923
12679528467.864315	8508.76353944485
12915496650.148827	8439.860787886011
13155856240.457052	8369.675744396456
13400688963.639534	8298.184545305152
13650078065.460136	8225.362882834117
13904108340.900667	8151.185996833465
14162866162.991974	8075.628666362673
14426439512.181587	7998.665201115295
14694918006.248201	7920.269432683866
14968392930.772554	7840.414705662439
15246957270.1757	7759.07386858338
15530705739.334583	7676.219264685638
15819734815.786015	7591.8227225111505
16114142772.530231	7528.383801862104
16414029711.444664	7466.290565169948
16719497597.31985	7403.041762777418
17030650292.528427	7338.615889410188
17347593592.339325	7272.991039577148
17670435260.889503	7206.144900122253
17999285067.824764	7138.054742637848
18334254825.62285	7068.69741573671
18675458427.61074	6998.049337180362
19023011886.689457	6926.086485860888
19377033374.77993	6852.784393633448
19737643263.002552	6778.118136996891
20104964162.604927	6711.231681793513
20479120966.650833	6656.2808238903635
20860240892.485046	6600.307321171421
21248453524.988873	6543.292142042656
21643890860.6402	6485.215900728841
22046687352.394028	6426.058850682158
22456979955.397717	6365.800877868168
22874908173.55704	6304.421493926851
23300614106.96929	6241.8998292063225
23734242500.23866	6178.214625666921
24175940791.69123	6113.344229653231
24625859163.505444	6047.266584531629
25084150592.775414	5979.959223190808
25550970903.525124	5929.831097142491
26026478819.690044	5880.278374613523
26510836019.085308	5829.803467486599
27004207188.377697	5778.389213749424
27506760079.080673	5726.018132001756
28018665564.59201	5672.6724155115135
28540097698.292374	5618.333926160306
29071233772.725693	5562.984188276257
29612254379.880314	5506.604382352082
30163343472.591972	5449.175338646295
30724688427.090096	5390.677530665251
31296480106.707504	5331.091068523942
31878912926.77636	5278.140092830483
32472184920.731255	5234.253019131016
33076497807.442425	5189.549199522356
33692057059.802742	5144.013434224155
34319071974.590427	5097.6302405855795
34957755743.632645	5050.383847821017
35608325526.29274	5002.258191647838
36271002523.30648	4953.236908824405
36946012051.993095	4903.303331586367
37633583622.865326	4852.440481979443
38333951017.6659	4800.631066086713
39047352368.85556	4747.857468148531
39774030240.58036	4694.101744572977
40514231711.14655	4654.4264752774125
41268208457.02952	4614.8139142931705
42036216838.44701	4574.464156808695
42818517986.52406	4533.363483471674
43615377892.080055	4491.497919610325
44427067496.06892	4448.853230481841
45253862781.70167	4405.414916432436
46096044868.284195	4361.1682079672855
46953900106.80053	4316.098060728743
47827720177.27485	4270.189150381138
48717802187.94641	4223.4258674002895
49624448776.28914	4175.792311766124
50547968211.912254	4133.797706331904
51488674501.37487	4098.675419015319
52446887494.95119	4062.8994999555066
53422932995.38363	4026.457784954503
54417142868.658875	3989.337883436563
55429855156.84652	3951.527174235203
56461414193.036606	3913.0128013018784
57512170718.41614	3873.7816693348145
58582482001.525475	3833.8204393264296
59672711959.7331	3793.115524027958
60783231282.972115	3751.653083329596
61914417559.77835	3709.4190195547462
63066655405.67406	3666.398972666668
64240336593.94204	3634.9219174087634
65435860188.83229	3603.1784980802427
66653632681.24893	3570.844328316686
67894068126.96099	3537.908414151969
69157588287.38525	3504.3595570204043
70444622772.99051	3470.186349949084
71755609189.36922	3435.3771736793983
73090993286.02888	3399.920192716343
74451229107.95128	3363.803351304341
75836779149.97191	3327.0143693281657
77248114514.03416	3289.5407381375476
78685715069.36842	3251.369716294119
80150069615.6538	3217.977363637413
81641676049.21454	3189.7875513924464
83161041532.30962	3161.073121944937
84708682665.57419	3131.8243120794787
86285125663.66887	3102.03117688557
87890906534.19963	3071.683586376216
89526571259.96382	3040.7712220436642
91192675984.59299	3009.2835733509546
92889787201.64516	2977.209934158264
94618481947.21991	2944.539399082681
96379347996.15794	2911.260859790249
98172984061.88821	2877.3630012190483
100000000000.0	2842.8342977319066
