# Frequency (Hz)	Real Part (Ohm/m)
1000.0	19684924.43158735
1018.6101701559753	19759779.498717785
1037.566678745186	19836027.63138455
1056.875971184804	19913694.75477432
1076.5446128423157	19992807.276545897
1096.5792912678098	20073392.095809113
1116.9868184678226	20155476.612270806
1137.7741332214914	20239088.735551022
1158.9483034398106	20324256.894672588
1180.5165285688054	20411010.047727272
1202.4861420374123	20499377.691721875
1224.8646137509306	20589389.8726075
1247.6595526308697	20681077.195495512
1270.8787092020582	20758912.39693895
1294.529978227916	20823259.569010485
1318.6214013947485	20888804.25290331
1343.1611700460153	20955568.734516203
1368.1576279674719	21023575.7144923
1393.619274224142	21092848.31593753
1419.5547660501015	21163410.092282817
1445.9729217920194	21235285.035292383
1472.882723907502	21308497.583221316
1500.2933220192183	21383072.62912476
1528.2140360258693	21459035.529321857
1556.654359271062	21536412.112017166
1585.6239617711371	21614497.420734905
1615.132693503091	21665252.12219172
1645.1905877536624	21716951.37727886
1675.807864530767	21769612.76430011
1706.9949340384078	21823254.188694477
1738.7624002162504	21877893.889124233
1771.1210643450886	21933550.443676256
1804.0819287193826	21990242.77617879
1837.6562003881704	22047990.16263573
1871.8552949655793	22106812.237780698
1906.690840512252	22166729.00175304
1942.1746814890264	22227760.826898113
1978.3188827841643	22289928.46469405
2015.1357338155585	22338474.532211684
2052.6377527092523	22375089.887733415
2090.8376905557498	22412386.66125173
2129.748535745521	22450377.534071498
2169.3835183851843	22489075.423498806
2209.756114795903	22528493.48723303
2250.880052095462	22568645.12784058
2292.7693128656488	22609543.997311864
2335.438139906479	22651204.001703203
2378.9010410788933	22693639.305864964
2423.1727942376006	22736864.3382578
2468.2684522556924	22780893.795858454
2514.2033481427966	22824513.187194142
2560.9931002584594	22845367.91839209
2608.6536176225477	22866610.759686183
2657.2011053245064	22888248.933871355
2706.652070033241	22910289.798159987
2757.0233256095826	22932740.8466834
2808.3319988231724	22955609.713040024
2860.5955351757416	22978904.172890812
2913.831704832789	23002632.146603126
2968.0586086656026	23026801.701943677
3023.2946844057765	23051421.056821708
3079.5587129142264	23076498.582083147
3136.8698245668766	23102042.80435679
3195.2475057592133	23116198.911420334
3254.711605531848	23121305.85413533
3315.282342319423	23126507.837923225
3376.9803108250912	23131806.631514568
3439.8264890229243	23137204.036556263
3503.8422452906757	23142701.888224185
3569.0493456752292	23148302.05584714
3635.4699612933177	23154006.443542454
3703.126675869927	23159816.990863424
3772.0424934169973	23165735.673458725
3842.240846055061	23171764.503744237
3913.745601980384	23177905.531587195
3986.581073580439	23182906.837280825
4060.7720257003657	23172391.67130355
4136.343684063274	23161680.816298224
4213.321743847289	23150770.63045873
4291.732378422157	23139657.404204335
4371.602248248501	23128337.358918365
4452.958509942655	23116806.64566344
4535.828825510186	23105061.34387283
4620.241371751313	23093097.460017364
4706.224849841281	23080910.926247615
4793.808495089106	23068497.5990108
4883.02208687788	23055853.257641908
4973.895958790063	23042973.60292864
5066.461008921268	23022798.605048105
5160.7487103859075	22997248.306551293
5256.791122018419	22971222.512651913
5354.620899273607	22944712.374299623
5454.271305329836	22917708.87776174
5555.7762223988775	22890202.841558482
5659.170163246242	22862184.913341165
5764.488282925873	22833645.5667123
5871.766390733255	22804575.09798654
5981.040962380945	22774963.62289127
6092.349152400711	22744801.073205914
6205.7288067765	22714077.19333858
6321.218475812449	22682090.378189772
6438.8574272404185	22643230.17206154
6558.685659571435	22603646.77088497
6680.743915695614	22563326.71587714
6805.073696735206	22522256.297784932
6931.717276155407	22480421.55222363
7060.717714137772	22437808.254929017
7192.118872221193	22394401.91692084
7325.96542821523	22350187.779576484
7462.302891391108	22305150.80961285
7601.17761795533	22259275.69397488
7742.636826811269	22212546.834628966
7886.728615614156	22164948.343259428
8033.501977124735	22115345.68437226
8183.00681586739	22064105.832022212
8335.293965098195	22011912.39730116
8490.415204088747	21958747.63387892
8648.423275731726	21904593.465163097
8809.37190447399	21849431.47815281
8973.31581458352	21793242.917178124
9140.310748756232	21736008.677522875
9310.413487069076	21677709.298928894
9483.681866285926	21618324.958979294
9660.174799522645	21557835.46635864
9839.952296278227	21496220.253987655
10023.075482838643	21433847.367601078
10209.606623060476	21373061.930040073
10399.609139541202	21311145.265143055
10593.1476351837	21248076.320576813
10790.287915161836	21183833.652220644
10991.097009294961	21118395.416875087
11195.643194838794	21051739.364835024
11403.99601970033	20983842.832324594
11616.22632608502	20914682.733791135
11832.40627458378	20844235.554055966
12052.609368708414	20772477.340318926
12276.910479883603	20699383.694014132
12505.385872903913	20624929.762514293
12738.113231864783	20554013.71304542
12975.171686575868	20484603.44978542
13216.641839466038	20413901.44971558
13462.60579298911	20341883.67339406
13713.147177539455	20268525.63400096
13968.351179887397	20193802.38901244
14228.30457214352	20117688.53172008
14493.09574126215	20040158.18259228
14762.81471909391	19961184.98047495
15037.553212997384	19880742.073628463
15317.404637020798	19798802.110597715
15602.46414366368	19715337.2309124
15892.828656229764	19632083.01064596
16188.596901781993	19557367.836235296
16489.86944471065	19481262.199715633
16796.74872092653	19403740.224350505
17109.339072690134	19324775.551833004
17427.746784089173	19244341.333323646
17752.08011717636	19162410.220321458
18082.44934877952	19078954.35536523
18418.96680799711	18993945.36256166
18761.746914391195	18907354.33793723
19110.90621689136	18819151.839610558
19466.56343342263	18729307.87778183
19828.83949127071	18637791.904535986
20197.857568198782	18554706.363117073
20573.743134329114	18475284.752893485
20956.623994804308	18394385.09298958
21346.630333242454	18311979.876649298
21743.8947560008	18228041.085211188
22148.55233726359	18142540.17858173
22560.74066496859	18055448.085531406
22980.599887588487	17966735.193810176
23408.272761782944	17876371.34007898
23843.904700937208	17784325.7996539
24287.643824604504	17690567.27605941
24739.64100886812	17595063.89038726
25200.049937640895	17500938.43011648
25669.027154919517	17420073.98259989
26146.732118010917	17337704.633955456
26633.327251749808	17253802.37771711
27128.978003724646	17168338.68621371
27633.852900531667	17081284.500869267
28148.123605075813	16992610.22232276
28671.964974937695	16902285.700364057
29205.55512182745	16810280.22368245
29749.075472144435	16716562.509424502
30302.71082866393	16621100.692557605
30866.649433372742	16523862.315035395
31441.08303147265	16424814.314761817
32026.206936576502	16337848.956555178
32622.220097116733	16255653.727364805
33229.325163989684	16171928.830973208
33847.72855945983	16086645.800013449
34477.640547344636	15999775.63733613
35119.275304507275	15911288.806149902
35772.850993678774	15821155.219978727
36438.58983763541	15729344.232432159
37116.71819475767	15635824.626785139
37807.466635993485	15540564.60536412
38511.070023255685	15443531.778735392
39227.76758927723	15344693.154692376
39957.803018952654	15248344.975849906
40701.42453219439	15167683.70702368
41458.88496832911	15085521.318259617
42230.441872066716	15001829.87346023
43016.35758106799	14916580.916632518
43816.89931514194	14829745.462212631
44632.33926710397	14741293.98521042
45462.95469532399	14651196.411170652
46309.02801799736	14559422.10594736
47170.84690917023	14465939.86528791
48048.704396551344	14370717.904223233
48942.89896114532	14273723.846260559
49853.73463873894	14174924.712375078
50781.5211232767	14090423.374354327
51726.57387216024	14010920.92680371
52689.21421350677	13929938.925176365
53669.76945540476	13847449.834719164
54668.57299720181	13763425.608252548
55685.96444286408	13677837.676634159
56722.28971644549	13590656.939045044
57777.90117970507	13501853.75309508
58853.1577519145	13411397.924744198
59948.42503189408	13319258.698036106
61064.07542232036	13225404.744640935
62200.48825634718	13129804.15320326
63358.04992658254	13037580.536176618
64537.15401646702	12961565.214427983
65738.20143409586	12884135.234607141
66961.60054853215	12805264.269686664
68207.76732865692	12724925.502688639
69477.1254846024	12643091.617566671
70770.10661181889	12559734.789918056
72087.15033782135	12474826.677523237
73428.70447166759	12388338.41070913
74795.22515621828	12300240.582533108
76187.17702322999	12210503.238784367
77605.0333513357	12119095.86779912
79049.2762269642	12025987.390086321
80520.39670825469	11948074.05148956
82018.8949920221	11874791.684572699
83545.28058382872	11800145.520338094
85100.07247122246	11724110.178285591
86683.79930019773	11646659.805579629
88296.99955494082	11567768.068258956
89940.22174092053	11487408.14228284
91614.0245713852	11405552.704410596
93318.9771573324	11322173.922911357
95055.65920101192	11237243.44810102
96824.66119303115	11150732.402703034
98626.5846131283	11062611.37202981
100462.04213468132	10978455.133933607
102331.65783302448	10909702.810503306
104236.06739764012	10839670.994635347
106175.9183482999	10768335.874757756
108151.87025522892	10695673.196161136
110164.59496336569	10621658.252751853
112214.77682079801	10546265.878651636
114303.11291144785	10469470.439640956
116430.31329208757	10391245.82444308
118597.10123376705	10311565.435845977
120804.21346773289	10230402.181658998
123052.40043592616	10147728.465501187
125342.42654613995	10063516.17741825
127675.07043192645	9994366.4242125
130051.12521734099	9929157.47214849
132471.39878661174	9862734.970390884
134936.71405883064	9795076.334573379
137447.90926775365	9726158.560030796
140005.8382468096	9655958.213977197
142611.37071941295	9584451.427538529
145265.39259467812	9511613.887636935
147968.80626863963	9437420.828724034
150722.53093107554	9361847.024360368
153527.5028780421	9284866.778638162
156384.67583022476	9206453.917444408
159295.0212572123	9132298.711026222
162259.5287078087	9071975.063283516
165279.2061464897	9010528.782191886
168355.08029612005	8947938.975353697
171488.19698705408	8884184.36156021
174679.62151272455	8819243.263555806
177930.43899185772	8753093.60066742
181241.75473742394	8685712.881296918
184614.69463245454	8617078.195273712
188050.40551285836	8547166.206064994
191550.0555573528	8475953.142841168
195114.83468466165	8403414.792393422
198745.9549580986	8329526.490900998
202444.65099768018	8269865.163385377
206212.18039991445	8213342.561304539
210049.8241653915	8155768.063981325
213958.88713434213	8097122.09546628
217940.6984302958	8037384.7154982025
221996.61191199525	7976535.6127242595
226128.00663372793	7914554.097793843
230336.2873142131	7851419.096324052
234622.88481422624	7787109.141734109
238989.25662310526	7721602.367946519
243436.8873543108	7654876.501952387
247967.289250216	7586908.856238284
252582.00269627848	7523243.744020778
257282.59674479323	7471504.86095342
262070.66964838552	7418803.108468494
266947.8494034318	7365120.567402318
271915.7943036019	7310438.985112481
276976.1935036891	7254739.769271839
282130.76759394706	7198003.98154685
287381.2691851069	7140212.331158358
292729.4835042813	7081345.168322554
298177.22900196735	7021382.477569764
303726.3579703311	6960303.870939059
309378.75717301364	6898088.58104607
315136.34848664823	6834715.454021861
321001.08955431683	6784320.302690367
326974.97445117676	6736284.603270417
333060.03436245886	6687354.951310709
339258.33827409917	6637514.710202356
345571.9936762143	6586746.933726355
352003.1472796675	6535034.360291708
358553.9857459817	6482359.407066228
365226.7364308175	6428704.1639982695
372023.6681413066	6374050.387727054
378947.09190746717	6318379.495379761
385999.36176797637	6261672.55825316
393182.87557057705	6203910.295377597
400500.07578736113	6150310.139901346
407953.45034524484	6106690.276360818
415545.53347188793	6062258.639737615
423278.90655735444	6017000.122796557
431156.19903182285	5970899.337154207
439180.0892596086	5923940.608046734
447353.3054498463	5876107.969000263
455678.6265841068	5827385.156402123
464158.8833612772	5777755.603971063
472796.9591600391	5727202.437124487
481595.79101923504	5675708.467240978
490558.37063650455	5623256.1858159285
499687.7453854889	5569827.758508486
508987.0193519675	5527937.3256668355
518459.3543892913	5487721.445907223
528107.971193433	5446757.141782315
537936.1503980698	5405030.484987322
547947.2336900292	5362527.28800933
558144.6249454955	5319233.099303414
568531.7913873753	5275133.198378906
579112.2647641759	5230212.590794335
589889.6425508494	5184456.003059107
600867.5891719692	5137847.877440363
612049.837247669	5090372.366673213
623440.1888627863	5042013.328572437
635042.5168595961	4997551.924573692
646860.7661546321	4961255.483525683
658898.9550799957	4924283.559533711
671161.1767496272	4886623.581745262
683651.6004510238	4848262.745362094
696374.4730628222	4809188.007286511
709334.1204987989	4769386.081686543
722534.9491787221	4728843.435478619
735981.4475265755	4687546.283726201
749678.1874966878	4645480.584952706
763629.8261282243	4602632.036367307
777841.1071286482	4558986.0690018
792316.8624866261	4514527.842756994
807062.0141149492	4480130.787435702
822081.575524054	4446845.512340456
837380.6535266489	4412940.792612003
852964.4499741016	4378405.100280314
868838.2635251193	4343226.692837872
885007.4914473438	4307393.609247115
901477.6314524917	4270893.665873522
918254.2835656281	4233714.452343062
935343.1520292377	4195843.327322532
952750.0472427299	4157267.4142213706
970480.8877380306	4117973.5968134785
988541.7021919573	4077948.5147775467
1006938.6314760271	4041484.1596104377
1025677.9307444209	4011583.68848913
1044765.9715608053	3981126.7645125072
1064209.2440647245	3950103.0319982558
1084014.359178331	3918501.9425430396
1104188.0508541602	3886312.751435948
1124737.1783647507	3853524.5140051707
1145668.7286348727	3820126.081896688
1166989.8186171474	3786106.0992837283
1188707.6977119034	3751452.999005636
1210829.7502320393	3716154.9986349386
1233363.4979137746	3680200.096471176
1256316.6024741214	3643576.0674602
1279696.8682159416	3615596.7189915976
1303512.2446815087	3588289.8078101687
1327770.829355429	3560474.710365219
1352480.8704178738	3532141.9692239133
1377650.769549055	3503281.9509489792
1403289.084785873	3473884.8428232484
1429404.533431761	3443940.649513203
1456005.9950206485	3413439.1896704747
1483102.514336103	3382370.0924700676
1510703.3044866556	3350722.794084165
1538817.7500383465	3318486.5340903276
1567455.410205595	3285650.3518128116
1596626.022101425	3256005.1161448495
1626339.5040481905	3231564.0649502343
1656605.9589499151	3206668.161634093
1687435.6777273756	3181308.941321055
1718839.1428171454	3155477.781602968
1750827.0317357269	3129165.8996071992
1783410.220710006	3102364.34901037
1816599.7883753285	3075064.0169964842
1850407.019542302	3047255.621158508
1884843.4090337954	3018929.706342223
1919920.6655932867	2990076.6414313805
1955650.715865947	2960686.616073031
1992045.7084538713	2930749.6373418677
2029118.0180466783	2908155.880278053
2066880.2496290822	2885906.2242482915
2105345.242766708	2863242.498333902
2144526.0759716653	2840156.9966238816
2184436.0711494284	2816641.869798896
2225088.7981283693	2792689.1224624617
2266498.079273693	2768290.6104223933
2308677.994187172	2743438.0379217034
2351642.884494346	2718122.9548179675
2395407.358720879	2692336.753710153
2439986.29725955	2666070.6670120484
2485394.857429798	2639315.76397116
2531648.478631358	2615377.2766432525
2578762.8875937983	2595518.9237160347
2626754.1037238385	2575291.0034618196
2675638.4445520453	2554686.6381697743
2725432.531281028	2533698.8221336883
2776153.2944368036	2512320.4192699655
2827817.979625338	2490544.160691291
2880444.1533962977	2468362.642235102
2934049.709215787	2445768.3219461283
2988652.873550383	2422753.5175120165
3044272.2120643063	2399310.4036512785
3100926.6359319235	2375431.009452611
3158635.408267819	2351107.2156646797
3217418.1506763715	2332965.640697193
3277294.849923382	2314932.865201482
3338285.8647317644	2296564.496685409
3400411.9327037027	2277854.2897057678
3463694.1773717343	2258795.882590578
3528154.1153808828	2239382.7952760756
3593813.6638046256	2219608.4271033965
3660695.147596906	2199466.054574295
3728821.30718283	2178948.829065087
3798215.306190736	2158049.774498019
3868900.7393279755	2136761.7849693606
3940901.6404034477	2115077.622333296
4014242.490499326	2095849.2005981458
4088948.226294856	2079789.9928928763
4165044.248545185	2063431.920599637
4242556.430717777	2046769.421797599
4321511.127789762	2029796.8310576319
4401935.1852088785	2012508.377516004
4483855.948021181	1994898.1829122365
4567301.270168747	1976960.2595904088
4652299.523960189	1958688.5084633196
4738879.609717651	1940076.7169387075
4827070.965603188	1921118.5568069126
4916903.577628021	1901807.5820892253
5008407.989848212	1882137.226846159
5101615.314749833	1867635.0611691382
5196557.243827657	1853080.6226808087
5293266.058360566	1838255.3236156853
5391774.640387494	1823154.1232123496
5492116.483887789	1807771.8868999456
5594325.706169377	1792103.3845523898
5698437.0594691355	1776143.2887100568
5804485.942768984	1759886.17276839
5912508.413831869	1743326.5091328076
6022541.201461928	1726458.6673392372
6134621.717992506	1709276.9121397266
6248788.072006888	1691775.4015523742
6365079.081295578	1676394.086784896
6483534.286054714	1663454.9289676761
6604193.962330305	1650274.9712217993
6727099.135712336	1636849.7322196248
6852291.595284057	1623174.6472352354
6979813.907830667	1609245.066592387
7109709.432312423	1595056.2540835773
7242022.334607315	1580603.3853596642
7376797.60252773	1565881.546289559
7514081.061116962	1550885.73128935
7653919.388230155	1535610.8416203577
7796360.130405221	1520051.683655515
7941451.71902934	1504202.96711346
8089243.486805938	1492650.5202087318
8239785.684528512	1480941.7345386106
8393129.498166373	1469015.0463748467
8549327.066268368	1456866.4005149615
8708431.497690724	1444491.666288456
8870496.889654402	1431886.6361523622
9035578.34613892	1419047.0242606136
9203731.99661823	1405968.4650068213
9375015.01514529	1392646.5115399233
9549485.639791967	1379076.6342521957
9727203.192450536	1365254.2192391483
9908228.099003786	1351174.5667307412
10092621.909870483	1338910.629577319
10280447.320933098	1328515.4429760727
10471768.194855202	1317926.8001833747
10666649.582795387	1307141.1009465838
10865157.746525371	1296154.6780117447
11067360.180959744	1284963.7958766816
11273325.63710487	1273564.6495208913
11483124.14543511	1261953.363111786
11696827.039703846	1250125.9886868782
11914506.981197748	1238078.5048114238
12136237.983442418	1225806.8152110947
12362095.437367693	1213306.7473792043
12592156.13694151	1200620.439792327
12826498.3052806	1191396.711074091
13065201.621247198	1182001.327194936
13308347.24654076	1172431.093623109
13556017.853293689	1162682.7563760781
13808297.652180923	1152753.0009141425
14065272.421052363	1142638.4510134528
14327029.534098294	1132335.6676180603
14593657.991557576	1121841.1476705985
14865248.449978571	1111151.32292121
15141893.25304352	1100262.558714298
15423686.462966273	1089171.152752707
15710723.892474487	1077873.3338389017
16003103.137387017	1068120.0622152959
16300923.609797413	1059787.6619032605
16604286.571875297	1051300.1942036108
16913295.17029647	1042654.7732858768
17228054.471313924	1033848.4596137938
17548671.49648152	1024878.2589458256
17875255.259042352	1015741.1213170942
18207916.800994623	1006433.9400023536
18546769.230846975	996953.5504596733
18891927.762076646	987296.7292544582
19243509.75230332	977460.192963448
19601634.743191857	967440.5970583172
19966424.501097932	957346.3200026951
20338003.0584698	949959.9428442679
20716496.75602067	942436.103950086
21102034.285685964	934772.2451338567
21494746.734379806	926965.7606010067
21894767.628566206	919013.9960626804
22302232.979659364	910914.2478332554
22717281.330269028	902663.7619110604
23140053.80130654	894259.7330419831
23570694.139967278	885699.3037656572
24009348.76860652	876979.5634438908
24456166.83452444	868097.5472710204
24911300.26067791	859050.2352658436
25374903.797335718	851309.4321156979
25847135.07469564	844642.4670063083
26328154.656480197	837851.4285418085
26818126.094530128	830934.0076959488
27317215.98441379	823887.8524711065
27825594.022071257	816710.567098585
28343433.061513092	809399.7112240228
28870909.173592344	801952.7990776496
29408201.705870606	794367.2986290955
29955493.34359816	786640.6307264749
30512970.171828706	778770.1682194485
31080821.738690637	770753.2350659603
31659241.119835205	762736.415498234
32248424.98408439	756830.8246772718
32848573.66030047	750815.3298062595
33459891.20549975	744687.8855521259
34082585.47423452	738446.4085178014
34716868.189265594	732088.7765338437
35362955.013550386	725612.8279368758
36021065.62357073	719016.3608345955
36691423.78402494	712297.1323571148
37374257.42391064	705452.857894351
38069798.71402284	698481.210319241
38778284.14589453	691379.8191964909
39499954.61220647	684146.2699766014
40235055.48869293	678012.6404354656
40983836.717572615	672685.7969409433
41746552.89253134	667259.8199825938
42523463.34528677	661732.8646697868
43314832.23376403	656103.0517781633
44120928.631911896	650368.4671106815
44942026.62119142	644527.1608467635
45778405.38376616	638577.146879341
46630349.29742726	632516.4021395544
47498148.03228505	626342.8659088876
48382096.649259575	620054.4391185048
49282495.700405136	613648.9836355397
50199651.33110079	607291.5421961413
51133875.38414321	602575.8338278242
52085485.50577665	597772.3653243659
53054805.25369574	592879.5034547201
54042164.20705915	587895.5845931304
55047898.078549676	582818.9141534829
56072348.82852027	577647.766013128
57115864.78126434	572380.3819259786
58178800.74344935	567014.9709246912
59261518.124755524	561549.7087117129
60364385.060758635	555982.737039004
61487776.53810017	550312.1630762126
62632074.521986924	544536.0587670909
63797668.08606282	539682.2129621212
64984953.54469889	535430.894548667
66194334.587743886	531100.4583761514
67426222.41778335	526689.4320496155
68681035.88995308	522196.3157725799
69959201.65435374	517619.5818370985
71261154.30111745	512957.67410431936
72587336.50817245	508209.0074753815
73938199.19175874	503371.9673524647
75314201.65974376	498444.9090898096
76715811.76779301	493426.15743451816
78143506.07844542	488314.00595695106
79597770.02314977	483278.46300219017
81079098.06731695	479516.66155635397
82587993.87844272	475684.8523455182
84124970.49736118	471781.73251326353
85690550.51268347	467805.9749567913
87285266.2384837	463756.2278756944
88909659.89529167	459631.11431232904
90564283.79445294	455429.2316836373
92249700.52592173	451149.15130425006
93966483.1495469	446789.4179007212
95715215.38991857	442348.54911671794
97496491.83484097	437825.03500900365
99310918.137498	433217.33753404225
101159111.22238298	429380.2489845485
103041699.49505854	425990.3241594716
104959323.05582266	422537.3122565835
106912633.91734771	419020.0392146317
108902296.22637327	415437.3091228844
110928986.48952228	411787.9038145074
112993393.80332193	408070.58245237346
115096220.0885031	404284.0811071651
117238180.32865997	400427.1123276264
119420002.8133535	396498.3647028142
121642429.3857368	392496.5024162052
123906215.6947913	388420.1647915017
126212131.45225461	384435.46079332265
128560960.69432965	381436.99252329953
130953502.04826704	378382.7222485639
133390569.00390588	375271.6114843136
135872990.19027063	372102.6024193668
138401609.65731302	368874.6175564947
140977287.16289675	365586.55934606364
143600898.46512634	362237.3098128538
146273335.620113	358825.7301759367
148995507.28528506	355350.66046147596
151768339.02834037	351810.91910832445
154592773.64194784	348205.3025662827
157469771.46430898	344532.5848868762
160400310.70568198	341501.75732782163
163385387.78098568	338800.502907362
166426017.64859018	336048.97768250224
169523234.15541214	333246.2461050195
172678090.38843593	330391.3552159782
175891659.03277326	327483.3343217158
179165032.73638958	324521.1946637941
182499324.48161504	321503.92908281187
185895667.9635688	318430.5116759619
189355217.9756299	315299.8974482101
192879150.80207777	312111.02195698774
196468664.61804405	308862.8009502676
200124979.8969035	305711.9758882372
203849339.82524642	303323.5688237671
207643010.7255779	300890.71309742547
211507282.48687947	298412.58151205233
215443469.00318778	295888.3314762064
219452908.62033114	293317.10471767664
223536964.59097964	290698.026991661
227697025.53816846	288030.2077835125
231934505.92744273	285312.7400059556
236250846.547794	282544.6996906649
240647515.00154215	279725.1456741076
245126006.20333397	276853.119277538
249687842.8884332	273927.6439810358
254334576.13046482	271535.4615932391
259067785.8688001	269384.3641212836
263889081.44575077	267193.2343593525
268800102.15376073	264961.32729971816
273802517.7927863	262687.8840699315
278898029.23804396	260372.13167479914
284088369.0183295	258013.28273355428
289375301.9050947	255610.53521214012
294760625.51248586	253163.07215051053
300246170.90855557	250670.06138485356
305833803.23784316	248130.65526464756
311525422.35554785	245543.99036444948
317322963.4734973	243054.24474014025
323228397.81813806	241152.5749002971
329243733.30077755	239215.51466115407
335371015.2002929	237242.40540135858
341612326.8585518	235232.57624250202
347969790.3887688	233185.3438210143
354445567.3970435	231100.01205581377
361041859.71733445	228975.87191163123
367760910.160103	226812.2011579308
374605003.2748981	224608.26412334247
381576466.1271245	222363.3114455269
388677669.0892668	220076.57981638506
395911026.6468467	217747.29172252386
403278998.21937054	215860.14366714068
410784088.99656343	214147.86798191012
418428850.79015756	212403.72655482308
426215882.9015325	210627.12635900185
434147833.0055101	208817.4633312373
442227398.0505897	206974.12216660142
450457325.17594445	205096.4761092361
458840412.64547515	203183.8867392502
467379510.7992463	201235.70375565032
476077523.0226378	199251.2647552307
484937406.7335233	197229.89500734946
493962174.38783056	195170.9072245121
503154894.5038046	193204.49457093168
512518692.70533323	191691.0585626718
522056752.7846986	190149.45725277797
531772317.7850967	188579.1664801947
541668691.1033136	186979.65232913927
551749237.6129117	185350.37094756553
562017384.8083187	183690.76836224867
572476623.970219	182000.28029042773
583130511.3526218	180278.33194794407
593982669.3920338	178524.33785380688
605036787.9391212	176737.70163112486
616296625.5132942	174917.8158043319
627766010.5806513	173064.06159263785
639448842.8556936	171576.06147899464
651349094.6272782	170213.5946272833
663470812.1092337	168825.77203562943
675818116.816111	167412.12182939865
688395206.964551	165972.16335228886
701206358.9007177	164505.40700290282
714255928.5543104	163011.35406827737
727548352.9196217	161489.4965543161
741088151.5641569	159939.31701306696
754879928.1653446	158360.2883667828
768928372.0758306	156751.87372871052
783238259.9179205	155113.5262205419
797814457.2076613	153561.11310490186
812661920.0091946	152357.0575528014
827785696.619849	151130.59432199912
843190929.286625	149881.30640178185
858882855.9546258	148608.76902079524
874866812.0479896	147312.54950261887
891148232.2840202	145992.2071186495
907732652.5210242	144647.29293825026
924625711.6405733	143277.34967610898
941833153.4647961	141881.9115367549
959360828.7093127	140460.50405618554
977214696.9725724	139012.64394054157
995400828.7621539	137537.83890178337
1013925407.5588143	136365.0419838281
1032794731.9189526	135281.25365190953
1052015217.6161569	134177.29583472104
1071593399.8226712	133052.79317470946
1091535935.3313932	131907.36332885423
1111849604.81927	130740.6168386661
1132541315.1528125	129552.15699776646
1153618101.736476	128341.57971700444
1175087130.9048076	127108.47338706016
1196955702.3590453	125852.41873849521
1219231251.6491096	124572.98869919554
1241921352.7017846	123269.74824916154
1265033720.3959012	122044.6239896101
1288576213.185518	121086.97585407371
1312556835.7718453	120111.5057237854
1336983741.8249452	119117.88192839059
1361865236.7560828	118105.76662509225
1387209780.541618	117074.81568378226
1413025990.5995336	116024.67857003177
1439322644.7194095	114954.99822590731
1466108684.0469828	113865.41094856644
1493393216.1242533	112755.54626659422
1521185517.9861019	111625.02681404066
1549495039.3146317	110473.46820211013
1578331405.6521199	109300.47888846704
1607704421.673822	108376.44796641191
1637624074.521689	107514.56401854161
1668100537.2000556	106636.64026374696
1699144172.0346258	105742.3781984914
1730765534.1957276	104831.47376403741
1762975375.2872038	103903.61724306259
1795784647.0020967	102958.49315435185
1829204504.8462899	101995.78014553197
1863246311.9315598	101015.15088380635
1897921642.8391032	100016.27194466005
1933242287.5550432	98998.80369849126
1969220255.4791734	97962.40019513274
2005867779.5082297	96995.87740339171
2043197320.1952705	96234.39788584136
2081221569.9863415	95458.74710489904
2119953457.536069	94668.66133094196
2159406152.1035676	93863.87192629356
2199593068.0300703	93044.10525388508
2240527869.3000183	92209.08258421472
2282224474.1869006	91358.52000057772
2324697059.9856453	90492.12830253105
2367960067.833079	89609.61290756187
2412028207.618002	88710.67375092724
2456916462.98279	87795.00518362754
2502640096.4179215	86862.29586848394
2549214654.4514203	86134.50385662471
2596655972.934872	85449.25050783785
2644980182.4277143	84751.24447763023
2694203713.6818824	84040.24843643041
2744343303.2283683	83316.02063792365
2795415999.067865	82578.31483685497
2847439166.4672475	81826.88020530355
2900430493.8639855	81061.46124739782
2954407998.8803797	80281.79771244469
3009390034.449724	79487.62450644169
3065395295.056536	78678.67160194165
3122442823.0928583	77854.66394624088
3180552015.3329134	77092.38385217886
3239742629.5281954	76487.02625646534
3300034791.1252885	75870.40285289036
3361449000.108775	75242.30398285273
3424006137.9714255	74602.51608596905
3487727474.8141704	73950.82162746062
3552634676.5781393	73286.99902418953
3618749812.411284	72610.82256931813
3686095362.1721687	71922.06235556616
3754694224.0733366	71220.48419703972
3824569722.4669914	70505.8495496054
3895745615.775501	69777.9154297828
3968246104.5694857	69036.43433212799
4042095839.796318	68463.38662936231
4117319931.1616793	67918.68747745409
4193943955.6671777	67363.85138164506
4271993966.306777	66798.6896916842
4351496500.925055	66223.01024650752
4432478591.24041	65636.61730890084
4514967772.036101	65039.31149894714
4598992090.5224285	64430.88972623506
4684580115.873045	63811.14512080606
4771760948.938751	63179.866962816785
4860564232.142149	62536.84061089158
4951020159.556351	61881.84742914242
5043159487.171348	61280.823984372146
5137013543.351338	60799.68708190819
5232614239.486667	60309.59613982105
5329994080.844104	59810.38452190976
5429186177.618942	59301.882490845426
5530224256.192888	58783.917150458336
5633142670.601352	58256.31238695162
5737976414.21414	57718.88880902094
5844761131.633649	57171.46368685914
5953533130.81437	56613.85089002637
6064329395.408049	56045.86082416339
6177187597.338489	55467.30036652767
6292146109.610351	54877.97280032985
6409244019.35647	54426.91258681702
6528521141.127848	53994.03727860009
6650018030.431105	53553.1060872409
6773775997.517745	53103.96909138335
6899837121.430025	52646.473579609556
7028244264.308367	52180.46399851605
7159041085.964888	51705.781899824164
7292272058.728297	51222.265886505644
7427982482.56491	50729.75155790603
7566218500.481063	50228.0714538469
7707027114.212319	49717.05499768736
7850456200.204509	49196.528438326306
7996554525.892329	48722.79034039982
8145371766.280737	48340.475276146906
8296958520.834915	47951.045263495056
8451366330.684739	47554.36789204391
8608647696.149244	47150.308287213134
8768856094.587408	46738.72906438328
8932045998.58096	46319.49028218383
9098272894.455566	45892.449394911644
9267593301.146902	45457.461204063766
9440064789.417603	45014.37780896847
9615746001.432076	44563.048556497175
9794696670.695385	44103.3199898409
9976977642.36321	43635.0357963336
10162650893.929972	43280.11878553074
10351779556.301762	42936.198347220794
10544427935.261662	42585.87749103378
10740661533.334322	42229.03710410385
10940547072.057436	41865.55585685464
11144152514.667904	41495.31016174562
11351547089.20999	41118.17413125119
11562801312.07373	40734.019535057305
11777987011.97118	40342.715756461956
11997177354.358854	39944.12974796428
12220446866.314913	39538.125986026665
12447871461.879063	39124.56642499552
12679528467.864315	38751.28080495484
12915496650.148827	38447.57490158272
13155856240.457052	38138.21697967145
13400688963.639534	37823.10185419433
13650078065.460136	37502.12238261343
13904108340.900667	37175.16942844982
14162866162.991974	36842.13182417616
14426439512.181587	36502.89633341864
14694918006.248201	36157.34761245517
14968392930.772554	35805.36817099746
15246957270.1757	35446.83833224283
15530705739.334583	35081.636192182894
15819734815.786015	34709.63757815511
16114142772.530231	34430.48372325037
16414029711.444664	34157.322606371345
16719497597.31985	33879.077914627196
17030650292.528427	33595.65504182465
17347593592.339325	33306.95762113314
17670435260.889503	33012.887492318965
17999285067.824764	32713.344668369842
18334254825.62285	32408.227301498027
18675458427.61074	32097.431648511105
19023011886.689457	31780.852035538373
19377033374.77993	31458.380822100295
19737643263.002552	31129.908364509807
20104964162.604927	30835.890803260983
20479120966.650833	30594.715208925238
20860240892.485046	30349.05129574145
21248453524.988873	30098.815535332113
21643890860.6402	29843.922844842513
22046687352.394028	29584.286558011387
22456979955.397717	29319.81839570361
22874908173.55704	29050.428435894446
23300614106.96929	28776.02508309492
23734242500.23866	28496.515037208494
24175940791.69123	28211.803261807803
24625859163.505444	27921.79295182144
25084150592.775414	27626.38550061924
25550970903.525124	27406.931336011687
26026478819.690044	27190.058301886416
26510836019.085308	26969.149223693836
27004207188.377697	26744.128989967045
27506760079.080673	26514.92109140205
28018665564.59201	26281.447594843674
28540097698.292374	26043.629116787495
29071233772.725693	25801.384796388444
29612254379.880314	25554.632267967394
30163343472.591972	25303.287633006017
30724688427.090096	25047.265431620213
31296480106.707504	24786.478613502968
31878912926.77636	24555.011874042488
32472184920.731255	24363.581716267774
33076497807.442425	24168.589010683892
33692057059.802742	23969.96745766993
34319071974.590427	23767.649523757766
34957755743.632645	23561.566418669896
35608325526.29274	23351.648071930023
36271002523.30648	23137.823109038458
36946012051.993095	22920.018827203887
37633583622.865326	22698.16117062372
38333951017.6659	22472.17470530419
39047352368.85556	22241.98259341207
39774030240.58036	22007.506567149077
40514231711.14655	21835.097840324957
41268208457.02952	21663.00926645521
42036216838.44701	21487.71809494385
42818517986.52406	21309.16472490379
43615377892.080055	21127.28844626535
44427067496.06892	20942.027419134123
45253862781.70167	20753.31865276474
46096044868.284195	20561.09798414331
46953900106.80053	20365.300056171294
47827720177.27485	20165.858295443537
48717802187.94641	19962.70488961242
49624448776.28914	19755.770764331068
50547968211.912254	19573.670156545697
51488674501.37487	19421.82558549926
52446887494.95119	19267.155161148377
53422932995.38363	19109.606293882232
54417142868.658875	18949.12541538842
55429855156.84652	18785.657960439054
56461414193.036606	18619.14834833808
57512170718.41614	18449.5399640233
58582482001.525475	18276.77513881655
59672711959.7331	18100.795130815764
60783231282.972115	17921.540104922035
61914417559.77835	17738.949112495073
63066655405.67406	17552.960070630095
64240336593.94204	17417.635878779536
65435860188.83229	17281.193963683887
66653632681.24893	17142.212841331908
67894068126.96099	17000.645256644457
69157588287.38525	16856.443075117397
70444622772.99051	16709.557266455264
71755609189.36922	16559.937887900458
73090993286.02888	16407.53406725212
74451229107.95128	16252.29398556906
75836779149.97191	16094.164859550847
77248114514.03416	15933.09292359082
78685715069.36842	15769.023411495265
80150069615.6538	15625.899276111119
81641676049.21454	15505.574709842762
83161041532.30962	15383.010882922208
84708682665.57419	15258.166122327693
86285125663.66887	15130.997979495463
87890906534.19963	15001.463215886675
89526571259.96382	14869.51778828604
91192675984.59299	14735.11683382643
92889787201.64516	14598.214654735202
94618481947.21991	14458.764702796389
96379347996.15794	14316.71956352372
98172984061.88821	14172.030940039389
100000000000.0	14024.64963665235
