# Frequency (Hz)	Imaginary Part (Ohm/m)
1000.0	54987231.480283886
1018.6101701559753	54852689.0045516
1037.566678745186	54715642.670452714
1056.875971184804	54576045.88075702
1076.5446128423157	54433851.171051845
1096.5792912678098	54289010.19360378
1116.9868184678226	54141473.70091985
1137.7741332214914	53991191.52900285
1158.9483034398106	53838112.58029507
1180.5165285688054	53682184.80630455
1202.4861420374123	53523355.18990801
1224.8646137509306	53361569.72732453
1247.6595526308697	53196773.409753606
1270.8787092020582	53040195.29947938
1294.529978227916	52891537.265057154
1318.6214013947485	52740112.67931928
1343.1611700460153	52585870.05627503
1368.1576279674719	52428756.95177061
1393.619274224142	52268719.94565764
1419.5547660501015	52105704.623629645
1445.9729217920194	51939655.558720686
1472.882723907502	51770516.29245953
1500.2933220192183	51598229.315673195
1528.2140360258693	51422736.048933215
1556.654359271062	51243976.82263796
1585.6239617711371	51062543.02907843
1615.132693503091	50903403.281597085
1645.1905877536624	50741301.91633653
1675.807864530767	50576183.81708596
1706.9949340384078	50407992.84191249
1738.7624002162504	50236671.804072365
1771.1210643450886	50062162.45256672
1804.0819287193826	49884405.45233577
1837.6562003881704	49703340.36408409
1871.8552949655793	49518905.62373073
1906.690840512252	49331038.52147673
1942.1746814890264	49139675.180483066
1978.3188827841643	48944750.53515191
2015.1357338155585	48762648.89807375
2052.6377527092523	48591444.56141752
2090.8376905557498	48417054.08292467
2129.748535745521	48239418.167953484
2169.3835183851843	48058476.418378875
2209.756114795903	47874167.312056355
2250.880052095462	47686428.18190389
2292.7693128656488	47495195.194594346
2335.438139906479	47300403.32885153
2378.9010410788933	47101986.35334225
2423.1727942376006	46899876.8041569
2468.2684522556924	46694005.96187108
2514.2033481427966	46486048.891285196
2560.9931002584594	46307685.40597271
2608.6536176225477	46126002.54584895
2657.2011053245064	45940938.53678386
2706.652070033241	45752430.45502033
2757.0233256095826	45560414.2057794
2808.3319988231724	45364824.50146738
2860.5955351757416	45165594.83947737
2913.831704832789	44962657.47957758
2968.0586086656026	44755943.42087907
3023.2946844057765	44545382.378374554
3079.5587129142264	44330902.759040795
3136.8698245668766	44112431.63749626
3195.2475057592133	43912059.426680446
3254.711605531848	43725357.10433685
3315.282342319423	43535180.22000592
3376.9803108250912	43341464.11149785
3439.8264890229243	43144142.9132485
3503.8422452906757	42943149.53392434
3569.0493456752292	42738415.63361075
3635.4699612933177	42529871.60057562
3703.126675869927	42317446.52760068
3772.0424934169973	42101068.1878723
3842.240846055061	41880663.01042349
3913.745601980384	41656156.05511911
3986.581073580439	41430714.275852166
4060.7720257003657	41241448.56142461
4136.343684063274	41048660.57984689
4213.321743847289	40852284.78112795
4291.732378422157	40652254.39538036
4371.602248248501	40448501.41011764
4452.958509942655	40240956.54712938
4535.828825510186	40029549.23892592
4620.241371751313	39814207.60474456
4706.224849841281	39594858.42610944
4793.808495089106	39371427.12193635
4883.02208687788	39143837.72317441
4973.895958790063	38912012.84697582
5066.461008921268	38703488.23802254
5160.7487103859075	38510651.44127775
5256.791122018419	38314225.918933205
5354.620899273607	38114144.88419484
5454.271305329836	37910340.30735501
5555.7762223988775	37702742.89266163
5659.170163246242	37491282.05475687
5764.488282925873	37275885.89467738
5871.766390733255	37056481.17540786
5981.040962380945	36832993.296979696
6092.349152400711	36605346.271106206
6205.7288067765	36373462.6953457
6321.218475812449	36142233.31417064
6438.8574272404185	35951841.75564944
6558.685659571435	35757906.9778279
6680.743915695614	35560363.04079194
6805.073696735206	35359142.77747447
6931.717276155407	35154177.77081782
7060.717714137772	34945398.33051128
7192.118872221193	34732733.46929555
7325.96542821523	34516110.87882642
7462.302891391108	34295456.90508901
7601.17761795533	34070696.52335476
7742.636826811269	33841753.31267212
7886.728615614156	33608549.42988261
8033.501977124735	33402910.689541847
8183.00681586739	33213816.733216867
8335.293965098195	33021203.706189204
8490.415204088747	32825006.117954303
8648.423275731726	32625157.259218145
8809.37190447399	32421589.17921545
8973.31581458352	32214232.662605572
9140.310748756232	32003017.20593863
9310.413487069076	31787870.993683547
9483.681866285926	31568720.87380998
9660.174799522645	31345492.33291587
9839.952296278227	31118109.47089205
10023.075482838643	30893142.00250954
10209.606623060476	30710948.504235182
10399.609139541202	30525364.353956643
10593.1476351837	30336326.451063167
10790.287915161836	30143770.520630915
10991.097009294961	29947631.09156878
11195.643194838794	29747841.47435747
11403.99601970033	29544333.738374494
11616.22632608502	29337038.68879681
11832.40627458378	29125885.843073998
12052.609368708414	28910803.406963363
12276.910479883603	28691718.250119127
12505.385872903913	28468555.881227396
12738.113231864783	28275601.50559132
12975.171686575868	28098775.75851663
13216.641839466038	27918659.25420092
13462.60579298911	27735190.75109198
13713.147177539455	27548307.867921937
13968.351179887397	27357947.06249686
14228.30457214352	27164043.610091798
14493.09574126215	26966531.581443638
14762.81471909391	26765343.820334468
15037.553212997384	26560411.92075778
15317.404637020798	26351666.20365958
15602.46414366368	26139035.69324685
15892.828656229764	25930443.60350499
16188.596901781993	25763697.546791308
16489.86944471065	25593848.31758936
16796.74872092653	25420838.165331103
17109.339072690134	25244608.26470061
17427.746784089173	25065098.69563281
17752.08011717636	24882248.422940016
18082.44934877952	24695995.27555936
18418.96680799711	24506275.925413866
18761.746914391195	24313025.86588028
19110.90621689136	24116179.389856126
19466.56343342263	23915669.567418538
19828.83949127071	23711428.223067455
20197.857568198782	23538130.19001472
20573.743134329114	23379470.812970683
20956.623994804308	23217858.757923007
21346.630333242454	23053239.075031623
21743.8947560008	22885555.791830625
22148.55233726359	22714751.894196946
22560.74066496859	22540769.306964997
22980.599887588487	22363548.874180485
23408.272761782944	22183030.33898672
23843.904700937208	21999152.32313671
24287.643824604504	21811852.30612379
24739.64100886812	21621066.60392404
25200.049937640895	21435559.772832926
25669.027154919517	21288610.973324414
26146.732118010917	21138927.43165285
26633.327251749808	20986458.25380123
27128.978003724646	20831151.598606247
27633.852900531667	20672954.660131734
28148.123605075813	20511813.649714038
28671.964974937695	20347673.77767338
29205.55512182745	20180479.23468466
29749.075472144435	20010173.172801755
30302.71082866393	19836697.686128654
30866.649433372742	19659993.791130636
31441.08303147265	19480001.406579502
32026.206936576502	19329937.804309912
32622.220097116733	19192348.09462243
33229.325163989684	19052197.817025986
33847.72855945983	18909439.318916034
34477.640547344636	18764024.060865056
35119.275304507275	18615902.600118477
35772.850993678774	18465024.573783636
36438.58983763541	18311338.681705937
37116.71819475767	18154792.66902607
37807.466635993485	17995333.308413003
38511.070023255685	17832906.381965965
39227.76758927723	17667456.66277982
39957.803018952654	17508032.08807246
40701.42453219439	17382394.987963706
41458.88496832911	17254419.76004403
42230.441872066716	17124062.891357027
43016.35758106799	16991280.05916274
43816.89931514194	16856026.115867544
44632.33926710397	16718255.073673353
45462.95469532399	16577920.088941365
46309.02801799736	16434973.446264677
47170.84690917023	16289366.542244533
48048.704396551344	16141049.868964707
48942.89896114532	15989972.997158173
49853.73463873894	15836084.559060693
50781.5211232767	15709825.704572923
51726.57387216024	15593635.428646665
52689.21421350677	15475282.831914961
53669.76945540476	15354727.673219683
54668.57299720181	15231928.9625079
55685.96444286408	15106844.946894841
56722.28971644549	14979433.096467411
57777.90117970507	14849650.089823658
58853.1577519145	14717451.79934291
59948.42503189408	14582793.276181985
61064.07542232036	14445628.73499208
62200.48825634718	14305911.53835125
63358.04992658254	14172490.67199207
64537.15401646702	14067514.349220878
65738.20143409586	13960584.399220565
66961.60054853215	13851664.464655975
68207.76732865692	13740717.511575751
69477.1254846024	13627705.816820426
70770.10661181889	13512590.95519609
72087.15033782135	13395333.786409443
73428.70447166759	13275894.44175967
74795.22515621828	13154232.310582636
76187.17702322999	13030306.026442867
77605.0333513357	12904073.453068461
79049.2762269642	12775491.67002433
80520.39670825469	12671515.553879557
82018.8949920221	12575303.036473779
83545.28058382872	12477299.987747952
85100.07247122246	12377473.085609537
86683.79930019773	12275788.387836179
88296.99955494082	12172211.320535002
89940.22174092053	12066706.66638708
91614.0245713852	11959238.55267323
93318.9771573324	11849770.439076822
95055.65920101192	11738265.105259733
96824.66119303115	11624684.63820701
98626.5846131283	11508990.419336028
100462.04213468132	11399488.377925517
102331.65783302448	11313216.34990956
104236.06739764012	11225338.784772525
106175.9183482999	11135825.803195395
108151.87025522892	11044646.969799938
110164.59496336569	10951771.282800376
112214.77682079801	10857167.163462402
114303.11291144785	10760802.44536609
116430.31329208757	10662644.363468973
118597.10123376705	10562659.542965557
120804.21346773289	10460813.987939568
123052.40043592616	10357073.069804916
125342.42654613995	10251401.51553164
127675.07043192645	10167070.056588814
130051.12521734099	10088495.807422139
132471.39878661174	10008459.278108604
134936.71405883064	9926933.25536585
137447.90926775365	9843890.019467713
140005.8382468096	9759301.33481921
142611.37071941295	9673138.440356119
145265.39259467812	9585372.039765947
147968.80626863963	9495972.291526815
150722.53093107554	9404908.798761051
153527.5028780421	9312150.59889992
156384.67583022476	9217666.153156
159295.0212572123	9129017.547374485
162259.5287078087	9058925.83876196
165279.2061464897	8987529.71152562
168355.08029612005	8914804.890212953
171488.19698705408	8840726.647601077
174679.62151272455	8765269.796289347
177930.43899185772	8688408.68013527
181241.75473742394	8610117.16553118
184614.69463245454	8530368.632518558
188050.40551285836	8449135.96573686
191550.0555573528	8366391.545204143
195114.83468466165	8282107.236925853
198745.9549580986	8196254.383329018
202444.65099768018	8128565.357853554
206212.18039991445	8064998.45602747
210049.8241653915	8000248.56334212
213958.88713434213	7934293.664136314
217940.6984302958	7867111.3330336595
221996.61191199525	7798678.727317725
226128.00663372793	7728972.579165187
230336.2873142131	7657969.187734619
234622.88481422624	7585644.411107875
238989.25662310526	7511973.65808161
243436.8873543108	7436931.879806021
247967.289250216	7360493.5612679
252582.00269627848	7289391.590293708
257282.59674479323	7232883.273219742
262070.66964838552	7175323.326749794
266947.8494034318	7116692.179881886
271915.7943036019	7056969.897394311
276976.1935036891	6996136.173067546
282130.76759394706	6934170.322779839
287381.2691851069	6871051.277474411
292729.4835042813	6806757.57599578
298177.22900196735	6741267.357792659
303726.3579703311	6674558.355485234
309378.75717301364	6606607.887293933
315136.34848664823	6537392.849327405
321001.08955431683	6483438.653119986
326974.97445117676	6432334.685529454
333060.03436245886	6380279.6644064225
339258.33827409917	6327255.890482819
345571.9936762143	6273245.335104178
352003.1472796675	6218229.634099734
358553.9857459817	6162190.081538335
365226.7364308175	6105107.62336831
372023.6681413066	6046962.850938819
378947.09190746717	5987735.99440073
385999.36176797637	5927406.915984674
393182.87557057705	5865955.103153931
400500.07578736113	5809278.028882148
407953.45034524484	5763952.093881829
415545.53347188793	5717782.635518669
423278.90655735444	5670753.955679373
431156.19903182285	5622850.064106045
439180.0892596086	5574054.6729594115
447353.3054498463	5524351.1912807105
455678.6265841068	5473722.719350619
464158.8833612772	5422152.042943183
472796.9591600391	5369621.627472734
481595.79101923504	5316113.612032022
490558.37063650455	5261609.80331925
499687.7453854889	5206091.669452177
508987.0193519675	5163281.712972227
518459.3543892913	5122365.96396243
528107.971193433	5080688.765901508
537936.1503980698	5038235.948093046
547947.2336900292	4994993.076121564
558144.6249454955	4950945.44694467
568531.7913873753	4906078.083893816
579112.2647641759	4860375.731582141
589889.6425508494	4813822.850717417
600867.5891719692	4766403.612818545
612049.837247669	4718101.894833718
623440.1888627863	4668901.273658358
635042.5168595961	4623905.37691742
646860.7661546321	4587669.447515502
658898.9550799957	4550759.161301651
671161.1767496272	4513161.968380864
683651.6004510238	4474865.085302423
696374.4730628222	4435855.490713455
709334.1204987989	4396119.92093147
722534.9491787221	4355644.8654345935
735981.4475265755	4314416.562267856
749678.1874966878	4272420.993363935
763629.8261282243	4229643.879776918
777841.1071286482	4186070.676827267
792316.8624866261	4141686.5691564763
807062.0141149492	4107820.383905643
822081.575524054	4075149.1256743325
837380.6535266489	4041869.849768131
852964.4499741016	4007971.2408746476
868838.2635251193	3973441.773101601
885007.4914473438	3938269.7060579066
901477.6314524917	3902443.0808617924
918254.2835656281	3865949.716074664
935343.1520292377	3828777.2035592822
952750.0472427299	3790912.904260861
970480.8877380306	3752343.9439096632
988541.7021919573	3713057.20864359
1006938.6314760271	3677429.225242443
1025677.9307444209	3648522.4662330644
1044765.9715608053	3619077.7475198605
1064209.2440647245	3589085.057581213
1084014.359178331	3558534.198579371
1104188.0508541602	3527414.782893094
1124737.1783647507	3495716.2295857407
1145668.7286348727	3463427.7608076353
1166989.8186171474	3430538.398131498
1188707.6977119034	3397036.958819635
1210829.7502320393	3362912.0520217097
1233363.4979137746	3328152.0749017172
1256316.6024741214	3292745.2086929
1279696.8682159416	3266006.476350988
1303512.2446815087	3239963.371939724
1327770.829355429	3213435.6009239764
1352480.8704178738	3186414.143575767
1377650.769549055	3158889.8123084423
1403289.084785873	3130853.2485528057
1429404.533431761	3102294.919575088
1456005.9950206485	3073205.1152357254
1483102.514336103	3043573.9446878023
1510703.3044866556	3013391.3330140584
1538817.7500383465	2982647.017801318
1567455.410205595	2951330.5456511397
1596626.022101425	2923168.575659895
1626339.5040481905	2900140.4046893474
1656605.9589499151	2876683.675538655
1687435.6777273756	2852790.412667168
1718839.1428171454	2828452.492108061
1750827.0317357269	2803661.638706104
1783410.220710006	2778409.42330403
1816599.7883753285	2752687.259876502
1850407.019542302	2726486.402610812
1884843.4090337954	2699797.942933174
1919920.6655932867	2672612.8064797316
1955650.715865947	2644921.7500111833
1992045.7084538713	2616715.3582699504
2029118.0180466783	2595631.009247306
2066880.2496290822	2574894.32964506
2105345.242766708	2553771.7369069434
2144526.0759716653	2532256.0491238404
2184436.0711494284	2510339.9507300663
2225088.7981283693	2488015.990016031
2266498.079273693	2465276.5765945525
2308677.994187172	2442113.97882005
2351642.884494346	2418520.3211597153
2395407.358720879	2394487.581515715
2439986.29725955	2370007.5884976275
2485394.857429798	2345072.018644057
2531648.478631358	2322836.487514207
2578762.8875937983	2304507.6408165433
2626754.1037238385	2285837.691163069
2675638.4445520453	2266820.290569742
2725432.531281028	2247448.972915449
2776153.2944368036	2227717.1517434623
2827817.979625338	2207618.118021982
2880444.1533962977	2187145.037862969
2934049.709215787	2166290.950198583
2988652.873550383	2145048.764414314
3044272.2120643063	2123411.257938114
3100926.6359319235	2101371.0737846447
3158635.408267819	2078920.7180538059
3217418.1506763715	2062309.107138044
3277294.849923382	2045809.3126852268
3338285.8647317644	2029002.4542501024
3400411.9327037027	2011882.8173197166
3463694.1773717343	1994444.5810330443
3528154.1153808828	1976681.8162018585
3593813.6638046256	1958588.483294724
3660695.147596906	1940158.4303834967
3728821.30718283	1921385.391051612
3798215.306190736	1902262.9822634123
3868900.7393279755	1882784.7021938737
3940901.6404034477	1862943.9280178957
4014242.490499326	1845400.6293472226
4088948.226294856	1830820.3599835986
4165044.248545185	1815968.7493261944
4242556.430717777	1800840.7476673669
4321511.127789762	1785431.2113235495
4401935.1852088785	1769734.9008863468
4483855.948021181	1753746.4794410903
4567301.270168747	1737460.5107522083
4652299.523960189	1720871.4574148734
4738879.609717651	1703973.6789722042
4827070.965603188	1686761.4299974572
4916903.577628021	1669228.8581405266
5008407.989848212	1651370.0021380628
5101615.314749833	1638289.7887793754
5196557.243827657	1625167.1222248059
5293266.058360566	1611800.240612754
5391774.640387494	1598184.5990594502
5492116.483887789	1584315.5681000534
5594325.706169377	1570188.4321146056
5698437.0594691355	1555798.3877246517
5804485.942768984	1541140.5421600472
5912508.413831869	1526209.9115953685
6022541.201461928	1511001.419455342
6134621.717992506	1495509.8946887755
6248788.072006888	1479730.0700103277
6365079.081295578	1465895.6587034462
6483534.286054714	1454301.4808837452
6604193.962330305	1442491.5334419985
6727099.135712336	1430461.800868829
6852291.595284057	1418208.192925542
6979813.907830667	1405726.543253404
7109709.432312423	1393012.6079570437
7242022.334607315	1380062.0641614627
7376797.60252773	1366870.5085422352
7514081.061116962	1353433.4558283119
7653919.388230155	1339746.337276986
7796360.130405221	1325804.499120478
7941451.71902934	1311603.2009835874
8089243.486805938	1301307.7507469433
8239785.684528512	1290873.9752315972
8393129.498166373	1280246.0253785406
8549327.066268368	1269420.2875703115
8708431.497690724	1258393.080939405
8870496.889654402	1247160.6561167534
9035578.34613892	1235719.193956888
9203731.99661823	1224064.8042393932
9375015.01514529	1212193.5243461928
9549485.639791967	1200101.317914211
9727203.192450536	1187784.073462969
9908228.099003786	1175237.6029966362
10092621.909870483	1164331.6480208826
10280447.320933098	1155114.096222962
10471768.194855202	1145725.0042176608
10666649.582795387	1136161.1796125304
10865157.746525371	1126419.3706041567
11067360.180959744	1116496.264872509
11273325.63710487	1106388.4884547212
11483124.14543511	1096092.6045978991
11696827.039703846	1085605.1125905958
11914506.981197748	1074922.446572527
12136237.983442418	1064040.9743221416
12362095.437367693	1052956.9960216298
12592156.13694151	1041708.3221410345
12826498.3052806	1033565.5097865806
13065201.621247198	1025271.158308662
13308347.24654076	1016822.4475384048
13556017.853293689	1008216.5048231155
13808297.652180923	999450.4040495422
14065272.421052363	990521.1646489684
14327029.534098294	981425.7505837862
14593657.991557576	972161.069315211
14865248.449978571	962723.9707517878
15141893.25304352	953111.2461783205
15423686.462966273	943319.6271648785
15710723.892474487	933345.7844554938
16003103.137387017	924750.4394654823
16300923.609797413	917423.3890555387
16604286.571875297	909959.9809907246
16913295.17029647	902357.677631881
17228054.471313924	894613.894113952
17548671.49648152	886725.9974671023
17875255.259042352	878691.3057214828
18207916.800994623	870507.0869953267
18546769.230846975	862170.558566083
18891927.762076646	853678.8859242608
19243509.75230332	845029.1818096648
19601634.743191857	836218.5052296981
19966424.501097932	827343.003337047
20338003.0584698	820870.5872755062
20716496.75602067	814277.7184497399
21102034.285685964	807562.1552133092
21494746.734379806	800721.614202356
21894767.628566206	793753.7695592303
22302232.979659364	786656.2521416753
22717281.330269028	779426.6487172948
23140053.80130654	772062.5011430256
23570694.139967278	764561.3055293462
24009348.76860652	756920.5113889229
24456166.83452444	749137.5207694198
24911300.26067791	741209.6873701644
25374903.797335718	734436.5955268318
25847135.07469564	728612.8242308592
26328154.656480197	722680.6715601189
26818126.094530128	716638.120518785
27317215.98441379	710483.1165743949
27825594.022071257	704213.5669592898
28343433.061513092	697827.3399590462
28870909.173592344	691322.2641876735
29408201.705870606	684696.1278493179
29955493.34359816	677946.677986228
30512970.171828706	671071.6197127277
31080821.738690637	664068.6154349252
31659241.119835205	657066.5993861903
32248424.98408439	651922.2731413827
32848573.66030047	646682.2101098208
33459891.20549975	641344.6286136142
34082585.47423452	635907.7138175417
34716868.189265594	630369.6171119909
35362955.013550386	624728.4554844095
36021065.62357073	618982.3108790606
36691423.78402494	613129.2295448662
37374257.42391064	607167.2213711056
38069798.71402284	601094.25921076
38778284.14589453	594908.2781912596
39499954.61220647	588607.1750124039
40235055.48869293	583270.7287112344
40983836.717572615	578642.0566151392
41746552.89253134	573927.2441437396
42523463.34528677	569124.6882099935
43314832.23376403	564232.7558931364
44120928.631911896	559249.7838834716
44942026.62119142	554174.0779168244
45778405.38376616	549003.9121984763
46630349.29742726	543737.5288163751
47498148.03228505	538373.1371434256
48382096.649259575	532908.9132286601
49282495.700405136	527342.9991770705
50199651.33110079	521819.5901022144
51133875.38414321	517731.0038071476
52085485.50577665	513566.32822543185
53054805.25369574	509324.14732249634
54042164.20705915	505003.0187111247
55047898.078549676	500601.47316102975
56072348.82852027	496118.01409929816
57115864.78126434	491551.1171015399
58178800.74344935	486899.229373569
59261518.124755524	482160.7692234341
60364385.060758635	477334.12552362797
61487776.53810017	472417.65716328606
62632074.521986924	467409.6924901912
63797668.08606282	463205.62041916675
64984953.54469889	459526.9085116888
66194334.587743886	455779.7351496579
67426222.41778335	451962.8262537556
68681035.88995308	448074.8840338303
69959201.65435374	444114.5865476361
71261154.30111745	440080.5872513554
72587336.50817245	435971.51454176195
73938199.19175874	431785.9712898591
75314201.65974376	427522.53436584375
76715811.76779301	423179.7541552232
78143506.07844542	418756.15406593285
79597770.02314977	414399.4770488157
81079098.06731695	411150.0332200229
82587993.87844272	407840.1166886643
84124970.49736118	404468.60204745515
85690550.51268347	401034.3429450897
87285266.2384837	397536.1716964695
88909659.89529167	393972.8988856773
90564283.79445294	390343.3129615646
92249700.52592173	386646.1798258083
93966483.1495469	382880.2424133063
95715215.38991857	379044.22026476095
97496491.83484097	375136.8090913086
99310918.137498	371156.68033104937
101159111.22238298	367844.99743011437
103041699.49505854	364921.31839317933
104959323.05582266	361943.2291918849
106912633.91734771	358909.7172438147
108902296.22637327	355819.7511222207
110928986.48952228	352672.2802053283
112993393.80332193	349466.2343191117
115096220.0885031	346200.52337342384
117238180.32865997	342874.0369913566
119420002.8133535	339485.6441316975
121642429.3857368	336034.19270436565
123906215.6947913	332518.509178686
126212131.45225461	329082.339190552
128560960.69432965	326499.82667935046
130953502.04826704	323869.2531708855
133390569.00390588	321189.7242418208
135872990.19027063	318460.32882344833
138401609.65731302	315680.13889191643
140977287.16289675	312848.2091526928
143600898.46512634	309963.57671915245
146273335.620113	307025.260785187
148995507.28528506	304032.2622917186
151768339.02834037	300983.5635870094
154592773.64194784	297878.1280806513
157469771.46430898	294714.8998911114
160400310.70568198	292106.38349335984
163385387.78098568	289782.7699835278
166426017.64859018	287415.91363090044
169523234.15541214	285005.00967881596
172678090.38843593	282549.23839395354
175891659.03277326	280047.7647876162
179165032.73638958	277499.73833182425
182499324.48161504	274904.2926701275
185895667.9635688	272260.54532303597
189355217.9756299	269567.59738796565
192879150.80207777	266824.5332336031
196468664.61804405	264030.4201885791
200124979.8969035	261320.41235443164
203849339.82524642	259267.93368215588
207643010.7255779	257177.25803254757
211507282.48687947	255047.67455335957
215443469.00318778	252878.45916326254
219452908.62033114	250668.87430565033
223536964.59097964	248418.16869786388
227697025.53816846	246125.5770757455
231934505.92744273	243790.3199334419
236250846.547794	241411.60325836204
240647515.00154215	238988.61826120556
245126006.20333397	236520.54110096663
249687842.8884332	234006.53260481756
254334576.13046482	231952.01684889852
259067785.8688001	230105.2866350498
263889081.44575077	228224.18845768875
268800102.15376073	226308.08272316697
273802517.7927863	224356.31793488885
278898029.23804396	222368.23047179685
284088369.0183295	220343.14436273178
289375301.9050947	218280.37105659608
294760625.51248586	216179.20918823994
300246170.90855557	214038.94433998846
305833803.23784316	211858.84879873262
311525422.35554785	209638.1813084978
317322963.4734973	207500.96739410865
323228397.81813806	205869.70842802795
329243733.30077755	204208.0914550201
335371015.2002929	202515.55150741086
341612326.8585518	200791.51310338083
347969790.3887688	199035.39005129598
354445567.3970435	197246.585250397
361041859.71733445	195424.49048777745
367760910.160103	193568.48623158567
374605003.2748981	191677.94142037595
381576466.1271245	189752.21324854167
388677669.0892668	187790.6469477554
395911026.6468467	185792.57556433926
403278998.21937054	184174.49029514584
410784088.99656343	182706.73456040907
418428850.79015756	181211.66364170113
426215882.9015325	179688.76919880076
434147833.0055101	178137.53343118844
442227398.0505897	176557.42890198916
450457325.17594445	174947.91835863722
458840412.64547515	173308.45455020535
467379510.7992463	171638.48004133397
476077523.0226378	169937.42702269636
484937406.7335233	168204.71711793795
493962174.38783056	166439.76118702107
503154894.5038046	164754.32542419105
512518692.70533323	163457.8001488073
522056752.7846986	162137.14631743712
531772317.7850967	160791.9148935483
541668691.1033136	159421.6484839618
551749237.6129117	158025.88118333352
562017384.8083187	156604.1384157424
572476623.970219	155155.9367733284
583130511.3526218	153680.78385192924
593982669.3920338	152178.17808365673
605036787.9391212	150647.608566359
616296625.5132942	149088.55488990882
627766010.5806513	147500.48695925757
639448842.8556936	146226.17667815633
651349094.6272782	145059.57828097488
663470812.1092337	143871.26928911792
675818116.816111	142660.84566472468
688395206.964551	141427.8958507206
701206358.9007177	140172.00063088446
714255928.5543104	138892.73298730908
727548352.9196217	137589.6579552114
741088151.5641569	136262.33247504046
754879928.1653446	134910.3052418311
768928372.0758306	133533.11655175654
783238259.9179205	132130.29814582248
797814457.2076613	130801.16148937738
812661920.0091946	129770.63258028857
827785696.619849	128720.92535285099
843190929.286625	127651.68289529707
858882855.9546258	126562.54165366982
874866812.0479896	125453.13130821225
891148232.2840202	124323.07464745265
907732652.5210242	123171.98743995045
924625711.6405733	121999.4783036525
941833153.4647961	120805.14857281838
959360828.7093127	119588.59216247134
977214696.9725724	118349.39543032311
995400828.7621539	117087.1370361329
1013925407.5588143	116083.58807361271
1032794731.9189526	115156.30024433414
1052015217.6161569	114211.75543076936
1071593399.8226712	113249.63247750395
1091535935.3313932	112269.60425236731
1111849604.81927	111271.33753520345
1132541315.1528125	110254.49290457189
1153618101.736476	109218.72462234231
1175087130.9048076	108163.68051613806
1196955702.3590453	107089.00185959526
1219231251.6491096	105994.32325039146
1241921352.7017846	104879.27248600405
1265033720.3959012	103831.1096601809
1288576213.185518	103011.94698076646
1312556835.7718453	102177.53954450271
1336983741.8249452	101327.60364387084
1361865236.7560828	100461.85029150636
1387209780.541618	99579.98512194146
1413025990.5995336	98681.70829151613
1439322644.7194095	97766.71437642942
1466108684.0469828	96834.6922688915
1493393216.1242533	95885.3250713429
1521185517.9861019	94918.28998870766
1549495039.3146317	93933.25821863757
1578331405.6521199	92929.89483971742
1607704421.673822	92139.5763511264
1637624074.521689	91402.44530047334
1668100537.2000556	90651.59611554051
1699144172.0346258	89886.77349951444
1730765534.1957276	89107.71740446499
1762975375.2872038	88314.1629429258
1795784647.0020967	87505.84029782914
1829204504.8462899	86682.4746307665
1863246311.9315598	85843.78598853905
1897921642.8391032	84989.48920797186
1933242287.5550432	84119.2938189548
1969220255.4791734	83232.90394567899
2005867779.5082297	82406.29265046405
2043197320.1952705	81755.07778539929
2081221569.9863415	81091.74370088757
2119953457.536069	80416.064856193
2159406152.1035676	79727.8115132277
2199593068.0300703	79026.74965843957
2240527869.3000183	78312.6409232438
2282224474.1869006	77585.24250297617
2324697059.9856453	76844.30707433632
2367960067.833079	76089.58271129474
2412028207.618002	75320.81279943627
2456916462.98279	74537.73594870714
2502640096.4179215	73740.08590454074
2549214654.4514203	73117.66960602031
2596655972.934872	72531.62928905299
2644980182.4277143	71934.68266206878
2694203713.6818824	71326.62675678222
2744343303.2283683	70707.25482763394
2795415999.067865	70076.35628149437
2847439166.4672475	69433.71660606012
2900430493.8639855	68779.11729691706
2954407998.8803797	68112.33578324673
3009390034.449724	67433.14535215011
3065395295.056536	66741.31507156248
3122442823.0928583	66036.60971173421
3180552015.3329134	65384.67535731189
3239742629.5281954	64866.90023226737
3300034791.1252885	64339.48922404322
3361449000.108775	63802.26300721389
3424006137.9714255	63255.03891907724
3487727474.8141704	62697.630897546915
3552634676.5781393	62129.84941788948
3618749812.411284	61551.50142828421
3686095362.1721687	60962.39028418301
3754694224.0733366	60362.31568144945
3824569722.4669914	59751.07358825273
3895745615.775501	59128.456175695
3968246104.5694857	58494.25174714748
4042095839.796318	58004.025762504934
4117319931.1616793	57538.026835018885
4193943955.6671777	57063.35558819982
4271993966.306777	56579.850628709195
4351496500.925055	56087.347559651185
4432478591.24041	55585.67892467567
4514967772.036101	55074.674151041465
4598992090.5224285	54554.15949161941
4684580115.873045	54023.957965816706
4771760948.938751	53483.889299401846
4860564232.142149	52933.76986320911
4951020159.556351	52373.41261070284
5043159487.171348	51859.17995609683
5137013543.351338	51447.41741852836
5232614239.486667	51027.99191007188
5329994080.844104	50600.760821535274
5429186177.618942	50165.57888974517
5530224256.192888	49722.298148155656
5633142670.601352	49270.76787653818
5737976414.21414	48810.83454973533
5844761131.633649	48342.34178546029
5953533130.81437	47865.13029112533
6064329395.408049	47379.03780968043
6177187597.338489	46883.89906444418
6292146109.610351	46379.545702908275
6409244019.35647	45993.375653774165
6528521141.127848	45622.739443981896
6650018030.431105	45245.205631259436
6773775997.517745	44860.64585004249
6899837121.430025	44468.92934586196
7028244264.308367	44069.92293088571
7159041085.964888	43663.49093863353
7292272058.728297	43249.495177848694
7427982482.56491	42827.79488551171
7566218500.481063	42398.2466789795
7707027114.212319	41960.70450723354
7850456200.204509	41515.01960122107
7996554525.892329	41109.32263476601
8145371766.280737	40781.77246917761
8296958520.834915	40448.126539273
8451366330.684739	40108.271401841004
8608647696.149244	39762.0915024731
8768856094.587408	39409.46913627339
8932045998.58096	39050.284407837804
9098272894.455566	38684.41519048862
9267593301.146902	38311.737084749715
9440064789.417603	37932.1233760497
9615746001.432076	37545.44499163723
9794696670.695385	37151.570456695124
9976977642.36321	36750.365849637645
10162650893.929972	36446.08753300525
10351779556.301762	36151.19776838573
10544427935.261662	35850.82005506939
10740661533.334322	35544.85226139709
10940547072.057436	35233.19035502231
11144152514.667904	34915.72836753875
11351547089.20999	34592.35835845015
11562801312.07373	34262.970378469065
11777987011.97118	33927.45243213313
11997177354.358854	33585.69043972549
12220446866.314913	33237.568198486304
12447871461.879063	32882.96734310265
12679528467.864315	32562.799957782303
12915496650.148827	32302.133181390156
13155856240.457052	32036.615351935343
13400688963.639534	31766.156190494923
13650078065.460136	31490.66373803992
13904108340.900667	31210.04432416804
14162866162.991974	30924.202535254874
14426439512.181587	30633.04118201234
14694918006.248201	30336.461266443122
14968392930.772554	30034.36194818038
15246957270.1757	29726.640510200767
15530705739.334583	29413.192323899646
15819734815.786015	29093.91081351637
16114142772.530231	28854.063459903275
16414029711.444664	28619.326478674007
16719497597.31985	28380.221002282156
17030650292.528427	28136.665732289384
17347593592.339325	27888.57785727966
17670435260.889503	27635.873024702363
17999285067.824764	27378.465312191624
18334254825.62285	27116.26719835161
18675458427.61074	26849.18953299839
19023011886.689457	26577.141506848082
19377033374.77993	26300.030620640526
19737643263.002552	26017.76265368863
20104964162.604927	25764.977234941216
20479120966.650833	25557.417670430106
20860240892.485046	25345.995387105944
21248453524.988873	25130.63849911435
21643890860.6402	24911.27378279302
22046687352.394028	24687.82665177474
22456979955.397717	24460.221131627288
22874908173.55704	24228.379834021456
23300614106.96929	23992.223930417993
23734242500.23866	23751.67312526519
24175940791.69123	23506.645628697333
24625859163.505444	23257.0581287254
25084150592.775414	23002.825762910186
25550970903.525124	22813.65348870532
26026478819.690044	22626.671789466334
26510836019.085308	22436.210328988458
27004207188.377697	22242.204348322888
27506760079.080673	22044.587883345852
28018665564.59201	21843.293742329974
28540097698.292374	21638.253483098433
29071233772.725693	21429.39738975377
29612254379.880314	21216.6544489738
30163343472.591972	20999.952325866434
30724688427.090096	20779.21733937488
31296480106.707504	20554.37443722539
31878912926.77636	20354.65494666441
32472184920.731255	20189.249148484774
33076497807.442425	20020.765120256234
33692057059.802742	19849.145575593793
34319071974.590427	19674.332162003135
34957755743.632645	19496.265441040003
35608325526.29274	19314.884868100595
36271002523.30648	19130.128771835796
36946012051.993095	18941.93433318215
37633583622.865326	18750.2375640028
38333951017.6659	18554.973285330667
39047352368.85556	18356.07510520702
39774030240.58036	18153.47539610756
40514231711.14655	18004.14031167015
41268208457.02952	17855.055689003013
42036216838.44701	17703.1965761404
42818517986.52406	17548.511339347642
43615377892.080055	17390.947383977553
44427067496.06892	17230.451136587577
45253862781.70167	17066.968026724317
46096044868.284195	16900.44246836887
46953900106.80053	16730.817841037075
47827720177.27485	16558.036470527994
48717802187.94641	16382.039609313948
49624448776.28914	16202.767416565837
50547968211.912254	16044.819179793838
51488674501.37487	15912.856182017791
52446887494.95119	15778.43733039884
53422932995.38363	15641.516921079086
54417142868.658875	15502.048399644102
55429855156.84652	15359.984345293806
56461414193.036606	15215.276454718974
57512170718.41614	15067.87552567763
58582482001.525475	14917.73144026568
59672711959.7331	14764.793147876333
60783231282.972115	14609.008647842253
61914417559.77835	14450.324971754842
63066655405.67406	14288.68816545447
64240336593.94204	14170.650114604701
65435860188.83229	14051.6214533054
66653632681.24893	13930.37764836588
67894068126.96099	13806.877475586052
69157588287.38525	13681.0789435765
70444622772.99051	13552.939279480877
71755609189.36922	13422.414914432733
73090993286.02888	13289.461468741543
74451229107.95128	13154.033736803189
75836779149.97191	13016.085671729623
77248114514.03416	12875.570369692347
78685715069.36842	12732.440053974677
80150069615.6538	12607.350320521467
81641676049.21454	12501.900275112093
83161041532.30962	12394.487786414697
84708682665.57419	12285.076333025763
86285125663.66887	12173.628713872273
87890906534.19963	12060.107035562836
89526571259.96382	11944.47269950369
91192675984.59299	11826.686388774588
92889787201.64516	11706.708054760771
94618481947.21991	11584.496903535955
96379347996.15794	11460.011381991857
98172984061.88821	11333.209163709898
100000000000.0	11204.047134569528
