Frequency [GHz]	Zx imag [Ohm/m]	Zy imag [Ohm/m]
1.000000000000000166e-10	2.357783902690681815e+07	6.656506423117711395e+07
1.032794731918951654e-10	2.357779443286108598e+07	6.656499688730400056e+07
1.066664958279539403e-10	2.357774837636557966e+07	6.656492733490661532e+07
1.101645949633656381e-10	2.357770080945964903e+07	6.656485550155701488e+07
1.137774133221491146e-10	2.357765168260979280e+07	6.656478131245195866e+07
1.175087130904807540e-10	2.357760094465806335e+07	6.656470469033510238e+07
1.213623798344240958e-10	2.357754854276880622e+07	6.656462555541645736e+07
1.253424265461399975e-10	2.357749442237364128e+07	6.656454382528936863e+07
1.294529978227915867e-10	2.357743852711462602e+07	6.656445941484467685e+07
1.336983741824946476e-10	2.357738079878557473e+07	6.656437223618207872e+07
1.380829765218092491e-10	2.357732117727145180e+07	6.656428219851861894e+07
1.426113707194128486e-10	2.357725960048575327e+07	6.656418920809411258e+07
1.472882723907502473e-10	2.357719600430587679e+07	6.656409316807357222e+07
1.521185517986104510e-10	2.357713032250632718e+07	6.656399397844629735e+07
1.571072389247450498e-10	2.357706248668976873e+07	6.656389153592178971e+07
1.622595287078087593e-10	2.357699242621579766e+07	6.656378573382215202e+07
1.675807864530767868e-10	2.357692006812736019e+07	6.656367646197102219e+07
1.730765534195724819e-10	2.357684533707481250e+07	6.656356360657882690e+07
1.787525525904235329e-10	2.357676815523742884e+07	6.656344705012430251e+07
1.846146946324547531e-10	2.357668844224238023e+07	6.656332667123208940e+07
1.906690840512252406e-10	2.357660611508102715e+07	6.656320234454638511e+07
1.969220255479172543e-10	2.357652108802248910e+07	6.656307394060035795e+07
2.033800305846981002e-10	2.357643327252435684e+07	6.656294132568133622e+07
2.100498241653915480e-10	2.357634257714051381e+07	6.656280436169160157e+07
2.169383518385184289e-10	2.357624890742586181e+07	6.656266290600453317e+07
2.240527869300018610e-10	2.357615216583803669e+07	6.656251681131613255e+07
2.314005380130653023e-10	2.357605225163576752e+07	6.656236592549159378e+07
2.389892566231049743e-10	2.357594906077402085e+07	6.656221009140688926e+07
2.468268452255692806e-10	2.357584248579562828e+07	6.656204914678514004e+07
2.549214654451423314e-10	2.357573241571938992e+07	6.656188292402768135e+07
2.632815465648021228e-10	2.357561873592450842e+07	6.656171125003945082e+07
2.719157943036017723e-10	2.357550132803123072e+07	6.656153394604879618e+07
2.808331998823172083e-10	2.357538006977756321e+07	6.656135082742130011e+07
2.900430493863991314e-10	2.357525483489197865e+07	6.656116170346751064e+07
2.995549334359813486e-10	2.357512549296189472e+07	6.656096637724434584e+07
3.093787571730138678e-10	2.357499190929788724e+07	6.656076464535006881e+07
3.195247505759212065e-10	2.357485394479342550e+07	6.656055629771239311e+07
3.300034791125284578e-10	2.357471145578002930e+07	6.656034111736979336e+07
3.408258547423451742e-10	2.357456429387763515e+07	6.656011888024554402e+07
3.520031472796679687e-10	2.357441230584010854e+07	6.655988935491438210e+07
3.635469961293320139e-10	2.357425533339563012e+07	6.655965230236152560e+07
3.754694224073336536e-10	2.357409321308192238e+07	6.655940747573373467e+07
3.877828414589456106e-10	2.357392577607598156e+07	6.655915462008232623e+07
4.005000757873611052e-10	2.357375284801831841e+07	6.655889347209760547e+07
4.136343684063274911e-10	2.357357424883136898e+07	6.655862375983474404e+07
4.271993966306778827e-10	2.357338979253195599e+07	6.655834520243053138e+07
4.412092863191189219e-10	2.357319928703765944e+07	6.655805750981090963e+07
4.556786265841064474e-10	2.357300253396674246e+07	6.655776038238896430e+07
4.706224849841281415e-10	2.357279932843161374e+07	6.655745351075285673e+07
4.860564232142136024e-10	2.357258945882543921e+07	6.655713657534372807e+07
5.019965133110081441e-10	2.357237270660178363e+07	6.655680924612280726e+07
5.184593543892912175e-10	2.357214884604706615e+07	6.655647118222783506e+07
5.354620899273606527e-10	2.357191764404546842e+07	6.655612203161806613e+07
5.530224256192902378e-10	2.357167885983620957e+07	6.655576143070764840e+07
5.711586478126431938e-10	2.357143224476281926e+07	6.655538900398704410e+07
5.898896425508497150e-10	2.357117754201421142e+07	6.655500436363197118e+07
6.092349152400710261e-10	2.357091448635724559e+07	6.655460710909957439e+07
6.292146109610343618e-10	2.357064280386053026e+07	6.655419682671128213e+07
6.498495354469890483e-10	2.357036221160916239e+07	6.655377308922205865e+07
6.711611767496282870e-10	2.357007241741013899e+07	6.655333545537546277e+07
6.931717276155404727e-10	2.356977311948804185e+07	6.655288346944419295e+07
7.159041085964887260e-10	2.356946400617082790e+07	6.655241666075548530e+07
7.393819919175865964e-10	2.356914475556524470e+07	6.655193454320096225e+07
7.636298261282244400e-10	2.356881503522163630e+07	6.655143661473049968e+07
7.886728615614152294e-10	2.356847450178775191e+07	6.655092235682931542e+07
8.145371766280743462e-10	2.356812280065118894e+07	6.655039123397813737e+07
8.412497049736117954e-10	2.356775956557014212e+07	6.654984269309543073e+07
8.688382635251186617e-10	2.356738441829198226e+07	6.654927616296153516e+07
8.973315814583522479e-10	2.356699696815941110e+07	6.654869105362376571e+07
9.267593301146878953e-10	2.356659681170361117e+07	6.654808675578213483e+07
9.571521538991863169e-10	2.356618353222411498e+07	6.654746264015477896e+07
9.885417021919573871e-10	2.356575669935487956e+07	6.654681805682273954e+07
1.020960662306046580e-09	2.356535110385487229e+07	6.654616087798596919e+07
1.054442793526168950e-09	2.356495210023650154e+07	6.654548697063704580e+07
1.089022962263730067e-09	2.356454001140143350e+07	6.654479096267727762e+07
1.124737178364752061e-09	2.356411440822349116e+07	6.654407212932305783e+07
1.161622632608501755e-09	2.356367484750342369e+07	6.654332972202168405e+07
1.199717735435884489e-09	2.356322087150738016e+07	6.654256296767190099e+07
1.239062156947916503e-09	2.356275200749025121e+07	6.654177106781876087e+07
1.279696868215940940e-09	2.356226776720337197e+07	6.654095319782222807e+07
1.321664183946605026e-09	2.356176764638609812e+07	6.654010850599841774e+07
1.365007806546013663e-09	2.356125112424069643e+07	6.653923611273269355e+07
1.409772871628966933e-09	2.356071766289000958e+07	6.653833510956368595e+07
1.456005995020649598e-09	2.356016670681733266e+07	6.653740455823729187e+07
1.503755321299737753e-09	2.355959768228795752e+07	6.653644348972962052e+07
1.553070573933460069e-09	2.355900999675168097e+07	6.653545090323787928e+07
1.604003107056820079e-09	2.355840303822579235e+07	6.653442576513823867e+07
1.656605958949914401e-09	2.355777617465776205e+07	6.653336700790943205e+07
1.710933907269014249e-09	2.355712875326706469e+07	6.653227352902114391e+07
1.767043526088946692e-09	2.355646009986542538e+07	6.653114418978585303e+07
1.824993244816152494e-09	2.355576951815473288e+07	6.652997781417309493e+07
1.884843409033795523e-09	2.355505628900196776e+07	6.652877318758480996e+07
1.946656343342262358e-09	2.355431966969034076e+07	6.652752905559049547e+07
2.010496416260498236e-09	2.355355889314586297e+07	6.652624412262095511e+07
2.076430107255774870e-09	2.355277316713856161e+07	6.652491705061913282e+07
2.144526075971667793e-09	2.355196167345748469e+07	6.652354645764678717e+07
2.214855233726359314e-09	2.355112356705868244e+07	6.652213091644533724e+07
2.287490817355702788e-09	2.355025797518521547e+07	6.652066895294967294e+07
2.362508465477946229e-09	2.354936399645830691e+07	6.651915904475308210e+07
2.439986297259550245e-09	2.354844069993870705e+07	6.651759961952196807e+07
2.520004993764092080e-09	2.354748712415726483e+07	6.651598905335845798e+07
2.602647881969005809e-09	2.354650227611370385e+07	6.651432566910936683e+07
2.688001021537606561e-09	2.354548513024257869e+07	6.651260773461975157e+07
2.776153294436799262e-09	2.354443462734528258e+07	6.651083346092909575e+07
2.867196497493770032e-09	2.354334967348708957e+07	6.650900100040841103e+07
2.961225437988034610e-09	2.354222913885797933e+07	6.650710844483619183e+07
3.058338032378433485e-09	2.354107185659609362e+07	6.650515382341133058e+07
3.158635408267817403e-09	2.353987662157268077e+07	6.650313510070085526e+07
3.262222009711669644e-09	2.353864218913709000e+07	6.650105017452025414e+07
3.369205705980266915e-09	2.353736727382070199e+07	6.649889687374450266e+07
3.479697903887691433e-09	2.353605054799829796e+07	6.649667295604707301e+07
3.593813663804627762e-09	2.353469064050553739e+07	6.649437610556493700e+07
3.711671819475765297e-09	2.353328613521111384e+07	6.649200393048697710e+07
3.833395101766601886e-09	2.353183556954208016e+07	6.648955396056328714e+07
3.959110266468459240e-09	2.353033743296080083e+07	6.648702364453272521e+07
4.088948226294862618e-09	2.352879016539196298e+07	6.648441034746627510e+07
4.223044187206674123e-09	2.352719215559799597e+07	6.648171134802310914e+07
4.361537789208003199e-09	2.352554173950123042e+07	6.647892383561675251e+07
4.504573251759458750e-09	2.352383719845101982e+07	6.647604490748831630e+07
4.652299523960189308e-09	2.352207675743402168e+07	6.647307156568367779e+07
4.804870439655131104e-09	2.352025858322581276e+07	6.647000071393166482e+07
4.962444877628916452e-09	2.351838078248186409e+07	6.646682915441967547e+07
5.125186927053329472e-09	2.351644139976591989e+07	6.646355358446373045e+07
5.293266058360561204e-09	2.351443841551371664e+07	6.646017059306919575e+07
5.466857299720180771e-09	2.351236974392992631e+07	6.645667665737880021e+07
5.646141419303669251e-09	2.351023323081611469e+07	6.645306813900408894e+07
5.831305113526221869e-09	2.350802665132749453e+07	6.644934128023664653e+07
6.022541201461928965e-09	2.350574770765608922e+07	6.644549220013504475e+07
6.220048825634711276e-09	2.350339402663791925e+07	6.644151689048336446e+07
6.424033659394191079e-09	2.350096315728173777e+07	6.643741121161736548e+07
6.634708121092347870e-09	2.349845256821669266e+07	6.643317088811361045e+07
6.852291595284060743e-09	2.349585964505629614e+07	6.642879150433729589e+07
7.077010661181889919e-09	2.349318168767597154e+07	6.642426849984407425e+07
7.309099328602911004e-09	2.349041590740126371e+07	6.641959716463102400e+07
7.548799281653435948e-09	2.348755942410390452e+07	6.641477263423196226e+07
7.796360130405233414e-09	2.348460926320257783e+07	6.640978988465181738e+07
8.052039670825474778e-09	2.348156235256537050e+07	6.640464372713498026e+07
8.316104153230961616e-09	2.347841551931063831e+07	6.639932880276197195e+07
8.588828559546249041e-09	2.347516548650292307e+07	6.639383957686897367e+07
8.870496889654407999e-09	2.347180886974054947e+07	6.638817033328437060e+07
9.161402457138517586e-09	2.346834217363130301e+07	6.638231516837623715e+07
9.461848194721997291e-09	2.346476178815250844e+07	6.637626798490459472e+07
9.772146969725725887e-09	2.346106398489176482e+07	6.637002248567213118e+07
1.009262190987047331e-08	2.345733666335283965e+07	6.636360811789549887e+07
1.042360673976401127e-08	2.345372021592125669e+07	6.635707473353037238e+07
1.076544612842315905e-08	2.344998516806565970e+07	6.635032708857647330e+07
1.111849604819270880e-08	2.344612763031693175e+07	6.634335815641521662e+07
1.148312414543511117e-08	2.344214358565186709e+07	6.633616067999197543e+07
1.185971012337669343e-08	2.343802888531005383e+07	6.632872716425894201e+07
1.224864613750930795e-08	2.343377924447361007e+07	6.632104986837022752e+07
1.265033720395903769e-08	2.342941014164764062e+07	6.631313113511259109e+07
1.306520162124721228e-08	2.342501238166183978e+07	6.630501224282176793e+07
1.349367140588306343e-08	2.342047039831625670e+07	6.629662709363479912e+07
1.393619274224142065e-08	2.341577946184447780e+07	6.628796695572812855e+07
1.439322644719406651e-08	2.341093468736865744e+07	6.627902281092042476e+07
1.486524844997857277e-08	2.340593102981269360e+07	6.626978534528151900e+07
1.535275028780422776e-08	2.340076327864857391e+07	6.626024493943337351e+07
1.585623961771137302e-08	2.339542857719764486e+07	6.625039311404132843e+07
1.637624074521687477e-08	2.339009597215851396e+07	6.624032026820627600e+07
1.691329517029648562e-08	2.338458848576669767e+07	6.622991708609238267e+07
1.746796215127245689e-08	2.337890038283511251e+07	6.621917273440997303e+07
1.804081928719382751e-08	2.337302574009276181e+07	6.620807602459448576e+07
1.863246311931559514e-08	2.336695844001655281e+07	6.619661540115542710e+07
1.924350975230330612e-08	2.336069216446087137e+07	6.618477892964305729e+07
1.987459549580983990e-08	2.335422038807821274e+07	6.617255428422056884e+07
2.052637752709252173e-08	2.334774573117785901e+07	6.616006265131818503e+07
2.119953457536071000e-08	2.334108814518485963e+07	6.614718016786216199e+07
2.189476762856620985e-08	2.333421222544400021e+07	6.613387520681475848e+07
2.261280066337277307e-08	2.332711081175854057e+07	6.612013391313661635e+07
2.335438139906479724e-08	2.331977650911501423e+07	6.610594197741606832e+07
2.412028207618007283e-08	2.331220167998249084e+07	6.609128462096817046e+07
2.491130026067788373e-08	2.330437843635922670e+07	6.607614658044490963e+07
2.572825967447932303e-08	2.329653240952258930e+07	6.606067801999949664e+07
2.657201105324503850e-08	2.328851131196169928e+07	6.604476054187307507e+07
2.744343303228365032e-08	2.328022716465660930e+07	6.602832105431866646e+07
2.834343306151309448e-08	2.327167134096146375e+07	6.601134243817702681e+07
2.927294835042816131e-08	2.326283493132189661e+07	6.599380701287066191e+07
3.023294684405776334e-08	2.325370873399707302e+07	6.597569651799229532e+07
3.122442823092858392e-08	2.324428324547754228e+07	6.595699209428946674e+07
3.224842498408442807e-08	2.323479984183654934e+07	6.593787199193916470e+07
3.330600343624588813e-08	2.322517061014658213e+07	6.591825487232085317e+07
3.439826489022924478e-08	2.321522559038475528e+07	6.589799441452364624e+07
3.552634676578139226e-08	2.320495442636591569e+07	6.587706952044440806e+07
3.669142378402493899e-08	2.319434642227657884e+07	6.585545840007342398e+07
3.789470919074667737e-08	2.318339053153693303e+07	6.583313854880339652e+07
3.913745601980383687e-08	2.317207534529755265e+07	6.581008672399450094e+07
4.042095839796305955e-08	2.316064423042728752e+07	6.578650151032126695e+07
4.174655289253134782e-08	2.314912896616587788e+07	6.576239645593466610e+07
4.311561990318228626e-08	2.313723606190004200e+07	6.573750088275154680e+07
4.452958509942655287e-08	2.312495313302706927e+07	6.571178886591992527e+07
4.598992090522439315e-08	2.311226738879452646e+07	6.568523363038922101e+07
4.749814803228499868e-08	2.309916561898068711e+07	6.565780752302823961e+07
4.905583706365045989e-08	2.308563418013814092e+07	6.562948198382877558e+07
5.066461008921269181e-08	2.307189544139755517e+07	6.560045588473848999e+07
5.232614239486661694e-08	2.305818165044483170e+07	6.557093711718531698e+07
5.404216420705915059e-08	2.304401811939422041e+07	6.554045028956367075e+07
5.581446249454960394e-08	2.302939009913977608e+07	6.550896365460310876e+07
5.764488282925879445e-08	2.301428235688258335e+07	6.547644442388997972e+07
5.953533130814369715e-08	2.299867916026816145e+07	6.544285873372340202e+07
6.148777653810024108e-08	2.298256426100369915e+07	6.540817160985150188e+07
6.350425168595962148e-08	2.296610320720079541e+07	6.537254161976901442e+07
6.558685659571428548e-08	2.294984351619449258e+07	6.533653459558763355e+07
6.773775997517751128e-08	2.293305059298055619e+07	6.529934673070101440e+07
6.995920165435375620e-08	2.291570695035167783e+07	6.526093929975481331e+07
7.225349491787214948e-08	2.289779452761229500e+07	6.522127230740703642e+07
7.462302891391107044e-08	2.287929467177115008e+07	6.518030444667918980e+07
7.707027114212294845e-08	2.286018811811715737e+07	6.513799305594146252e+07
7.959777002314985573e-08	2.284053038763829321e+07	6.509438294398462772e+07
8.220815755240541849e-08	2.282134362775090709e+07	6.505065728456169367e+07
8.490415204088747078e-08	2.280152764321662113e+07	6.500549765385998785e+07
8.768856094587425811e-08	2.278106179878182337e+07	6.495885702517587692e+07
9.056428379445295063e-08	2.275992478246529400e+07	6.491068682957754284e+07
9.353431520292386860e-08	2.273809458336509392e+07	6.486093690532807261e+07
9.660174799522647250e-08	2.271554846873766556e+07	6.480955544564985484e+07
9.976977642363202159e-08	2.269226296032521874e+07	6.475648894477587193e+07
1.030416994950587396e-07	2.266962989870357141e+07	6.470351947556117177e+07
1.064209244064724761e-07	2.264636528943904117e+07	6.464895651359479874e+07
1.099109700929497372e-07	2.262233772355047986e+07	6.459260417391803861e+07
1.135154708920999096e-07	2.259752218007994071e+07	6.453440377436856925e+07
1.172381803286598596e-07	2.257189281751386076e+07	6.447429470831830055e+07
1.210829750232039531e-07	2.254542294687317312e+07	6.441221438156101108e+07
1.250538587290391570e-07	2.251808500392089039e+07	6.434809814713027328e+07
1.291549665014884007e-07	2.249138722552992776e+07	6.428406841564045101e+07
1.333905690039058854e-07	2.246422190181384608e+07	6.421852008143609017e+07
1.377650769549053468e-07	2.243616569858900830e+07	6.415082210718374699e+07
1.422830457214352017e-07	2.240718939970074221e+07	6.408090399601435661e+07
1.469491800624817218e-07	2.237726283085843548e+07	6.400869293913287669e+07
1.517683390283405561e-07	2.234635482821369171e+07	6.393411373999939114e+07
1.567455410205594968e-07	2.231443320590806007e+07	6.385708873602358997e+07
1.618859690178197646e-07	2.228307259321046993e+07	6.378004440288928896e+07
1.671949759731990056e-07	2.225153603946202621e+07	6.370180251091822982e+07
1.726780903884356132e-07	2.221896525288775191e+07	6.362099469707515836e+07
1.783410220710008120e-07	2.218532631609939039e+07	6.353753681264013797e+07
1.841896680799711039e-07	2.215058419939701259e+07	6.345134194925854355e+07
1.902301188668944219e-07	2.211470272429108620e+07	6.336232034843956679e+07
1.964686646180446931e-07	2.207764452582820132e+07	6.327037930808673054e+07
2.029118018046678038e-07	2.204097026057089493e+07	6.317814082704798877e+07
2.095662399480432992e-07	2.200458494525072351e+07	6.308541234043021500e+07
2.164389086064020114e-07	2.196700638326884061e+07	6.298964284795257449e+07
2.235369645909794139e-07	2.192819544242086262e+07	6.289073262064311653e+07
2.308677994187169850e-07	2.188811170717225224e+07	6.278857865894499421e+07
2.384390470093720426e-07	2.184671343657185510e+07	6.268307458545852453e+07
2.462585916350547006e-07	2.180395752078520879e+07	6.257411053416571766e+07
2.543345761304648365e-07	2.176127136303079128e+07	6.246428736155104637e+07
2.626754103723835758e-07	2.171956765567070991e+07	6.235525573635156453e+07
2.712897800372467241e-07	2.167649628640772030e+07	6.224264844823297858e+07
2.801866556459195443e-07	2.163201240313637629e+07	6.212634823428842425e+07
2.893753019050950594e-07	2.158606968283843249e+07	6.200623398600543290e+07
2.988652873550382326e-07	2.153862028334469348e+07	6.188218062315036356e+07
3.086664943337274455e-07	2.148961479351483658e+07	6.175405896351681650e+07
3.187891292677645596e-07	2.144017994561165944e+07	6.162408034119744599e+07
3.292437333007768907e-07	2.139271473377291486e+07	6.149698793104248494e+07
3.400411932703706463e-07	2.134369291303644329e+07	6.136572755936755985e+07
3.511927530450727317e-07	2.129306343483074382e+07	6.123016253899196535e+07
3.627100252330649086e-07	2.124077357646008581e+07	6.109015170011557639e+07
3.746050032748993774e-07	2.118676888620208576e+07	6.094554924331247807e+07
3.868900739327976195e-07	2.113099312660470977e+07	6.079620458770371228e+07
3.995780301895269929e-07	2.107404743345871568e+07	6.064337104593691975e+07
4.126820845702951630e-07	2.102042643032305688e+07	6.049662178017406166e+07
4.262158829015325345e-07	2.096504694076433033e+07	6.034505991158120334e+07
4.401935185208874400e-07	2.090785129569172114e+07	6.018852761213870347e+07
4.546295469532399562e-07	2.084877993477202579e+07	6.002686187789932638e+07
4.695390010680058238e-07	2.078777134440688044e+07	5.985989435924510658e+07
4.849374067335232931e-07	2.072476199367595837e+07	5.968745118557743728e+07
5.008407989848212921e-07	2.065968626817942411e+07	5.950935278425807506e+07
5.172657387216018967e-07	2.059943936156648025e+07	5.934128912792812288e+07
5.342293299538352136e-07	2.053737162110786512e+07	5.916806714636007696e+07
5.517492376129122323e-07	2.047326838574009016e+07	5.898916439634402841e+07
5.698437059469141914e-07	2.040706290195329115e+07	5.880439457860164344e+07
5.885315775191450570e-07	2.033868622707414255e+07	5.861356528421968222e+07
6.078323128297229089e-07	2.026806715747282282e+07	5.841647779428618401e+07
6.277660105806500796e-07	2.019513215441555902e+07	5.821292687295573950e+07
6.483534286054720147e-07	2.012701801049855351e+07	5.802012865679320693e+07
6.696160054853222944e-07	2.005803666174742207e+07	5.782430973361733556e+07
6.915758828738524922e-07	1.998679308815658465e+07	5.762206898135125637e+07
7.142559285543126448e-07	1.991321310066889226e+07	5.741319579783152789e+07
7.376797602527731619e-07	1.983722007721693814e+07	5.719747267425321788e+07
7.618717702322991504e-07	1.975873488293316960e+07	5.697467496866842359e+07
7.868571506936852863e-07	1.967767578774325177e+07	5.674457067205682397e+07
8.126619200091945450e-07	1.960116591020324454e+07	5.652524853518225253e+07
8.393129498166364485e-07	1.952518034385944530e+07	5.630644764656173438e+07
8.668379930019773693e-07	1.944670285123768821e+07	5.608047124145527929e+07
8.952657125996391396e-07	1.936565171028373018e+07	5.584708400072333962e+07
9.246257116405743783e-07	1.928194251889045909e+07	5.560604288799829036e+07
9.549485639791965964e-07	1.919548810700629279e+07	5.535709689659999311e+07
9.862658461312820294e-07	1.910619844586117938e+07	5.509998678815147281e+07
1.018610170155975315e-06	1.902084673307687044e+07	5.485268900455159694e+07
1.052015217616159169e-06	1.893792929472259805e+07	5.461118676413255185e+07
1.086515774652537176e-06	1.885229260120609775e+07	5.436176452248115838e+07
1.122147768207980340e-06	1.876384747528329119e+07	5.410416254528016597e+07
1.158948303439811928e-06	1.867250181516630948e+07	5.383811258029507101e+07
1.196955702359042833e-06	1.857816049861383438e+07	5.356333757803125679e+07
1.236209543736769070e-06	1.848072528387613595e+07	5.327955140323016793e+07
1.276750704319264407e-06	1.838620006689454988e+07	5.300328737494872510e+07
1.318621401394748678e-06	1.829661051224002242e+07	5.274011267931927741e+07
1.361865236756082925e-06	1.820408289215786383e+07	5.246830724009882659e+07
1.406527242105236574e-06	1.810852085358001292e+07	5.218758801436503977e+07
1.452653925946781372e-06	1.800982488356537372e+07	5.189766267687879503e+07
1.500293322019216825e-06	1.790789220567262173e+07	5.159822931567320228e+07
1.549495039314631713e-06	1.780261667293459922e+07	5.128897611765926331e+07
1.600310313738701654e-06	1.769873477479813993e+07	5.098333995234946907e+07
1.652792061464893799e-06	1.760293782114320248e+07	5.070030738570471108e+07
1.706994934038407828e-06	1.750399923207449168e+07	5.040799284191249311e+07
1.762975375287203917e-06	1.740181597850084305e+07	5.010609192102061957e+07
1.820791680099462520e-06	1.729628165251962841e+07	4.979429024036199600e+07
1.880504055128583443e-06	1.718728635660962015e+07	4.947226310717428476e+07
1.942174681489024486e-06	1.707471658918981627e+07	4.913967518048307300e+07
2.005867779508234000e-06	1.696147768252763897e+07	4.880495899273408949e+07
2.071649675602067297e-06	1.686015127985231206e+07	4.850465127019097656e+07
2.139588871343421664e-06	1.675550190496492945e+07	4.819449503639384359e+07
2.209756114795903333e-06	1.664742058188263327e+07	4.787416731205635518e+07
2.282224474186896537e-06	1.653579476078441180e+07	4.754333452587302029e+07
2.357069413996727979e-06	1.642050820080803335e+07	4.720165216715680063e+07
2.434368873543112862e-06	1.630144084900337271e+07	4.684876442708502710e+07
2.514203348142796913e-06	1.617905977057803608e+07	4.648604889128519595e+07
2.596655972934872394e-06	1.607308879939651117e+07	4.617173781105712801e+07
2.681812609453013329e-06	1.596364253862390481e+07	4.584711898321384937e+07
2.769761935036891063e-06	1.585060701706971973e+07	4.551185436793558300e+07
2.860595535175745131e-06	1.573386452588884905e+07	4.516559483947735280e+07
2.954407998880380251e-06	1.561329349600615725e+07	4.480797982260897011e+07
3.051297017182871440e-06	1.548876837152126059e+07	4.443863691713218391e+07
3.151363484866476280e-06	1.536015947896171920e+07	4.405718151008413732e+07
3.254711605531848180e-06	1.524815806904260814e+07	4.372535710433685035e+07
3.361449000108768764e-06	1.513502318431384303e+07	4.339022852213998884e+07
3.471686818926559579e-06	1.501817807136972435e+07	4.304410948793161660e+07
3.585539857459816780e-06	1.489750105427055620e+07	4.268663957278431952e+07
3.703126675869923221e-06	1.477286646674684808e+07	4.231744652760069072e+07
3.824569722466998750e-06	1.464414452133746445e+07	4.193614589547390491e+07
3.949995461220647668e-06	1.451120117423629388e+07	4.154234061133599281e+07
4.079534503452449404e-06	1.439321566210270487e+07	4.119358431848514080e+07
4.213321743847289341e-06	1.427765772557307780e+07	4.085228478112795204e+07
4.351496500925044872e-06	1.415831009749386460e+07	4.049979241693910211e+07
4.494202662119142613e-06	1.403504849594661966e+07	4.013574016016317159e+07
4.641588833612781958e-06	1.390774456322073378e+07	3.975974890722178668e+07
4.793808495089106764e-06	1.377626573214888386e+07	3.937142712193635106e+07
4.951020159556351225e-06	1.364047508805900440e+07	3.897037042780414969e+07
5.113387538414320594e-06	1.351732308516988903e+07	3.860751430410303175e+07
5.281079711934330620e-06	1.340071387350277416e+07	3.826455100052840263e+07
5.454271305329836335e-06	1.328028049399975687e+07	3.791034030735500902e+07
5.633142670601352205e-06	1.315589753410185128e+07	3.754451336945618689e+07
5.817880074344935696e-06	1.302743546837880090e+07	3.716668923520021886e+07
6.008675891719681185e-06	1.289476052364861593e+07	3.677647445974884927e+07
6.205728806776500758e-06	1.275773453967363574e+07	3.637346269534569979e+07
6.409244019356456972e-06	1.263040076808192767e+07	3.599976927295313030e+07
6.619433458774388568e-06	1.251415585539570451e+07	3.565959032312645763e+07
6.836516004510238809e-06	1.239409872196098603e+07	3.530825529583573341e+07
7.060717714137765353e-06	1.227010434702032991e+07	3.494539833051128685e+07
7.292272058728313350e-06	1.214204360979402252e+07	3.457064156828407943e+07
7.531420165974376510e-06	1.200978315502103791e+07	3.418359475850482285e+07
7.778411071286482598e-06	1.187318525409030542e+07	3.378385485235878825e+07
8.033501977124735881e-06	1.174279699536912516e+07	3.340291068954184651e+07
8.296958520834915102e-06	1.162830746039176919e+07	3.306969043668022752e+07
8.569055051268345481e-06	1.151006327180731110e+07	3.272554231495606899e+07
8.850074914473438512e-06	1.138794129675724544e+07	3.237010794783952460e+07
9.140310748756224233e-06	1.126181436427400447e+07	3.200301720593863726e+07
9.440064789417603028e-06	1.113155113285221159e+07	3.162388782156716287e+07
9.749649183484097127e-06	1.099701595367704146e+07	3.123232499067262560e+07
1.006938631476026946e-05	1.086480704442172684e+07	3.084790809429581091e+07
1.039960913954120295e-05	1.075337202121877298e+07	3.052536435395664349e+07
1.074066153333432437e-05	1.063828251630350202e+07	3.019224287812093273e+07
1.109289864895222712e-05	1.051941868192784302e+07	2.984819677278872952e+07
1.145668728634872662e-05	1.039665673996897601e+07	2.949286776766439155e+07
1.183240627458378028e-05	1.026986885303372703e+07	2.912588584307399765e+07
1.222044686631488820e-05	1.013892299133585580e+07	2.874686884464753792e+07
1.262121314522546164e-05	1.000618776529437862e+07	2.836279917663953081e+07
1.303512244681508904e-05	9.898954874851586297e+06	2.805405751389668882e+07
1.346260579298911035e-05	9.788205310513829812e+06	2.773519075109197944e+07
1.390410834090069648e-05	9.673823743903480470e+06	2.740586683828324825e+07
1.436008984651260800e-05	9.555691064479669556e+06	2.706574283603943139e+07
1.483102514336102853e-05	9.433684255503294989e+06	2.671446455832285061e+07
1.531740463702079875e-05	9.307676265934245661e+06	2.635166620365957916e+07
1.581973481578601704e-05	9.177535878127630800e+06	2.597696997421449423e+07
1.633853877809860416e-05	9.073636264454420656e+06	2.567916441320435330e+07
1.687435677727375848e-05	8.968208302973613143e+06	2.537708486334646121e+07
1.742774678408917511e-05	8.859322859759287909e+06	2.506509869563281164e+07
1.799928506782476860e-05	8.746866547624865547e+06	2.474288102518654615e+07
1.858956679635688644e-05	8.630722260881401598e+06	2.441009631261844933e+07
1.919920665593282809e-05	8.510769053390277550e+06	2.406639801461498067e+07
1.982883949127071257e-05	8.386882012616651133e+06	2.371142822306745499e+07
2.047912096665083489e-05	8.284636750429154374e+06	2.341941034651793912e+07
2.115072824868794552e-05	8.185279922028480098e+06	2.313592834404779598e+07
2.184436071149428344e-05	8.082664713076087646e+06	2.284314962530279532e+07
2.256074066496859061e-05	7.976684265855302103e+06	2.254076930696499720e+07
2.330061410696924993e-05	7.867228218279251829e+06	2.222847250714972243e+07
2.406475150015422205e-05	7.754182588966044597e+06	2.190593401750538126e+07
2.485394857429798490e-05	7.637429658544895239e+06	2.157281796455958858e+07
2.566902715491951889e-05	7.537604154924638569e+06	2.128861097332441434e+07
2.651083601908536550e-05	7.444827298476098105e+06	2.102483952036852017e+07
2.738025177927857720e-05	7.349007849892038852e+06	2.075241775332505256e+07
2.827817979625344298e-05	7.250046028179042973e+06	2.047106198746250570e+07
2.920555512182745176e-05	7.147838780052766204e+06	2.018047923468466103e+07
3.016334347259197422e-05	7.042279672624005936e+06	1.988036689842917770e+07
3.115254223555484670e-05	6.933258782565523870e+06	1.957041245856064931e+07
3.217418150676372115e-05	6.836533460852080956e+06	1.929577785701154545e+07
3.322932516398975161e-05	6.750614499145429581e+06	1.905219781702597067e+07
3.431907197459042598e-05	6.661877848122860305e+06	1.880062963492828235e+07
3.544455673970434785e-05	6.570231102418614551e+06	1.854081134173933789e+07
3.660695147596898513e-05	6.475578826257757843e+06	1.827247237727764249e+07
3.780746663599348950e-05	6.377822454074682668e+06	1.799533330841300264e+07
3.904735236885563870e-05	6.276860187872492708e+06	1.770910553808067739e+07
4.032789982193704951e-05	6.183811341028849594e+06	1.744550311566043273e+07
4.165044248545185317e-05	6.104821657883810811e+06	1.722205553909725323e+07
4.301635758106790800e-05	6.023241529255673289e+06	1.699128005916275829e+07
4.442706749606882658e-05	5.938986002179256640e+06	1.675293635923032463e+07
4.588404126454761567e-05	5.851967337679678574e+06	1.650677624155403860e+07
4.738879609717651733e-05	5.762094919405897148e+06	1.625254336880943738e+07
4.894289896114532395e-05	5.669275159267914481e+06	1.598997299715817347e+07
5.054796821191235987e-05	5.580362827586501837e+06	1.573854005649334751e+07
5.220567527846975100e-05	5.508201065996009856e+06	1.553473191806323826e+07
5.391774640387505993e-05	5.433672778779358603e+06	1.532423994637041166e+07
5.568596444286408510e-05	5.356700356363062747e+06	1.510684494689484127e+07
5.751217071841613668e-05	5.277203643988466822e+06	1.488232053669093363e+07
5.939826693920350535e-05	5.195099858243114315e+06	1.465043290864514560e+07
6.134621717992506365e-05	5.110303500854706392e+06	1.441094058800225705e+07
6.335804992658254750e-05	5.025867185617697425e+06	1.417249067199206911e+07
6.543586018883229940e-05	4.960297185397353955e+06	1.398750201609774865e+07
6.758181168161109969e-05	4.892576834597855806e+06	1.379644670682531409e+07
6.979813907830652742e-05	4.822635613048434258e+06	1.359912578990360908e+07
7.208715033782136410e-05	4.750400687888211571e+06	1.339533378640944324e+07
7.445122910795143767e-05	4.675796837722172961e+06	1.318485847879346088e+07
7.689283720758306707e-05	4.598746374289821833e+06	1.296748068988866732e+07
7.941451719029339520e-05	4.519169061564971693e+06	1.274297405467159115e+07
8.201889499202211654e-05	4.459696610947201028e+06	1.257530303647377901e+07
8.470868266557401581e-05	4.398439842587480322e+06	1.240260264291121066e+07
8.748668120479914808e-05	4.335174174931176938e+06	1.222423858623945154e+07
9.035578346138921401e-05	4.269833726664415561e+06	1.204002512814517505e+07
9.331897715733240167e-05	4.202350455913278274e+06	1.184977043907682225e+07
9.637934799615796556e-05	4.132654089388843160e+06	1.165327639848415181e+07
9.954008287621519404e-05	4.060672049208517652e+06	1.145033838850658387e+07
1.028044732093309733e-04	4.004278423026208766e+06	1.129139863548448496e+07
1.061759183482999177e-04	3.949075453536585905e+06	1.113582580319539458e+07
1.096579291267809898e-04	3.892062117461417336e+06	1.097515100157750398e+07
1.132541315152812739e-04	3.833179044313858729e+06	1.080920691291442141e+07
1.169682703970384685e-04	3.772364916567865759e+06	1.063782073235011101e+07
1.208042134677328878e-04	3.709556405805553775e+06	1.046081398793956824e+07
1.247659552630868559e-04	3.644688106770567596e+06	1.027800235479824804e+07
1.288576213185518274e-04	3.591443276438555680e+06	1.012796403572247922e+07
1.330834724654076035e-04	3.541848271962959319e+06	9.988218486506789923e+06
1.374479092677536609e-04	3.490626812611069530e+06	9.843890019467713311e+06
1.419554766050101292e-04	3.437725559231233783e+06	9.694828339043809101e+06
1.466108684046983103e-04	3.383089423428633250e+06	9.540878220771024004e+06
1.514189325304352018e-04	3.326661510199295357e+06	9.381879349640579894e+06
1.563846758302247630e-04	3.268383058682855219e+06	9.217666153155999258e+06
1.615132693503089671e-04	3.218308503647563513e+06	9.076570116709286347e+06
1.668100537200059119e-04	3.173862680641535670e+06	8.951334922394122928e+06
1.722805447131392292e-04	3.127959268785111140e+06	8.821992673454584554e+06
1.779304389918577296e-04	3.080550466842686757e+06	8.688408680135270581e+06
1.837656200388172322e-04	3.031586905949961394e+06	8.550443835566386580e+06
1.897921642839099502e-04	2.981017598203964997e+06	8.407954470905637369e+06
1.960163474319185771e-04	2.928789883567108773e+06	8.260792205729524605e+06
2.024446509976801894e-04	2.881864274770311546e+06	8.128565357853554189e+06
2.090837690555749911e-04	2.842113007723937277e+06	8.016548138944071718e+06
2.159406152103567479e-04	2.801058108531338163e+06	7.900857345370144583e+06
2.230223297965936195e-04	2.758656824925761204e+06	7.781372503235477023e+06
2.303362873142131230e-04	2.714865002591317054e+06	7.657969187734618783e+06
2.378901041078890991e-04	2.669637039183175191e+06	7.530518893584007397e+06
2.456916462982790305e-04	2.622925836839820258e+06	7.398888901203726418e+06
2.537490379733572054e-04	2.579091774301718920e+06	7.275362044497364201e+06
2.620706696483850184e-04	2.543596489663896617e+06	7.175323326749800704e+06
2.706652070033241614e-04	2.506937146681988612e+06	7.072003866072185338e+06
2.795415999067858812e-04	2.469075570374663919e+06	6.965296071379635483e+06
2.887090917359234942e-04	2.429972333822313230e+06	6.855088823166488670e+06
2.981772290019673471e-04	2.389586717110063415e+06	6.741267357792658731e+06
3.079558712914223133e-04	2.347876664924356155e+06	6.623713147975279950e+06
3.180552015332919840e-04	2.307047703649686649e+06	6.508639434278477915e+06
3.284857366030047169e-04	2.275393546675526071e+06	6.419410777322819456e+06
3.392583382740992125e-04	2.242701300109279808e+06	6.327255890482818708e+06
3.503842245290676185e-04	2.208936920081062242e+06	6.232078808833871037e+06
3.618749812411276696e-04	2.174065246261412278e+06	6.133780420307424851e+06
3.737425742391064479e-04	2.138049965247279964e+06	6.032258362481182441e+06
3.859993617679771628e-04	2.100853572747302707e+06	5.927406915984668769e+06
3.986581073580439268e-04	2.062920950956673129e+06	5.820479524345912039e+06
4.117319931161679482e-04	2.034721226080243010e+06	5.740973779468576424e+06
4.252346334528677710e-04	2.005596698786304332e+06	5.658860665001978166e+06
4.391800892596086085e-04	1.975517040427492466e+06	5.574054672959411517e+06
4.535828825510190908e-04	1.944450927736589918e+06	5.486467491142688319e+06
4.684580115873045679e-04	1.912366010208226973e+06	5.396007911178754643e+06
4.838209664925957392e-04	1.879228876410877798e+06	5.302581733540397137e+06
4.996877453854878855e-04	1.845005019194084452e+06	5.206091669452183880e+06
5.160748710385908026e-04	1.818965839702220168e+06	5.132665739246019162e+06
5.329994080844092930e-04	1.793040863063341007e+06	5.059560205378696322e+06
5.504789807854968417e-04	1.766265683765586466e+06	4.984057195126406848e+06
5.685317913873753860e-04	1.738612419640678447e+06	4.906078083893815987e+06
5.871766390733249843e-04	1.710052274132111808e+06	4.825541668613078073e+06
6.064329395408061141e-04	1.680555506308023585e+06	4.742364083183490671e+06
6.263207452198691922e-04	1.650091399890668923e+06	4.656458711138074286e+06
6.468607661546321112e-04	1.625699987778430106e+06	4.587669447515501641e+06
6.680743915695614441e-04	1.602638031485574087e+06	4.522626359177791514e+06
6.899837121430011690e-04	1.578819764518568758e+06	4.455450200194870122e+06
7.126115430111745839e-04	1.554220383871604921e+06	4.386071017086754553e+06
7.359814475265771296e-04	1.528814273130951682e+06	4.314416562267851084e+06
7.601177617955324041e-04	1.502574975799456937e+06	4.240412218812368810e+06
7.850456200204509452e-04	1.475475167746232823e+06	4.163980922752420884e+06
8.107909806731678154e-04	1.452688561473982641e+06	4.099708960007098038e+06
8.373806535266489033e-04	1.432184006145098479e+06	4.041869849768131040e+06
8.648423275731726865e-04	1.411007009421085939e+06	3.982133921414446086e+06
8.932045998580959026e-04	1.389135518766662572e+06	3.920438969304476865e+06
9.224970052592174194e-04	1.366546758439557860e+06	3.856720747779304162e+06
9.527500472427299482e-04	1.343217205773144495e+06	3.790912904260861222e+06
9.839952296278227113e-04	1.319122566681248369e+06	3.722946910156070255e+06
1.016265089392995313e-03	1.297887031763826264e+06	3.663042472165094689e+06
1.049593230558226731e-03	1.279663720464069862e+06	3.611631342480070423e+06
1.084014359178331072e-03	1.260842780555561185e+06	3.558534198579370975e+06
1.119564319483879432e-03	1.241404612968290458e+06	3.503695748078786768e+06
1.156280131207375458e-03	1.221328975886000786e+06	3.447058885295188520e+06
1.194200028133532475e-03	1.200594963667493779e+06	3.388564631779867690e+06
1.233363497913774571e-03	1.179180985076677985e+06	3.328152074901717249e+06
1.273811323186478358e-03	1.159434737249875907e+06	3.272442564562363084e+06
1.315585624045705277e-03	1.143244111769655487e+06	3.226760629592435434e+06
1.358729901902709343e-03	1.126522519067212241e+06	3.179580567811632063e+06
1.403289084785873256e-03	1.109252546214833390e+06	3.130853248552805744e+06
1.449309574126215073e-03	1.091416209232514258e+06	3.080527929921759758e+06
1.496839293077255632e-03	1.072994934360442450e+06	3.028552205957469065e+06
1.545927736419478674e-03	1.053969538717336021e+06	2.974871952059476636e+06
1.596626022101425152e-03	1.035645114732347196e+06	2.923168575659894850e+06
1.648986944471064796e-03	1.021264134539005812e+06	2.882588468802547082e+06
1.703065029252842687e-03	1.006411533955492661e+06	2.840677548219572753e+06
1.758916590327732569e-03	9.910718463175432989e+05	2.797392170231600758e+06
1.816599788375328683e-03	9.752290977357868105e+05	2.752687259876502212e+06
1.876174691439119486e-03	9.588667904614332365e+05	2.706516263970850967e+06
1.937703337477988952e-03	9.419678857064406620e+05	2.658831102632039692e+06
2.001249798969035112e-03	9.249941526370302308e+05	2.610934509752492420e+06
2.066880249629082268e-03	9.122231487259315327e+05	2.574894329645060003e+06
2.134663033324245458e-03	8.990333231652325485e+05	2.537672221492693294e+06
2.204668735239407457e-03	8.854109408112133387e+05	2.499229424282013904e+06
2.276970255381679901e-03	8.713418160797959426e+05	2.459525905842593405e+06
2.351642884494346396e-03	8.568112981744783465e+05	2.418520321159715299e+06
2.428764382460450386e-03	8.418042558298112126e+05	2.376169969319980126e+06
2.508415059277541159e-03	8.263050615545545006e+05	2.332430749044987373e+06
2.590677858688006548e-03	8.147686377251177328e+05	2.299872377774892375e+06
2.675638444552045497e-03	8.030573248480318580e+05	2.266820290569742210e+06
2.763385290053172599e-03	7.909619426047230372e+05	2.232684269025337882e+06
2.854009769829237483e-03	7.784698955432884395e+05	2.197428765805606730e+06
2.947606255124858923e-03	7.655681751473542536e+05	2.161017067809114698e+06
3.044272212064299925e-03	7.522433462897430873e+05	2.123411257938116323e+06
3.144108303147265162e-03	7.384815332418797771e+05	2.084572175613800995e+06
3.247218492073131874e-03	7.276838843874904560e+05	2.054097239853210514e+06
3.353710152002929105e-03	7.172866807053755037e+05	2.024752093546257820e+06
3.463694177371734288e-03	7.065485035157983657e+05	1.994444581033044262e+06
3.577285099367869762e-03	6.954581706839913968e+05	1.963143141771831317e+06
3.694601205199302477e-03	6.840041333600727376e+05	1.930815180201367941e+06
3.815764661271252300e-03	6.721744639527263353e+05	1.897427031797714531e+06
3.940901640403448279e-03	6.599568437084770994e+05	1.862943928017895669e+06
4.070142453219439092e-03	6.498759553682823898e+05	1.834490670356837101e+06
4.203621683844710293e-03	6.406463415895682992e+05	1.808439616629284341e+06
4.341478330055092809e-03	6.311140451012650738e+05	1.781534225578528596e+06
4.483855948021190328e-03	6.212691395050561987e+05	1.753746479441088624e+06
4.630902801799736956e-03	6.111013728690528078e+05	1.725047441618440906e+06
4.782772017727485517e-03	6.006001570520065725e+05	1.695407226544066332e+06
4.939621743878315659e-03	5.897545566774179460e+05	1.664794968562308932e+06
5.101615314749833284e-03	5.803642377064212924e+05	1.638289788779375376e+06
5.268921421350676766e-03	5.721717537561705103e+05	1.615165103292244719e+06
5.441714286865887221e-03	5.637105994910215959e+05	1.591282049943854799e+06
5.620173848083187887e-03	5.549719639400214655e+05	1.566615758263496915e+06
5.804485942768972118e-03	5.459467471787896939e+05	1.541140542160048848e+06
5.994842503189409637e-03	5.366255508533620741e+05	1.514829873173908796e+06
6.191441755977847815e-03	5.269986683932782616e+05	1.487656352851760341e+06
6.394488428556937588e-03	5.182697261110779946e+05	1.463017125823419075e+06
6.604193962330305243e-03	5.109982934949339251e+05	1.442491533441998530e+06
6.820776732865678482e-03	5.034883961954771075e+05	1.421292809760953067e+06
7.044462277299037498e-03	4.957322138273452292e+05	1.399398879619762069e+06
7.275483529196232965e-03	4.877216695377360447e+05	1.376786943908938672e+06
7.514081061116961897e-03	4.794484215956247062e+05	1.353433455828311853e+06
7.760503335133571261e-03	4.709038547051523346e+05	1.329314096366706770e+06
8.015006961565396618e-03	4.628050720916130231e+05	1.306452934297581436e+06
8.277856966198472027e-03	4.563514663876402192e+05	1.288235331631761743e+06
8.549327066268385539e-03	4.496862164146950818e+05	1.269420287570310524e+06
8.829699955494081307e-03	4.428023813557147514e+05	1.249988209182821913e+06
9.119267598459298088e-03	4.356927927714004181e+05	1.229918860993986018e+06
9.418331534647961592e-03	4.283500471354094916e+05	1.209191343911509495e+06
9.727203192450536648e-03	4.207664981247376418e+05	1.187784073462968925e+06
1.004620421346811079e-02	4.132654386662238976e+05	1.166609601352694677e+06
1.037566678745184892e-02	4.075379076210415806e+05	1.150441190891135717e+06
1.071593399822671176e-02	4.016225437306750100e+05	1.133742541742934380e+06
1.106736018095974550e-02	3.955131870673208032e+05	1.116496264872509055e+06
1.143031129114480994e-02	3.892034756899946951e+05	1.098684400975518394e+06
1.180516528568803167e-02	3.826868390195639804e+05	1.080288401777050924e+06
1.219231251649109671e-02	3.759564909965124680e+05	1.061289110716486350e+06
1.259215613694151040e-02	3.690201528871877235e+05	1.041708322141034529e+06
1.300511252173409960e-02	3.639371697797656525e+05	1.027359106309447205e+06
1.343161170046018073e-02	3.586874916039870004e+05	1.012539311791415792e+06
1.387209780541618330e-02	3.532656516397736268e+05	9.972335060850734590e+05
1.432702953409829491e-02	3.476660038874257589e+05	9.814257505837861681e+05
1.479688062686396362e-02	3.418827171881990507e+05	9.650995839785938151e+05
1.528214036025870790e-02	3.359097691520607914e+05	9.482380051163199823e+05
1.578331405652119712e-02	3.297409398863114766e+05	9.308234552955275867e+05
1.630092360979738114e-02	3.249942549964188365e+05	9.174233890555395046e+05
1.683550802961200632e-02	3.203354670680027921e+05	9.042714154499282595e+05
1.738762400216250711e-02	3.155238954384070239e+05	8.906881263957156334e+05
1.795784647002096959e-02	3.105545296071099001e+05	8.766593770183925517e+05
1.854676923084701279e-02	3.054221947555681108e+05	8.621705585660821525e+05
1.915500555573523833e-02	3.001215463584524114e+05	8.472065831968076527e+05
1.978318882784162180e-02	2.946470646181560005e+05	8.317518682668539695e+05
2.043197320195270367e-02	2.902128576607269933e+05	8.192337493742939550e+05
2.110203428568596662e-02	2.860785336842146353e+05	8.075621552133092191e+05
2.179406984302958289e-02	2.818086256612263969e+05	7.955077942507481202e+05
2.250880052095457357e-02	2.773986871493063518e+05	7.830581137519672047e+05
2.324697059985645492e-02	2.728441258861081442e+05	7.702001493187504821e+05
2.400934876860652198e-02	2.681401990072749322e+05	7.569205113889229251e+05
2.479672892502160150e-02	2.632820081074840855e+05	7.432053712932063499e+05
2.560993100258462246e-02	2.591492627477621718e+05	7.315381329358882504e+05
2.644980182427714502e-02	2.554804194964984781e+05	7.211804632553812116e+05
2.731721598441373688e-02	2.516912575143564609e+05	7.104831165743955644e+05
2.821307675939470697e-02	2.477778309808126069e+05	6.994349532767629717e+05
2.913831704832788722e-02	2.437360646732166642e+05	6.880244684255876346e+05
3.009390034449724305e-02	2.395617497230840672e+05	6.762397797826527385e+05
3.108082173869057552e-02	2.352505392332171323e+05	6.640686154349260032e+05
3.210010895543168735e-02	2.314068492467250908e+05	6.532172611494064331e+05
3.315282342319423453e-02	2.281511195292951306e+05	6.440257218126992229e+05
3.424006137971426222e-02	2.247886190285815101e+05	6.345327484075223329e+05
3.536295501355046084e-02	2.213158462253696343e+05	6.247284554844088852e+05
3.652267364308168368e-02	2.177291847690614813e+05	6.146026334032281302e+05
3.772042493416994519e-02	2.140248997118091502e+05	6.041447377014348749e+05
3.895745615775501186e-02	2.101991336191528826e+05	5.933438781136650359e+05
4.023505548869293208e-02	2.066311444180342369e+05	5.832707287112344056e+05
4.155455334718879262e-02	2.037420402979855717e+05	5.751141100849700160e+05
4.291732378422148664e-02	2.007581887828343315e+05	5.666899973374932306e+05
4.432478591240391480e-02	1.976764826571573503e+05	5.579896180708068423e+05
4.577840538376615892e-02	1.944937128052358166e+05	5.490039121984762605e+05
4.727969591600390820e-02	1.912065648692607938e+05	5.397235225109599996e+05
4.883022086877885498e-02	1.878116157979474810e+05	5.301387849315382773e+05
5.043159487171348238e-02	1.845053863440507848e+05	5.208045004368498339e+05
5.208548550577655339e-02	1.819416427506552718e+05	5.135663282254322548e+05
5.379361503980698012e-02	1.792938218734053662e+05	5.060907820967580774e+05
5.555776222398878250e-02	1.765591664203167020e+05	4.983700774368462153e+05
5.737976414214139564e-02	1.737348286747532547e+05	4.903961743373871432e+05
5.926151812475564939e-02	1.708178675299754832e+05	4.821607692234336282e+05
6.120498372476690374e-02	1.678052454264371190e+05	4.736552862065250520e+05
6.321218475812448445e-02	1.647465416898361873e+05	4.650196951005756273e+05
6.528521141127847927e-02	1.624715321728047275e+05	4.585965828001542250e+05
6.742622241778348235e-02	1.601219143285491737e+05	4.519628262537551927e+05
6.963744730628236568e-02	1.576952413969792542e+05	4.451115174398014206e+05
7.192118872221178738e-02	1.551889863771638484e+05	4.380355217900009593e+05
7.427982482564911282e-02	1.526005393958527129e+05	4.307274707598046516e+05
7.671581176779301847e-02	1.499272049897030811e+05	4.231797541552231996e+05
7.923168624866261389e-02	1.471661992983740929e+05	4.153845122079941211e+05
8.183006815867406580e-02	1.450829524312897120e+05	4.095027038937626639e+05
8.451366330684703665e-02	1.429979636170635058e+05	4.036159648101779749e+05
8.728526623848370525e-02	1.408445981536204636e+05	3.975361716964694788e+05
9.014776314524917955e-02	1.386206136470802885e+05	3.912569933974742307e+05
9.310413487069084393e-02	1.363236941648562206e+05	3.847718911294921418e+05
9.615746001432116941e-02	1.339514478239731689e+05	3.780741116711645736e+05
9.931091813749780284e-02	1.315014043002954859e+05	3.711566803310498362e+05
1.025677930744420957e-01	1.295536439643345075e+05	3.656572999604373472e+05
1.059314763518370006e-01	1.277034874192089483e+05	3.604334650796263595e+05
1.094054707205743548e-01	1.257926554861778859e+05	3.550383159343103762e+05
1.129933938033223922e-01	1.238191583321608923e+05	3.494662343191109248e+05
1.166989818617144986e-01	1.217809408680353663e+05	3.437114177811112604e+05
1.205260936870841404e-01	1.196758806085810356e+05	3.377678735775043606e+05
1.244787146187906202e-01	1.175017854622446903e+05	3.316294124350917409e+05
1.285609606943296512e-01	1.156850368911832338e+05	3.264998266793504590e+05
1.327770829355431892e-01	1.140432686542288429e+05	3.218642455814797431e+05
1.371314717753943091e-01	1.123476590680707013e+05	3.170766418442163267e+05
1.416286616299197443e-01	1.105964424200950889e+05	3.121320299258546438e+05
1.462733356201129931e-01	1.087877950916171103e+05	3.070252607851870125e+05
1.510703304486655796e-01	1.069198336588657403e+05	3.017510165195792215e+05
1.560246414366371071e-01	1.049906129316923762e+05	2.963038048272057786e+05
1.611414277253016558e-01	1.032997321896897338e+05	2.915294906776258722e+05
1.664260176485901910e-01	1.018428844468893076e+05	2.874159136309004389e+05
1.718839142817145671e-01	1.003382597729169938e+05	2.831674329276997014e+05
1.775208011717636092e-01	9.878429133612313308e+04	2.787796244387745974e+05
1.833425482562292541e-01	9.717936092103410920e+04	2.742479189467435353e+05
1.893552179756291254e-01	9.552179724323388655e+04	2.695675973879662342e+05
1.955650715865947520e-01	9.380987420898137498e+04	2.647337859383737668e+05
2.019785756819878764e-01	9.223925123642936524e+04	2.602989037223165215e+05
2.086024089248504632e-01	9.094649813331586483e+04	2.566485378282404563e+05
2.154434690031886424e-01	8.961134953874837083e+04	2.528784591632620431e+05
2.225088798128364853e-01	8.823241510395023215e+04	2.489847417791527696e+05
2.298059988758848760e-01	8.680825888402890996e+04	2.449633309772630164e+05
2.373424250023866422e-01	8.533739784266454808e+04	2.408100390861892665e+05
2.451260062033339959e-01	8.381830030775860359e+04	2.365205411009666277e+05
2.531648478631358112e-01	8.236202505484403810e+04	2.324084032447460631e+05
2.614673211801087360e-01	8.121488532663340447e+04	2.291690732400040433e+05
2.700420718837769907e-01	8.003012545856238285e+04	2.258235102761590679e+05
2.788980292380439652e-01	7.880651170822964923e+04	2.223682304717968509e+05
2.880444153396297668e-01	7.754276987298238964e+04	2.187996356925455912e+05
2.974907547214443726e-01	7.623758396303343761e+04	2.151140098041814053e+05
3.072468842708997450e-01	7.488959483106349944e+04	2.113075148028552649e+05
3.173229634734973104e-01	7.354159238258158439e+04	2.075009673941086512e+05
3.277294849923382269e-01	7.252366563199875236e+04	2.046263724798961193e+05
3.384772855945983316e-01	7.147235624651743274e+04	2.016575059960963554e+05
3.495775574363279015e-01	7.038656945157535665e+04	1.985912763318572252e+05
3.610418597173329913e-01	6.926517456977216352e+04	1.954244904877778608e+05
3.728821307182829670e-01	6.810700384344482154e+04	1.921538507508967887e+05
3.851107002325568907e-01	6.691085121863118547e+04	1.887759512606412172e+05
3.977403024058037140e-01	6.567547108915263379e+04	1.852872744621535239e+05
4.107840889965651554e-01	6.476172331044886960e+04	1.827067345604087459e+05
4.242556430717768223e-01	6.382883359651609499e+04	1.800721294188165921e+05
4.381689931514186065e-01	6.286535001450480922e+04	1.773511231078932178e+05
4.525386278170167031e-01	6.187026924671317101e+04	1.745408821244534047e+05
4.673795107992463338e-01	6.084255507190409844e+04	1.716384800413339690e+05
4.827070965603187935e-01	5.978113728624285432e+04	1.686408944599776587e+05
4.985373463873883915e-01	5.868491058884697850e+04	1.655450038630770287e+05
5.148867450137487589e-01	5.782979604041168204e+04	1.631299161422093748e+05
5.317723177850967042e-01	5.700198781881872856e+04	1.607919148935482954e+05
5.492116483887790057e-01	5.614703184851833794e+04	1.583772395207112422e+05
5.672228971644548423e-01	5.526403782636943652e+04	1.558833755163507012e+05
5.858248200152549323e-01	5.435208625197811489e+04	1.533077259105247795e+05
6.050367879391213011e-01	5.341022747018169321e+04	1.506476085663590056e+05
6.248788072006887795e-01	5.243748068213062652e+04	1.479002533870180196e+05
6.453715401646701322e-01	5.163921182877378305e+04	1.456455663414791343e+05
6.665363268124920859e-01	5.090464911074200791e+04	1.435707525766987528e+05
6.883952069645510319e-01	5.014599660529473476e+04	1.414278958507206116e+05
7.109709432312424360e-01	4.936246429431177239e+04	1.392147647128735844e+05
7.342870447166758296e-01	4.855323625124018872e+04	1.369290545326591237e+05
7.583677914997191127e-01	4.771746979143476347e+04	1.345683850998400885e+05
7.832382599179205096e-01	4.685429459463317471e+04	1.321302981458224822e+05
8.089243486805955952e-01	4.611076135776554293e+04	1.300300489772439614e+05
8.354528058382855171e-01	4.545894115439838060e+04	1.281887685928472347e+05
8.628512566366886016e-01	4.478574468220235576e+04	1.262871039118563785e+05
8.911482322840202919e-01	4.409047091217186971e+04	1.243230746474526532e+05
9.203731996618230715e-01	4.337239582524295838e+04	1.222946355698418629e+05
9.505565920101212152e-01	4.263077165834053449e+04	1.201996743764668790e+05
9.817298406188821325e-01	4.186482612570003403e+04	1.180360094923748402e+05
1.013925407558814440e+00	4.117368924935910763e+04	1.160835880736127147e+05
1.047176819485520438e+00	4.059529151915474358e+04	1.144495269383290724e+05
1.081518702552289213e+00	3.999792539044580190e+04	1.127618772061746276e+05
1.116986818467825104e+00	3.938096879968838039e+04	1.110188814534810808e+05
1.153618101736475943e+00	3.874377928293152945e+04	1.092187246223423135e+05
1.191450698119774998e+00	3.808569330679098493e+04	1.073595321305140533e+05
1.230524004359261570e+00	3.740602557748328400e+04	1.054393679193305579e+05
1.270878709202059476e+00	3.676479318121766846e+04	1.036277328668061673e+05
1.312556835771845343e+00	3.625154761556568701e+04	1.021775395445027098e+05
1.355601785329366038e+00	3.572147029917962209e+04	1.006797875209638150e+05
1.400058382468096108e+00	3.517400923930628051e+04	9.913291712133171677e+04
1.445972921792019639e+00	3.460859434073833108e+04	9.753531752163032070e+04
1.493393216124253353e+00	3.402463681214886310e+04	9.588532507134290063e+04
1.542368646296630619e+00	3.342152855295725749e+04	9.418122156098001869e+04
1.592950212572119773e+00	3.282761856260229251e+04	9.250307607861299766e+04
1.645190587753660783e+00	3.237218637186982960e+04	9.121602897148636112e+04
1.699144172034625866e+00	3.190181840453503173e+04	8.988677349951444194e+04
1.754867149648152269e+00	3.141602484580822420e+04	8.851392545068739855e+04
1.812417547374239657e+00	3.091429981755502013e+04	8.709605521813362429e+04
1.871855294965575345e+00	3.039612085150328858e+04	8.563168631140756770e+04
1.933242287555043237e+00	2.986094834517378331e+04	8.411929381895480037e+04
1.996642450109793465e+00	2.931173901244700028e+04	8.256722877581707144e+04
2.062121803999144465e+00	2.890760802700494969e+04	8.142493964440045238e+04
2.129748535745523252e+00	2.849022367423519245e+04	8.024518944714509416e+04
2.199593068030070597e+00	2.805915131350923548e+04	7.902674965843957034e+04
2.271728133026902796e+00	2.761394205027554563e+04	7.776835146350390278e+04
2.346228848142262624e+00	2.715413226860627401e+04	7.646868443711801956e+04
2.423172794237601124e+00	2.667924314841344312e+04	7.512639517901791260e+04
2.502640096417921622e+00	2.618878016683266833e+04	7.374008590454074147e+04
2.584713507469558191e+00	2.581350499930905062e+04	7.267915398841617571e+04
2.669478494034318139e+00	2.544313608445733189e+04	7.163205620146343426e+04
2.757023325609582631e+00	2.506062102033193514e+04	7.055061912329465849e+04
2.847439166467247595e+00	2.466556147722358946e+04	6.943371660606011574e+04
2.940820170587066684e+00	2.425754606230697755e+04	6.828018557019326545e+04
3.037263579703306071e+00	2.383614989123943087e+04	6.708882479324511951e+04
3.136869824566873799e+00	2.340093414570999812e+04	6.585839365899805853e+04
3.239742629528195472e+00	2.305029781999859551e+04	6.486690023226736957e+04
3.345989120549975215e+00	2.272164842443115776e+04	6.393749966898128332e+04
3.455719936762142730e+00	2.238222106004076340e+04	6.297761966337690683e+04
3.569049345675222806e+00	2.203166226622926843e+04	6.198626065031449980e+04
3.686095362172154388e+00	2.166960699075285447e+04	6.096239028418314410e+04
3.806979871402284221e+00	2.129567820957734511e+04	5.990494236387475394e+04
3.931828755705770284e+00	2.090948653426640522e+04	5.881281572250159661e+04
4.060772025700369880e+00	2.058263127680251273e+04	5.788833034574613703e+04
4.193943955667178258e+00	2.029100201381194711e+04	5.706335558819981816e+04
4.331483223376394243e+00	1.998980884732184131e+04	5.621132600463976996e+04
4.473533054498463279e+00	1.967873813168087872e+04	5.533135433929985447e+04
4.620241371751312442e+00	1.935746593531263352e+04	5.442252423909883510e+04
4.771760948938751135e+00	1.902565770339147275e+04	5.348388929940184607e+04
4.928249570040502903e+00	1.868296790945600515e+04	5.251447207848787366e+04
5.089870193519674402e+00	1.837892403118969742e+04	5.165424774793827964e+04
5.256791122018420026e+00	1.812014484623798489e+04	5.092192153968024650e+04
5.429186177618942288e+00	1.785287906728958114e+04	5.016557888974517118e+04
5.607234882852038638e+00	1.757684837876944584e+04	4.938443218536659697e+04
5.791122647641747001e+00	1.729176533781793114e+04	4.857766798422866850e+04
5.981040962380932413e+00	1.699733307496373527e+04	4.774444616739250341e+04
6.177187597338488878e+00	1.669324498498094181e+04	4.688389906444418011e+04
6.379766808606282424e+00	1.641096616202611767e+04	4.608497177468524751e+04
6.588989550799956518e+00	1.618133673608123718e+04	4.543484270536011172e+04
6.805073696735220778e+00	1.594417667467178762e+04	4.476339282749373524e+04
7.028244264308338707e+00	1.569923901262656545e+04	4.406992293088579754e+04
7.258733650817245753e+00	1.544626868561768242e+04	4.335371087492465449e+04
7.496781874966876202e+00	1.518500226455109623e+04	4.261401083659115102e+04
7.742636826811278183e+00	1.491516768124620285e+04	4.185005253380005161e+04
7.996554525892363152e+00	1.465355979790122728e+04	4.110932263476593653e+04
8.258799387844256046e+00	1.444979661982427933e+04	4.053211566779854911e+04
8.529644499741017682e+00	1.423935108294731799e+04	3.993597935308764136e+04
8.809371904473991322e+00	1.402200404110493764e+04	3.932029290774864057e+04
9.098272894455567084e+00	1.379752916129195728e+04	3.868441519048861664e+04
9.396648314954710202e+00	1.356569268797297264e+04	3.802768403395780479e+04
9.704808877380287413e+00	1.332625319966248389e+04	3.734941555520583643e+04
1.002307548283864236e+01	1.308419775709168061e+04	3.666371377541204129e+04
1.035177955630176250e+01	1.290338715485385183e+04	3.615119776838573307e+04
1.069126339173477191e+01	1.271664691738753027e+04	3.562187393630481529e+04
1.104188050854162562e+01	1.252378258389501752e+04	3.507519107105250441e+04
1.140399601970030830e+01	1.232459331628891778e+04	3.451057988778962317e+04
1.177798701197118092e+01	1.211887169005051692e+04	3.392745243213312642e+04
1.216424293857368077e+01	1.190640347822969670e+04	3.332520146789378487e+04
1.256316602474121602e+01	1.168696742836091471e+04	3.270319984473429213e+04
1.297517168657589615e+01	1.152233289739048087e+04	3.223621200834924093e+04
1.340068896363947992e+01	1.135662772905609745e+04	3.176615619049498127e+04
1.384016096573130383e+01	1.118548830414858094e+04	3.128068501810718953e+04
1.429404533431761060e+01	1.100873640768046062e+04	3.077929294876656058e+04
1.476281471909391030e+01	1.082618798015149878e+04	3.026145786092561320e+04
1.524695727017576097e+01	1.063765292587950171e+04	2.972664051020070110e+04
1.574697714643083479e+01	1.044293491504535268e+04	2.917428396783322387e+04
1.626339504048190676e+01	1.028896885046192074e+04	2.873723600837296908e+04
1.679674872092653359e+01	1.014192928712904541e+04	2.831975256168370106e+04
1.734759359233932585e+01	9.990067600735192173e+03	2.788857785727965893e+04
1.791650327363903017e+01	9.833225651047290739e+03	2.744326289403445116e+04
1.850407019542298315e+01	9.671240111665749282e+03	2.698334394595017875e+04
1.911090621689136171e+01	9.503942299945420018e+03	2.650834207925897135e+04
1.973764326300255334e+01	9.331158001339099428e+03	2.601776265368863096e+04
2.038493398252463962e+01	9.187515238941809002e+03	2.560966691244963295e+04
2.105345242766708225e+01	9.057038725691523723e+03	2.523881331352808047e+04
2.174389475600075627e+01	8.922283270167492446e+03	2.485579767024876492e+04
2.245697995539771696e+01	8.783108545604916799e+03	2.446022113162728783e+04
2.319345059274427712e+01	8.639369623260417939e+03	2.405167176646829466e+04
2.395407358720879643e+01	8.490916821491311566e+03	2.362972413440325545e+04
2.473964100886816908e+01	8.337595549885571018e+03	2.319393884286079992e+04
2.555097090352501965e+01	8.203876652507087783e+03	2.281365348870536764e+04
2.638890814457507972e+01	8.088097477102752237e+03	2.248415544280358517e+04
2.725432531281027693e+01	7.968521354679234719e+03	2.214385159681863661e+04
2.814812360507581346e+01	7.845023765376929987e+03	2.179238757743362294e+04
2.907123377272581166e+01	7.717476105740820458e+03	2.142939738975372165e+04
3.002461709085543262e+01	7.585745554800071659e+03	2.105450303617969621e+04
3.100926635931923414e+01	7.449694935755667757e+03	2.066731412278223070e+04
3.202620693657650008e+01	7.325462439325367995e+03	2.031358898786925783e+04
3.307649780744242918e+01	7.222725028508031755e+03	2.002076512025623379e+04
3.416123268585532458e+01	7.116618371844893773e+03	1.971833817240537246e+04
3.528154115380876732e+01	7.007031975821686501e+03	1.940599321387471355e+04
3.643858983763541204e+01	6.893851723318919539e+03	1.908340498616276818e+04
3.763358362286533065e+01	6.776959754776805312e+03	1.875023756400280035e+04
3.886776690892667574e+01	6.656234345462873534e+03	1.840614400554896565e+04
4.014242490499325555e+01	6.541026061956839840e+03	1.807765806630000588e+04
4.145888496832903058e+01	6.449861346324252736e+03	1.781735301993026587e+04
4.281851798652406416e+01	6.355706908282016229e+03	1.754851133934764221e+04
4.422273980505897129e+01	6.258464700685204662e+03	1.727085306792166739e+04
4.567301270168746896e+01	6.158033460959048170e+03	1.698408906791920526e+04
4.717084690917022272e+01	6.054308605649785022e+03	1.668792071941265385e+04
4.871780218794621931e+01	5.947182121517334963e+03	1.638203960931398797e+04
5.031548945038046838e+01	5.840521989171733367e+03	1.607743147827067878e+04
5.196557243827657402e+01	5.759626370745106215e+03	1.584595657467838282e+04
5.366976945540476152e+01	5.676077802198761674e+03	1.560689051367681168e+04
5.542985515684674169e+01	5.589789280744726966e+03	1.535998434529377482e+04
5.724766239702167070e+01	5.500670950361934956e+03	1.510498095530951286e+04
5.912508413831869092e+01	5.408630008225163692e+03	1.484161479751226034e+04
6.106407542232037144e+01	5.313570608065449960e+03	1.456961161717352115e+04
6.306665540567406225e+01	5.215393760361121167e+03	1.428868816545447044e+04
6.513490946272808912e+01	5.143194126515208154e+03	1.408158469468210023e+04
6.727099135712350630e+01	5.069056732093528808e+03	1.386891221427078563e+04
6.947712548460225435e+01	4.992488021696631222e+03	1.364926519687787550e+04
7.175560918936922405e+01	4.913408260968876675e+03	1.342241491443273299e+04
7.410881515641570161e+01	4.831735100687841623e+03	1.318812513778906941e+04
7.653919388230156073e+01	4.747383491010416037e+03	1.294615189072902103e+04
7.904927622696436629e+01	4.660265592906687743e+03	1.269624319590008417e+04
8.164167604921453858e+01	4.592680405554870958e+03	1.250190027511209337e+04
8.431909292866251349e+01	4.526894050786704611e+03	1.231261862201300755e+04
8.708431497690725109e+01	4.458950250149990097e+03	1.211712952784335903e+04
8.994022174092053490e+01	4.388778250785841010e+03	1.191522942123734174e+04
9.288978720164516290e+01	4.316304979514326988e+03	1.170670805476077112e+04
9.593608287093125853e+01	4.241454966740183409e+03	1.149134828597125670e+04
9.908228099003788714e+01	4.164150267862972214e+03	1.126892585129813051e+04
1.023316578330244937e+02	4.101042316600291997e+03	1.108693605370830119e+04
1.056875971184805252e+02	4.042666262887741595e+03	1.091837887029232843e+04
1.091535935331393290e+02	3.982375782143201377e+03	1.074429389923321287e+04
1.127332563710484834e+02	3.920108091245387641e+03	1.056449985821711925e+04
1.164303132920875612e+02	3.855798348117359183e+03	1.037880951982525403e+04
1.202486142037412122e+02	3.789379584203671584e+03	1.018702951656588994e+04
1.241921352701784684e+02	3.720782634733045143e+03	9.988960139512217211e+03
1.282649830528062580e+02	3.661988532455946370e+03	9.818840627781055446e+03
1.324713987866115019e+02	3.610187977970138036e+03	9.668639934007966076e+03
1.368157627967470660e+02	3.556688638186707522e+03	9.513513448748526571e+03
1.413025990599533657e+02	3.501434801897238685e+03	9.353299631991474598e+03
1.459365799155757486e+02	3.444368930859163811e+03	9.187831646064163579e+03
1.507225309310758803e+02	3.385431599878672841e+03	9.016937181897195842e+03
1.556654359271059036e+02	3.324561434928665676e+03	8.840438279591464379e+03
1.607704421673822139e+02	3.269899069889343991e+03	8.681651688553198255e+03
1.660428657187529780e+02	3.223933179510613627e+03	8.547703959950513308e+03
1.714881969870540956e+02	3.176459850079496846e+03	8.409363451497150891e+03
1.771121064345090304e+02	3.127429645536386033e+03	8.266486103155528326e+03
1.829204504846290149e+02	3.076791508579359288e+03	8.118923130477771338e+03
1.889192776207664224e+02	3.024492707495945069e+03	7.966520869669863714e+03
1.951148346846616732e+02	2.970478781251317287e+03	7.809120617574917560e+03
2.015135733815558865e+02	2.919753432830744259e+03	7.661092164225057786e+03
2.081221569986341819e+02	2.878964710764448682e+03	7.541528277380549298e+03
2.149474673437976264e+02	2.836838333492677066e+03	7.418043324919803126e+03
2.219966119119952452e+02	2.793330432971555638e+03	7.290508716547065887e+03
2.292769312865648885e+02	2.748395702516487290e+03	7.158791644882355286e+03
2.367960067833078881e+02	2.701987349622295369e+03	7.022754947163252837e+03
2.445616683452449251e+02	2.654057047236137350e+03	6.882256962411311179e+03
2.525820026962779821e+02	2.607066352324618947e+03	6.744388315118449100e+03
2.608653617622545084e+02	2.570871164698950906e+03	6.637546740582785787e+03
2.694203713681882277e+02	2.533488965598342475e+03	6.527201325252425704e+03
2.782559402207126027e+02	2.494880827299689372e+03	6.413237161607821690e+03
2.873812691851068735e+02	2.455006545455642026e+03	6.295535573768125687e+03
2.968058608665596125e+02	2.413824597228063340e+03	6.173973993908806733e+03
3.065395295056523537e+02	2.371292098048455046e+03	6.048425834626340475e+03
3.165924111983520675e+02	2.327830039654082157e+03	5.920106216960148231e+03
3.269749744511767631e+02	2.295710133511526237e+03	5.824509137920087596e+03
3.376980310825094875e+02	2.262536863657764115e+03	5.725776978300671544e+03
3.487727474814170705e+02	2.228275685312276892e+03	5.623806923974771053e+03
3.602106562357066082e+02	2.192890920807717521e+03	5.518492789053479100e+03
3.720236681413065867e+02	2.156345722437215954e+03	5.409724905310166832e+03
3.842240846055060501e+02	2.118602034083229228e+03	5.297390007978100584e+03
3.968246104569486192e+02	2.079620551588040598e+03	5.181371117802886147e+03
4.098383671757252955e+02	2.049956928941629485e+03	5.092336915813679298e+03
4.232789065573544462e+02	2.020516965346124607e+03	5.003859440657941377e+03
4.371602248248502747e+02	1.990111526036801706e+03	4.912480370423604654e+03
4.514967772036101792e+02	1.958708948496451512e+03	4.818104548077930303e+03
4.663034929742735812e+02	1.926276531844101328e+03	4.720633695938799065e+03
4.815957910192341274e+02	1.892780502782157782e+03	4.619966313333865401e+03
4.973895958790057534e+02	1.858185980426774222e+03	4.515997570903406995e+03
5.137013543351338285e+02	1.830457789259770152e+03	4.431993231503136485e+03
5.305480525369574707e+02	1.804327888905060718e+03	4.352559890247353906e+03
5.479472336900292930e+02	1.777341065473149911e+03	4.270521553859661253e+03
5.659170163246230914e+02	1.749469216401448648e+03	4.185792792223068318e+03
5.844761131633625837e+02	1.720683317511352243e+03	4.098285373562767745e+03
6.036438506075865007e+02	1.690953392784108928e+03	4.007908172566582834e+03
6.234401888627863855e+02	1.660248483145464888e+03	3.914567075492142976e+03
6.438857427240425295e+02	1.634386254380417085e+03	3.835365783050297523e+03
6.650018030431132274e+02	1.611188668755223489e+03	3.763896478993373876e+03
6.868103588995293194e+02	1.587230324528288065e+03	3.690083358269479049e+03
7.093341204987989386e+02	1.562486272825205106e+03	3.613849556039333038e+03
7.325965428215230304e+02	1.536930746579930656e+03	3.535115686701887171e+03
7.566218500481062392e+02	1.510537133702395067e+03	3.453799761226578084e+03
7.814350607844559136e+02	1.483277949366167832e+03	3.369817101774564890e+03
8.070620141149491928e+02	1.459200772694062607e+03	3.295161405287865819e+03
8.335293965098187527e+02	1.438596321083037765e+03	3.230690930397528064e+03
8.608647696149245121e+02	1.417316152005092363e+03	3.164106163566474606e+03
8.890965989529167928e+02	1.395338105487045596e+03	3.095337767157310282e+03
9.182542835656300895e+02	1.372639294825337629e+03	3.024314129623411191e+03
9.483681866285909337e+02	1.349196082753102473e+03	2.950961290936688783e+03
9.794696670695386729e+02	1.324984056825636571e+03	2.875202865569731330e+03
1.011591112223829782e+03	1.302600706653935731e+03	2.804812087876486657e+03
1.044765971560805156e+03	1.284281010052204465e+03	2.746476754338754745e+03
1.079028791516185947e+03	1.265360523911582732e+03	2.686228329176249645e+03
1.114415251466786003e+03	1.245819545500205777e+03	2.624004073062009866e+03
1.150962200885031052e+03	1.225637725940391192e+03	2.559739189149639515e+03
1.188707697711903165e+03	1.204794049018475789e+03	2.493366755597559859e+03
1.227691047988360424e+03	1.183266809299700753e+03	2.424817655880331131e+03
1.267952846786436567e+03	1.162475079340702223e+03	2.358394181941827810e+03
1.309535020482665232e+03	1.146152516572575223e+03	2.305421278995541797e+03
1.352480870417874030e+03	1.129294659734234529e+03	2.250711143898157388e+03
1.396835117988739739e+03	1.111883954000152926e+03	2.194206804587004171e+03
1.442643951218158691e+03	1.093902268839002090e+03	2.135849420615884355e+03
1.489955072852856802e+03	1.075330879133540520e+03	2.075578221881940408e+03
1.538817750038343092e+03	1.056150445681328392e+03	2.013330445343090787e+03
1.589282865622976715e+03	1.036833811568400961e+03	1.950565629590211756e+03
1.641402971144466619e+03	1.022226092696985461e+03	1.902267349399622617e+03
1.695232341554121376e+03	1.007139317601234779e+03	1.852385140058036768e+03
1.750827031735726905e+03	9.915577757606970408e+02	1.800867057033568244e+03
1.808244934877948026e+03	9.754652414326171765e+02	1.747659452287340628e+03
1.867545842761074027e+03	9.588449567553493580e+02	1.692706918407404601e+03
1.928791508020777655e+03	9.416796142976738793e+02	1.635952230910608478e+03
1.992045708453871384e+03	9.239513390358016522e+02	1.577336288652210897e+03
2.057374313432916097e+03	9.105022552057627081e+02	1.532308463602151278e+03
2.124845352498878583e+03	8.968720829309181681e+02	1.486633544599055540e+03
2.194529086203311635e+03	8.827949128103092562e+02	1.439460728871827769e+03
2.266498079273692838e+03	8.682560856694175300e+02	1.390740893298963556e+03
2.340827276178294142e+03	8.532404615900242106e+02	1.340423303779352182e+03
2.417594079169133238e+03	8.377324041443514488e+02	1.288455562400636609e+03
2.496878428884322147e+03	8.217157641121659708e+02	1.234783552874979478e+03
2.578762887593798041e+03	8.087452638663959306e+02	1.191426118172694032e+03
2.663332725174980624e+03	7.961771553701156563e+02	1.149445390269123436e+03
2.750676007908067731e+03	7.831968791249715878e+02	1.106087915648192848e+03
2.840883690183307408e+03	7.697909182001341151e+02	1.061308544270385937e+03
2.934049709215781604e+03	7.559453123806523536e+02	1.015060645412750659e+03
3.030271082866393044e+03	7.416456436300635460e+02	9.672960591102586250e+02
3.129648010670750864e+03	7.268770210762691022e+02	9.179650460047565730e+02
3.232283978181380917e+03	6.602949810817369780e+02	8.246670899904736416e+02
3.338285864731764832e+03	5.668205413971822964e+02	7.079233673032803154e+02
3.447764054734457204e+03	4.702806325219108885e+02	5.873510655273558996e+02
3.560832552629274687e+03	3.705747232155821962e+02	4.628246274378229828e+02
3.677609101601030943e+03	2.675989853428171728e+02	3.342143781943220233e+02
3.798215306190736101e+03	1.612461857523588833e+02	2.013863903048514032e+02
3.922776758927723677e+03	5.140557461050060795e+01	6.420234416121044774e+01
4.051423171114639445e+03	0.000000000000000000e+00	0.000000000000000000e+00
4.184288507901576850e+03	0.000000000000000000e+00	0.000000000000000000e+00
4.321511127789762213e+03	0.000000000000000000e+00	0.000000000000000000e+00
4.463233926710398009e+03	0.000000000000000000e+00	0.000000000000000000e+00
4.609604486828438894e+03	0.000000000000000000e+00	0.000000000000000000e+00
4.760775230226357962e+03	0.000000000000000000e+00	0.000000000000000000e+00
4.916903577628021594e+03	0.000000000000000000e+00	0.000000000000000000e+00
5.078152112327669784e+03	0.000000000000000000e+00	0.000000000000000000e+00
5.244688749495119737e+03	0.000000000000000000e+00	0.000000000000000000e+00
5.416686911033157230e+03	0.000000000000000000e+00	0.000000000000000000e+00
5.594325706169366640e+03	0.000000000000000000e+00	0.000000000000000000e+00
5.777790117970495885e+03	0.000000000000000000e+00	0.000000000000000000e+00
5.967271195973309659e+03	0.000000000000000000e+00	0.000000000000000000e+00
6.162966255132942024e+03	0.000000000000000000e+00	0.000000000000000000e+00
6.365079081295578362e+03	0.000000000000000000e+00	0.000000000000000000e+00
6.573820143409572665e+03	0.000000000000000000e+00	0.000000000000000000e+00
6.789406812696099223e+03	0.000000000000000000e+00	0.000000000000000000e+00
7.012063589007177143e+03	0.000000000000000000e+00	0.000000000000000000e+00
7.242022334607316225e+03	0.000000000000000000e+00	0.000000000000000000e+00
7.479522515621828461e+03	0.000000000000000000e+00	0.000000000000000000e+00
7.724811451403416868e+03	0.000000000000000000e+00	0.000000000000000000e+00
7.978144572076612349e+03	0.000000000000000000e+00	0.000000000000000000e+00
8.239785684528511410e+03	0.000000000000000000e+00	0.000000000000000000e+00
8.510007247122248373e+03	0.000000000000000000e+00	0.000000000000000000e+00
8.789090653419963928e+03	0.000000000000000000e+00	0.000000000000000000e+00
9.077326525210242835e+03	0.000000000000000000e+00	0.000000000000000000e+00
9.375015015145270809e+03	0.000000000000000000e+00	0.000000000000000000e+00
9.682466119303113373e+03	0.000000000000000000e+00	0.000000000000000000e+00
1.000000000000000000e+04	0.000000000000000000e+00	0.000000000000000000e+00
