# Frequency (Hz)	Real Part (Ohm/m)
1000.0	3583998.4212680827
1018.6101701559753	3612923.963581155
1037.566678745186	3642387.815158529
1056.875971184804	3672399.994027206
1076.5446128423157	3702970.704651383
1096.5792912678098	3734110.3414020636
1116.9868184678226	3765829.492091269
1137.7741332214914	3798138.941572006
1158.9483034398106	3831049.675405223
1180.5165285688054	3864572.883595036
1202.4861420374123	3898719.964393434
1224.8646137509306	3933502.52817582
1247.6595526308697	3968932.4013886596
1270.8787092020582	4001505.603112236
1294.529978227916	4031309.5084516048
1318.6214013947485	4061668.06954065
1343.1611700460153	4092591.608617253
1368.1576279674719	4124090.640017899
1393.619274224142	4156175.873752657
1419.5547660501015	4188858.219146715
1445.9729217920194	4222148.788549651
1472.882723907502	4256058.901113765
1500.2933220192183	4290600.086642708
1528.2140360258693	4325784.089511731
1556.654359271062	4361622.872660916
1585.6239617711371	4397938.944724553
1615.132693503091	4427464.873659726
1645.1905877536624	4457540.285156395
1675.807864530767	4488175.405178526
1706.9949340384078	4519380.649997022
1738.7624002162504	4551166.629731346
1771.1210643450886	4583544.151957102
1804.0819287193826	4616524.225380707
1837.6562003881704	4650118.063582481
1871.8552949655793	4684337.088829384
1906.690840512252	4719192.935958703
1942.1746814890264	4754697.456334029
1978.3188827841643	4790862.721874846
2015.1357338155585	4823233.193431603
2052.6377527092523	4852326.066689503
2090.8376905557498	4881960.36326906
2129.748535745521	4912146.159150418
2169.3835183851843	4942893.717829418
2209.756114795903	4974213.493807318
2250.880052095462	5006116.136145411
2292.7693128656488	5038612.492085842
2335.438139906479	5071713.610739775
2378.9010410788933	5105430.746844209
2423.1727942376006	5139775.364588721
2468.2684522556924	5174759.141513398
2514.2033481427966	5209951.9975825
2560.9931002584594	5237324.393943683
2608.6536176225477	5265206.195258724
2657.2011053245064	5293606.881640492
2706.652070033241	5322536.109628372
2757.0233256095826	5352003.715471586
2808.3319988231724	5382019.718473634
2860.5955351757416	5412594.32439895
2913.831704832789	5443737.9289429905
2968.0586086656026	5475461.121266863
3023.2946844057765	5507774.687597775
3079.5587129142264	5540689.614896453
3136.8698245668766	5574217.094592829
3195.2475057592133	5603151.755804035
3254.711605531848	5628529.83381807
3315.282342319423	5654380.202182177
3376.9803108250912	5680711.650300136
3439.8264890229243	5707533.131148023
3503.8422452906757	5734853.764318325
3569.0493456752292	5762682.8391206935
3635.4699612933177	5791029.817740418
3703.126675869927	5819904.338455666
3772.0424934169973	5849316.218914594
3842.240846055061	5879275.459473472
3913.745601980384	5909792.246596892
3986.581073580439	5940171.849528335
4060.7720257003657	5962339.844592329
4136.343684063274	5984920.38981648
4213.321743847289	6007921.162829466
4291.732378422157	6031349.984141943
4371.602248248501	6055214.819805599
4452.958509942655	6079523.784121702
4535.828825510186	6104285.142400041
4620.241371751313	6129507.313769235
4706.224849841281	6155198.874039311
4793.808495089106	6181368.558617586
4883.02208687788	6208025.265478793
4973.895958790063	6235178.058190482
5066.461008921268	6257341.7758282
5160.7487103859075	6276024.476252235
5256.791122018419	6295054.864910133
5354.620899273607	6314439.41233909
5454.271305329836	6334184.709494097
5555.7762223988775	6354297.4699889375
5659.170163246242	6374784.532378894
5764.488282925873	6395652.862485923
5871.766390733255	6416909.555767117
5981.040962380945	6438561.839727226
6092.349152400711	6460617.076376097
6205.7288067765	6483082.764731835
6321.218475812449	6505073.672098634
6438.8574272404185	6519363.474850389
6558.685659571435	6533919.21326285
6680.743915695614	6548745.836443912
6805.073696735206	6563848.385605213
6931.717276155407	6579231.995776195
7060.717714137772	6594901.897550071
7192.118872221193	6610863.418862288
7325.96542821523	6627121.986802071
7462.302891391108	6643683.129457708
7601.17761795533	6660552.477796144
7742.636826811269	6677735.767577576
7886.728615614156	6695238.841305683
8033.501977124735	6707989.481493677
8183.00681586739	6717734.947540144
8335.293965098195	6727661.778367987
8490.415204088747	6737773.349206644
8648.423275731726	6748073.0980991535
8809.37190447399	6758564.5270711165
8973.31581458352	6769251.203321426
9140.310748756232	6780136.760435157
9310.413487069076	6791224.899619017
9483.681866285926	6802519.390959801
9660.174799522645	6814024.074706262
9839.952296278227	6825742.862574836
10023.075482838643	6836767.95377595
10209.606623060476	6841556.542324354
10399.609139541202	6846434.247320451
10593.1476351837	6851402.727236494
10790.287915161836	6856463.671409193
10991.097009294961	6861618.800614096
11195.643194838794	6866869.867650679
11403.99601970033	6872218.657938312
11616.22632608502	6877666.990123326
11832.40627458378	6883216.716697371
12052.609368708414	6888869.724627277
12276.910479883603	6894627.935996652
12505.385872903913	6900493.3086594045
12738.113231864783	6902569.2821048675
12975.171686575868	6902446.54129618
13216.641839466038	6902321.516260159
13462.60579298911	6902194.164486944
13713.147177539455	6902064.442675559
13968.351179887397	6901932.306719191
14228.30457214352	6901797.711690191
14493.09574126215	6901660.6118248
14762.81471909391	6901520.960507587
15037.553212997384	6901378.710255596
15317.404637020798	6901233.812702212
15602.46414366368	6901086.218580702
15892.828656229764	6900233.35628844
16188.596901781993	6895346.75782325
16489.86944471065	6890369.218929139
16796.74872092653	6885299.047189252
17109.339072690134	6880134.518690565
17427.746784089173	6874873.877437742
17752.08011717636	6869515.3347560745
18082.44934877952	6864057.068683313
18418.96680799711	6858497.223350181
18761.746914391195	6852833.9083493585
19110.90621689136	6847065.198092724
19466.56343342263	6841189.131156633
19828.83949127071	6835203.709615013
20197.857568198782	6827011.415171442
20573.743134329114	6817589.268557665
20956.623994804308	6807991.774192169
21346.630333242454	6798215.668823462
21743.8947560008	6788257.62847038
22148.55233726359	6778114.267291908
22560.74066496859	6767782.136435949
22980.599887588487	6757257.722866689
23408.272761782944	6746537.448170111
23843.904700937208	6735617.667337313
24287.643824604504	6724494.66752515
24739.64100886812	6713164.666793837
25200.049937640895	6701351.737423098
25669.027154919517	6688024.434569337
26146.732118010917	6674449.108341751
26633.327251749808	6660621.142983145
27128.978003724646	6646535.836836305
27633.852900531667	6632188.400745373
28148.123605075813	6617573.956427486
28671.964974937695	6602687.534814109
29205.55512182745	6587524.074361494
29749.075472144435	6572078.4193297
30302.71082866393	6556345.318029597
30866.649433372742	6540319.421037216
31441.08303147265	6523995.279374904
32026.206936576502	6507384.298962922
32622.220097116733	6490471.964136148
33229.325163989684	6473244.887880517
33847.72855945983	6455697.212804475
34477.640547344636	6437822.972509428
35119.275304507275	6419616.0895610815
35772.850993678774	6401070.373423054
36438.58983763541	6382179.518352037
37116.71819475767	6362937.1012537535
37807.466635993485	6343336.579499061
38511.070023255685	6323371.288699366
39227.76758927723	6303034.440440675
39957.803018952654	6282623.562146968
40701.42453219439	6263061.8927415805
41458.88496832911	6243136.177340024
42230.441872066716	6222839.640984367
43016.35758106799	6202165.38263355
43816.89931514194	6181106.372816979
44632.33926710397	6159655.451244405
45462.95469532399	6137805.324371363
46309.02801799736	6115548.562919284
47170.84690917023	6092877.599349459
48048.704396551344	6069784.725290001
48942.89896114532	6046262.088914907
49853.73463873894	6022301.692274354
50781.5211232767	5999958.523035833
51726.57387216024	5978039.74228295
52689.21421350677	5955713.049290648
53669.76945540476	5932970.852742738
54668.57299720181	5909805.42004735
55685.96444286408	5886208.874707766
56722.28971644549	5862173.193644316
57777.90117970507	5837690.204466461
58853.1577519145	5812751.5826940825
59948.42503189408	5787348.848927062
61064.07542232036	5761473.365962212
62200.48825634718	5735116.335856514
63358.04992658254	5709183.069000006
64537.15401646702	5685945.531094521
65738.20143409586	5662275.538654611
66961.60054853215	5638165.043627804
68207.76732865692	5613605.848186
69477.1254846024	5588589.601938133
70770.10661181889	5563107.799090929
72087.15033782135	5537151.775556859
73428.70447166759	5510712.706008245
74795.22515621828	5483781.600876565
76187.17702322999	5456349.303295898
77605.0333513357	5428406.485989485
79049.2762269642	5399943.648098363
80520.39670825469	5374685.544115911
82018.8949920221	5350298.8896400845
83545.28058382872	5325458.39537493
85100.07247122246	5300155.615284745
86683.79930019773	5274381.946151661
88296.99955494082	5248128.624650466
89940.22174092053	5221386.724368972
91614.0245713852	5194147.152772948
93318.9771573324	5166400.648114546
95055.65920101192	5138137.7762832185
96824.66119303115	5109348.927598012
98626.5846131283	5080024.3135401765
100462.04213468132	5051604.754601017
102331.65783302448	5027049.019992262
104236.06739764012	5002036.298984134
106175.9183482999	4976558.08698198
108151.87025522892	4950605.721119194
110164.59496336569	4924170.377311754
112214.77682079801	4897243.067257925
114303.11291144785	4869814.635382151
116430.31329208757	4841875.755722059
118597.10123376705	4813416.928757522
120804.21346773289	4784428.478180738
123052.40043592616	4754900.547606162
125342.42654613995	4724823.097219239
127675.07043192645	4699054.560711105
130051.12521734099	4674336.969110883
132471.39878661174	4649159.378925135
134936.71405883064	4623513.229501915
137447.90926775365	4597389.800874082
140005.8382468096	4570780.210794429
142611.37071941295	4543675.411715609
145265.39259467812	4516066.187713891
147968.80626863963	4487943.151355627
150722.53093107554	4459296.740505434
153527.5028780421	4430117.21507496
156384.67583022476	4400394.653711151
159295.0212572123	4371964.80819195
162259.5287078087	4347917.3330306765
165279.2061464897	4323422.330264827
168355.08029612005	4298471.47132954
171488.19698705408	4273056.272663923
174679.62151272455	4247168.092826595
177930.43899185772	4220798.129557465
181241.75473742394	4193937.416784887
184614.69463245454	4166576.8215771066
188050.40551285836	4138707.0410369337
191550.0555573528	4110318.5991387023
195114.83468466165	4081401.8435062817
198745.9549580986	4051946.94213118
202444.65099768018	4027398.0735470043
206212.18039991445	4003877.7313299105
210049.8241653915	3979919.671542032
213958.88713434213	3955515.748184894
217940.6984302958	3930657.663661604
221996.61191199525	3905336.9659555894
226128.00663372793	3879545.045756792
230336.2873142131	3853273.1335344487
234622.88481422624	3826512.296555325
238989.25662310526	3799253.4358464996
243436.8873543108	3771487.283101632
247967.289250216	3743204.3975295983
252582.00269627848	3716473.150496145
257282.59674479323	3694138.004712135
262070.66964838552	3671387.198064625
266947.8494034318	3648212.9950342234
271915.7943036019	3624607.516142192
276976.1935036891	3600562.7352713696
282130.76759394706	3576070.4769371776
287381.2691851069	3551122.4135078792
292729.4835042813	3525710.062373105
298177.22900196735	3499824.783059644
303726.3579703311	3473457.7742936276
309378.75717301364	3446600.071007971
315136.34848664823	3419242.5412941673
321001.08955431683	3396956.307968433
326974.97445117676	3375555.030584347
333060.03436245886	3353755.47178659
339258.33827409917	3331550.219490282
345571.9936762143	3308931.7236703807
352003.1472796675	3285892.2937946036
358553.9857459817	3262424.0962085365
365226.7364308175	3238519.1514721415
372023.6681413066	3214169.331646633
378947.09190746717	3189366.357530901
385999.36176797637	3164101.7958465074
393182.87557057705	3138367.0563702453
400500.07578736113	3114314.5674985577
407953.45034524484	3094344.6571878055
415545.53347188793	3074003.1034481684
423278.90655735444	3053282.9899322046
431156.19903182285	3032177.271578053
439180.0892596086	3010678.7722140686
447353.3054498463	2988780.1821188224
455678.6265841068	2966474.0555357253
464158.8833612772	2943752.808141401
472796.9591600391	2920608.714466907
481595.79101923504	2897033.905271028
490558.37063650455	2873020.3648646185
499687.7453854889	2848559.9283851963
508987.0193519675	2829020.7097097756
518459.3543892913	2810170.703345286
528107.971193433	2790969.8951549144
537936.1503980698	2771411.756656987
547947.2336900292	2751489.637873677
558144.6249454955	2731196.7650699466
568531.7913873753	2710526.238450381
579112.2647641759	2689471.0298132137
589889.6425508494	2668023.980160639
600867.5891719692	2646177.7972646845
612049.837247669	2623925.0531877815
623440.1888627863	2601258.1817571656
635042.5168595961	2580296.872391283
646860.7661546321	2562932.9585375534
658898.9550799957	2545245.8992924304
671161.1767496272	2527229.6808652002
683651.6004510238	2508878.177547469
696374.4730628222	2490185.149630378
709334.1204987989	2471144.2412830195
722534.9491787221	2451748.9783913908
735981.4475265755	2431992.7663571327
749678.1874966878	2411868.8878552755
763629.8261282243	2391370.5005503027
777841.1071286482	2370490.634769662
792316.8624866261	2349222.1911340063
807062.0141149492	2332524.8900948293
822081.575524054	2316316.008388473
837380.6535266489	2299805.4766355245
852964.4499741016	2282987.6810772885
868838.2635251193	2265856.9034820637
885007.4914473438	2248407.3192008887
901477.6314524917	2230632.9951870902
918254.2835656281	2212527.887978988
935343.1520292377	2194085.8416450503
952750.0472427299	2175300.5856908117
970480.8877380306	2156165.732926843
988541.7021919573	2136674.777297028
1006938.6314760271	2118833.5667799045
1025677.9307444209	2104045.5320257386
1044765.9715608053	2088982.2894285235
1064209.2440647245	2073638.7173234753
1084014.359178331	2058009.5987307513
1104188.0508541602	2042089.619581629
1124737.1783647507	2025873.366911662
1145668.7286348727	2009355.3270202128
1166989.8186171474	1992529.8835957425
1188707.6977119034	1975391.3158061928
1210829.7502320393	1957933.79635385
1233363.4979137746	1940151.3894939977
1256316.6024741214	1922038.049016699
1279696.8682159416	1908039.4501021171
1303512.2446815087	1894349.8719720577
1327770.829355429	1880405.528463634
1352480.8704178738	1866201.6783498055
1377650.769549055	1851733.4921684868
1403289.084785873	1836996.0505804871
1429404.533431761	1821984.3426968711
1456005.9950206485	1806693.2643752093
1483102.514336103	1791117.6164841126
1510703.3044866556	1775252.1031354717
1538817.7500383465	1759091.3298838022
1567455.410205595	1742629.801892067
1596626.022101425	1727710.1898602892
1626339.5040481905	1715311.0084653718
1656605.9589499151	1702681.076194899
1687435.6777273756	1689816.0987358151
1718839.1428171454	1676711.7018571652
1750827.0317357269	1663363.4299228108
1783410.220710006	1649766.744376473
1816599.7883753285	1635917.0221985572
1850407.019542302	1621809.5543342987
1884843.4090337954	1607439.5440926165
1919920.6655932867	1592802.105515192
1955650.715865947	1577892.2617151975
1992045.7084538713	1562704.9431850826
2029118.0180466783	1551136.9225839837
2066880.2496290822	1539731.2379200964
2105345.242766708	1528113.2915238678
2144526.0759716653	1516279.1331683446
2184436.0711494284	1504224.7391121697
2225088.7981283693	1491946.0107314838
2266498.079273693	1479438.7731263342
2308677.994187172	1466698.7737011702
2351642.884494346	1453721.6807189197
2395407.358720879	1440503.0818281367
2439986.29725955	1427038.482562774
2485394.857429798	1413323.304814001
2531648.478631358	1401012.5949524774
2578762.8875937983	1390739.0729180614
2626754.1037238385	1380274.3588904818
2675638.4445520453	1369614.8947542165
2725432.531281028	1358757.0561766035
2776153.2944368036	1347697.151375534
2827817.979625338	1336431.4198642103
2880444.1533962977	1324956.0311725268
2934049.709215787	1313267.083544686
2988652.873550383	1301360.6026125469
3044272.2120643063	1289232.5400443007
3100926.6359319235	1276878.7721679998
3158635.408267819	1264295.0985694507
3217418.1506763715	1254840.1692896206
3277294.849923382	1245435.5511319682
3338285.8647317644	1235855.9114301489
3400411.9327037027	1226097.993003448
3463694.1773717343	1216158.478054456
3528154.1153808828	1206033.9870409966
3593813.6638046256	1195721.0775270339
3660695.147596906	1185216.243012212
3728821.30718283	1174515.9117396113
3798215.306190736	1163616.4454813
3868900.7393279755	1152514.138301313
3940901.6404034477	1141205.2152955828
4014242.490499326	1131150.4980427271
4088948.226294856	1122715.3927201019
4165044.248545185	1114123.308652137
4242556.430717777	1105371.324437674
4321511.127789762	1096456.4643077771
4401935.1852088785	1087375.6971139454
4483855.948021181	1078125.9352974917
4567301.270168747	1068704.0338397291
4652299.523960189	1059106.7891926463
4738879.609717651	1049330.9381896525
4827070.965603188	1039373.1569360724
4916903.577628021	1029230.0596789893
5008407.989848212	1018898.1976560412
5101615.314749833	1011235.4382221597
5196557.243827657	1003542.5871028055
5293266.058360566	995706.5707151347
5391774.640387494	987724.7247291462
5492116.483887789	979594.3352311978
5594325.706169377	971312.637801259
5698437.0594691355	962876.816572969
5804485.942768984	954284.0032762139
5912508.413831869	945531.2762618897
6022541.201461928	936615.659508498
6134621.717992506	927534.1216102815
6248788.072006888	918283.5747465012
6365079.081295578	910135.8526874887
6483534.286054714	903258.7404468476
6604193.962330305	896253.6439772248
6727099.135712336	889118.1814703442
6852291.595284057	881849.9267920689
6979813.907830667	874446.4086574931
7109709.432312423	866905.1097906817
7242022.334607315	859223.4660687601
7376797.60252773	851398.865650097
7514081.061116962	843428.6480862399
7653919.388230155	835310.1034173385
7796360.130405221	827040.4712507316
7941451.71902934	818616.9398223751
8089243.486805938	812447.1952808071
8239785.684528512	806193.4262792353
8393129.498166373	799823.2735724272
8549327.066268368	793334.5712398272
8708431.497690724	786725.1130527247
8870496.889654402	779992.6517241223
9035578.34613892	773134.8981446258
9203731.99661823	766149.5206041266
9375015.01514529	759034.1439989955
9549485.639791967	751786.3490245192
9727203.192450536	744403.6713523124
9908228.099003786	736883.600792419
10092621.909870483	730321.4091218144
10280447.320933098	724745.0909285422
10471768.194855202	719064.9965048494
10666649.582795387	713279.1945574298
10865157.746525371	707385.7178512798
11067360.180959744	701382.5625408173
11273325.63710487	695267.6874885551
11483124.14543511	689039.0135710879
11696827.039703846	682694.4229721704
11914506.981197748	676231.7584626371
12136237.983442418	669648.8226669196
12362095.437367693	662943.3773159186
12592156.13694151	656137.7907966801
12826498.3052806	651170.8180322271
13065201.621247198	646111.4090594675
13308347.24654076	640957.8436248356
13556017.853293689	635708.3694605557
13808297.652180923	630361.2016888493
14065272.421052363	624914.5222150588
14327029.534098294	619366.479109476
14593657.991557576	613715.185977665
14865248.449978571	607958.7213190704
15141893.25304352	602095.1278736824
15423686.462966273	596122.4119565504
15710723.892474487	590038.5427799071
16003103.137387017	584778.4809862636
16300923.609797413	580276.1683752906
16604286.571875297	575690.0669605319
16913295.17029647	571018.617418092
17228054.471313924	566260.2314047924
17548671.49648152	561413.2910181168
17875255.259042352	556476.1482461098
18207916.800994623	551447.1244070315
18546769.230846975	546324.5095785895
18891927.762076646	541106.5620165466
19243509.75230332	535791.5075625086
19601634.743191857	530377.5390406932
19966424.501097932	524922.7686564511
20338003.0584698	520919.545211221
20716496.75602067	516841.82109650265
21102034.285685964	512688.20984215994
21494746.734379806	508457.29917561245
21894767.628566206	504147.6505416459
22302232.979659364	499757.79861328873
22717281.330269028	495286.2507935853
23140053.80130654	490731.48670809617
23570694.139967278	486091.9576879561
24009348.76860652	481366.08624330774
24456166.83452444	476552.26552693924
24911300.26067791	471648.85878793814
25374903.797335718	467448.2835496276
25847135.07469564	463825.257266109
26328154.656480197	460134.80584697454
26818126.094530128	456375.67449897766
27317215.98441379	452546.58507695544
27825594.022071257	448646.2356492474
28343433.061513092	444673.300055022
28870909.173592344	440626.42745336925
29408201.705870606	436504.2418640003
29955493.34359816	432305.3416993981
30512970.171828706	428028.29928826523
31080821.738690637	423671.66039009683
31659241.119835205	419314.6097012646
32248424.98408439	416097.68580204935
32848573.66030047	412820.8944016906
33459891.20549975	409483.12135580584
34082585.47423452	406083.2317855952
34716868.189265594	402620.06969197135
35362955.013550386	399092.45756250754
36021065.62357073	395499.1959710696
36691423.78402494	391839.0631700005
37374257.42391064	388110.8146747101
38069798.71402284	384313.1828405385
38778284.14589453	380444.8764317433
39499954.61220647	376504.5801824645
40235055.48869293	373159.9569070791
40983836.717572615	370252.14880798256
41746552.89253134	367290.22590538097
42523463.34528677	364273.1811135731
43314832.23376403	361199.98860482103
44120928.631911896	358069.60346055945
44942026.62119142	354880.9613161094
45778405.38376616	351632.9779987847
46630349.29742726	348324.5491592607
47498148.03228505	344954.5498960839
48382096.649259575	341521.83437319426
49282495.700405136	338025.23543032655
50199651.33110079	334554.4270343826
51133875.38414321	331975.3842384829
52085485.50577665	329348.34501731175
53054805.25369574	326672.4161492284
54042164.20705915	323946.6877895847
55047898.078549676	321170.2331613691
56072348.82852027	318342.1082400921
57115864.78126434	315461.35143280745
58178800.74344935	312526.9832511616
59261518.124755524	309538.0059783549
60364385.060758635	306493.4033299091
61487776.53810017	303392.14010811824
62632074.521986924	300233.1618500711
63797668.08606282	297576.27476455725
64984953.54469889	295247.3249413765
66194334.587743886	292875.0329657017
67426222.41778335	290458.5922326999
68681035.88995308	287997.1811264849
69959201.65435374	285489.9627407596
71261154.30111745	282936.08459425776
72587336.50817245	280334.678340892
73938199.19175874	277684.8594745059
75314201.65974376	274985.72702813416
76715811.76779301	272236.36326766195
78143506.07844542	269435.83337978664
79597770.02314977	266676.93040787836
81079098.06731695	264613.0878234411
82587993.87844272	262510.8367773326
84124970.49736118	260369.4624815454
85690550.51268347	258188.23684574597
87285266.2384837	255966.41822971572
88909659.89529167	253703.2511911852
90564283.79445294	251397.9662289765
92249700.52592173	249049.7795213631
93966483.1495469	246657.892659563
95715215.38991857	244221.4923762709
97496491.83484097	241739.75026913846
99310918.137498	239211.8225191093
101159111.22238298	237105.16447901836
103041699.49505854	235242.89166835084
104959323.05582266	233345.96164379956
106912633.91734771	231413.72942871737
108902296.22637327	229445.53804333162
110928986.48952228	227440.71828136477
112993393.80332193	225398.5884824957
115096220.0885031	223318.45430058858
117238180.32865997	221199.60846760895
119420002.8133535	219041.33055314323
121642429.3857368	216842.88671944596
123906215.6947913	214603.5294719252
126212131.45225461	212414.24885832905
128560960.69432965	210765.0934769536
130953502.04826704	209085.24703331708
133390569.00390588	207374.13836152898
135872990.19027063	205631.1856662035
138401609.65731302	203855.79632464383
140977287.16289675	202047.36668534463
143600898.46512634	200205.28186274294
146273335.620113	198328.91552815132
148995507.28528506	196417.62969679802
151768339.02834037	194470.77451090608
154592773.64194784	192487.68801873567
157469771.46430898	190467.69594951192
160400310.70568198	188799.7897669363
163385387.78098568	187312.61281132413
166426017.64859018	185797.75923951558
169523234.15541214	184254.71398497428
172678090.38843593	182682.95239568767
175891659.03277326	181081.94005578008
179165032.73638958	179451.13260380505
182499324.48161504	177789.97554765674
185895667.9635688	176097.90407603772
189355217.9756299	174374.34286641577
192879150.80207777	172618.70588940894
196468664.61804405	170830.39620952785
200124979.8969035	169095.49440385314
203849339.82524642	167779.22762405188
207643010.7255779	166438.46489550787
211507282.48687947	165072.75034444715
215443469.00318778	163681.6196132067
219452908.62033114	162264.59970234835
223536964.59097964	160821.20880983453
227697025.53816846	159350.95616720943
231934505.92744273	157853.34187273314
236250846.547794	156327.85672140864
240647515.00154215	154773.9820318472
245126006.20333397	153191.18946991197
249687842.8884332	151578.9408690775
254334576.13046482	150259.98074698396
259067785.8688001	149073.57494574954
263889081.44575077	147865.08993067988
268800102.15376073	146634.11480384876
273802517.7927863	145380.2310204496
278898029.23804396	144103.0122464858
284088369.0183295	142802.02421381217
289375301.9050947	141476.8245724793
294760625.51248586	140126.96274033055
300246170.90855557	138751.97974979848
305833803.23784316	137351.40809185134
311525422.35554785	135924.77155703417
317322963.4734973	134551.44741808035
323228397.81813806	133501.84409669435
329243733.30077755	132432.7074789011
335371015.2002929	131343.67404673097
341612326.8585518	130234.37351708261
347969790.3887688	129104.42871582313
354445567.3970435	127953.45544954536
361041859.71733445	126781.06237493716
367760910.160103	125586.8508657211
374605003.2748981	124370.4148771163
381576466.1271245	123131.34080777943
388677669.0892668	121869.20735917635
395911026.6468467	120583.58539233521
403278998.21937054	119541.57557603806
410784088.99656343	118595.89420619915
418428850.79015756	117632.61354515403
426215882.9015325	116651.40606709888
434147833.0055101	115651.93815091881
442227398.0505897	114633.86996675342
450457325.17594445	113596.85536045034
458840412.64547515	112540.54173586948
467379510.7992463	111464.56993499708
476077523.0226378	110368.57411582743
484937406.7335233	109252.18162797304
493962174.38783056	108115.01288595881
503154894.5038046	107028.87217424231
512518692.70533323	106192.5294964886
522056752.7846986	105340.62233919317
531772317.7850967	104472.8610447436
541668691.1033136	103588.95056494954
551749237.6129117	102688.59036072368
562017384.8083187	101771.4742998955
572476623.970219	100837.29055312251
583130511.3526218	99885.72148786538
593982669.3920338	98916.44356038861
605036787.9391212	97929.12720575285
616296625.5132942	96923.43672575957
627766010.5806513	95899.03017480935
639448842.8556936	95076.47112666984
651349094.6272782	94323.17383810546
663470812.1092337	93555.8575588227
675818116.816111	92774.26139301903
688395206.964551	91978.1195895765
701206358.9007177	91167.16145170378
714255928.5543104	90341.11124489589
727548352.9196217	89499.68810318175
741088151.5641569	88642.60593362714
754879928.1653446	87769.57331905945
768928372.0758306	86880.29341898313
783238259.9179205	85974.4638686499
797814457.2076613	85116.07677132406
812661920.0091946	84450.06572293992
827785696.619849	83771.66009561962
843190929.286625	83080.62922414026
858882855.9546258	82376.73815055948
874866812.0479896	81659.74754432823
891148232.2840202	80929.41362091464
907732652.5210242	80185.48805891564
924625711.6405733	79427.71791562463
941833153.4647961	78655.84554102767
959360828.7093127	77869.60849020093
977214696.9725724	77068.73943407522
995400828.7621539	76252.96606854233
1013925407.5588143	75604.07108134398
1032794731.9189526	75004.34839234823
1052015217.6161569	74393.46476206399
1071593399.8226712	73771.21248347453
1091535935.3313932	73137.37998410058
1111849604.81927	72491.75175406302
1132541315.1528125	71834.10827280684
1153618101.736476	71164.22593446265
1175087130.9048076	70481.87697181723
1196955702.3590453	69786.82937887123
1219231251.6491096	69078.84683195417
1241921352.7017846	68357.68860937137
1265033720.3959012	67679.70910991613
1288576213.185518	67149.60409172198
1312556835.7718453	66609.63372893872
1336983741.8249452	66059.61442582497
1361865236.7560828	65499.35916989109
1387209780.541618	64928.677468313625
1413025990.5995336	64347.37528316477
1439322644.7194095	63755.25496543825
1466108684.0469828	63152.11518784618
1493393216.1242533	62537.750876365135
1521185517.9861019	61911.95314050981
1549495039.3146317	61274.50920230685
1578331405.6521199	60625.202323949045
1607704421.673822	60113.5966228488
1637624074.521689	59636.358199918606
1668100537.2000556	59150.238288732806
1699144172.0346258	58655.07160328353
1730765534.1957276	58150.689781562476
1762975375.2872038	57636.92132831572
1795784647.0020967	57113.591556733154
1829204504.8462899	56580.522529053866
1863246311.9315598	56037.532996064474
1897921642.8391032	55484.43833547322
1933242287.5550432	54921.050489136134
1969220255.4791734	54347.17789911479
2005867779.5082297	53811.968174613976
2043197320.1952705	53390.21554912133
2081221569.9863415	52960.61403550452
2119953457.536069	52523.017564620146
2159406152.1035676	52077.27734895285
2199593068.0300703	51623.24183202673
2240527869.3000183	51160.75663687366
2282224474.1869006	50689.664513544165
2324697059.9856453	50209.80528564048
2367960067.833079	49721.01579585448
2412028207.618002	49223.12985049323
2456916462.98279	48715.97816297041
2502640096.4179215	48199.38829624791
2549214654.4514203	47796.22736556332
2596655972.934872	47416.60887287586
2644980182.4277143	47029.925615445216
2694203713.6818824	46636.04611679723
2744343303.2283683	46234.836453658456
2795415999.067865	45826.16021042046
2847439166.4672475	45409.87843275718
2900430493.8639855	44985.84958037875
2954407998.8803797	44553.92947890642
3009390034.449724	44113.971270851915
3065395295.056536	43665.82536568399
3122442823.0928583	43209.33938896628
3180552015.3329134	42787.030006742556
3239742629.5281954	42451.609521908256
3300034791.1252885	42109.94680477738
3361449000.108775	41761.925686344744
3424006137.9714255	41407.42783568029
3487727474.8141704	41046.332719695034
3552634676.5781393	40678.517562158726
3618749812.411284	40303.85730195471
3686095362.1721687	39922.22455055763
3754694224.0733366	39533.489548720034
3824569722.4669914	39137.52012235265
3895745615.775501	38734.18163758393
3968246104.5694857	38323.336954983206
4042095839.796318	38005.781124623936
4117319931.1616793	37703.92404331644
4193943955.6671777	37396.44935036303
4271993966.306777	37083.25250105503
4351496500.925055	36764.227005089095
4432478591.24041	36439.26439035914
4514967772.036101	36108.254166074796
4598992090.5224285	35771.08378519316
4684580115.873045	35427.638606151675
4771760948.938751	35077.80185388898
4860564232.142149	34721.45458013987
4951020159.556351	34358.475622991755
5043159487.171348	34025.39423075632
5137013543.351338	33758.728703073364
5232614239.486667	33487.10048454549
5329994080.844104	33210.41721865165
5429186177.618942	32928.584830100284
5530224256.192888	32641.507492842502
5633142670.601352	32349.08759749037
5737976414.21414	32051.22571812874
5844761131.633649	31747.82057850921
5953533130.81437	31438.769017615232
6064329395.408049	31123.965954586052
6177187597.338489	30803.304352988198
6292146109.610351	30476.675184422125
6409244019.35647	30226.660625037544
6528521141.127848	29986.721187359988
6650018030.431105	29742.316435920126
6773775997.517745	29493.36327046898
6899837121.430025	29239.777044247923
7028244264.308367	28981.47153520768
7159041085.964888	28718.358916692025
7292272058.728297	28450.349727575613
7427982482.56491	28177.352841846317
7566218500.481063	27899.275437621553
7707027114.212319	27616.02296558763
7850456200.204509	27327.499116852116
7996554525.892329	27064.904809802985
8145371766.280737	26852.976722149317
8296958520.834915	26637.10461672358
8451366330.684739	26417.215094683943
8608647696.149244	26193.23339122368
8768856094.587408	25965.0833501502
8932045998.58096	25732.68739799119
9098272894.455566	25495.966517618952
9267593301.146902	25254.840221383503
9440064789.417603	25009.226523746096
9615746001.432076	24759.041913403013
9794696670.695385	24504.201324890986
9976977642.36321	24244.6181096641
10162650893.929972	24047.871284984547
10351779556.301762	23857.219154132523
10544427935.261662	23663.018954684747
10740661533.334322	23465.204656480884
10940547072.057436	23263.709000528153
11144152514.667904	23058.463476132456
11351547089.20999	22849.398297604053
11562801312.07373	22636.44238052954
11777987011.97118	22419.523317602507
11997177354.358854	22198.567354004324
12220446866.314913	21973.499362326595
12447871461.879063	21744.24281702714
12679528467.864315	21537.31127791235
12915496650.148827	21368.94987588407
13155856240.457052	21197.455239516345
13400688963.639534	21022.76905878498
13650078065.460136	20844.831938506344
13904108340.900667	20663.58337814226
14162866162.991974	20478.96175122923
14426439512.181587	20290.90428442488
14694918006.248201	20099.3470361642
14968392930.772554	19904.22487491882
15246957270.1757	19705.471457051455
15530705739.334583	19503.019204258464
15819734815.786015	19296.799280592524
16114142772.530231	19142.04975149682
16414029711.444664	18990.622504280564
16719497597.31985	18836.377170227355
17030650292.528427	18679.26130426162
17347593592.339325	18519.221485296057
17670435260.889503	18356.203298067816
17999285067.824764	18190.151314636776
18334254825.62285	18021.009075539343
18675458427.61074	17848.719070591713
19023011886.689457	17673.222719335827
19377033374.77993	17494.460351121317
19737643263.002552	17312.371184816893
20104964162.604927	17149.383652999666
20479120966.650833	17015.691344645777
20860240892.485046	16879.510999684873
21248453524.988873	16740.79631533235
21643890860.6402	16599.500127100924
22046687352.394028	16455.574392764123
22456979955.397717	16308.970176021456
22874908173.55704	16159.637629859624
23300614106.96929	16007.525979603895
23734242500.23866	15852.583505654235
24175940791.69123	15694.757525899986
24625859163.505444	15533.994377807438
25084150592.775414	15370.239400174078
25550970903.525124	15248.59234671482
26026478819.690044	15128.376537125645
26510836019.085308	15005.923490864578
27004207188.377697	14881.191572576445
27506760079.080673	14754.13837206509
28018665564.59201	14624.720689873357
28540097698.292374	14492.894522594872
29071233772.725693	14358.615047912326
29612254379.880314	14221.836609357451
30163343472.591972	14082.5127007874
30724688427.090096	13940.595950572068
31296480106.707504	13796.038105487276
31878912926.77636	13667.73460818058
32472184920.731255	13561.626341468784
33076497807.442425	13453.543381858526
33692057059.802742	13343.448979978959
34319071974.590427	13231.305702547215
34957755743.632645	13117.07541964062
35608325526.29274	13000.719291732144
36271002523.30648	12882.197756484597
36946012051.993095	12761.470515298948
37633583622.865326	12638.4965196124
38333951017.6659	12513.233956941362
39047352368.85556	12385.640236664818
39774030240.58036	12255.671975543093
40514231711.14655	12160.109093129242
41268208457.02952	12064.723808994184
42036216838.44701	11967.563388491
42818517986.52406	11868.594796029802
43615377892.080055	11767.784381222804
44427067496.06892	11665.097867442753
45253862781.70167	11560.500340168552
46096044868.284195	11453.956235113887
46953900106.80053	11345.429326135014
47827720177.27485	11234.88271291354
48717802187.94641	11122.278808409848
49624448776.28914	11007.579326083143
50547968211.912254	10906.643660928617
51488674501.37487	10822.477233702337
52446887494.95119	10736.744454943955
53422932995.38363	10649.416174584934
54417142868.658875	10560.462700069022
55429855156.84652	10469.853786256403
56461414193.036606	10377.558625140064
57512170718.41614	10283.545835370776
58582482001.525475	10187.783451587045
59672711959.7331	10090.238913546575
60783231282.972115	9990.87905505539
61914417559.77835	9889.670092690985
63066655405.67406	9786.57761431567
64240336593.94204	9711.560066555789
65435860188.83229	9635.922605006948
66653632681.24893	9558.877517428518
67894068126.96099	9480.398607660554
69157588287.38525	9400.459192028153
70444622772.99051	9319.032090268664
71755609189.36922	9236.08961629014
73090993286.02888	9151.60356875772
74451229107.95128	9065.545221504895
75836779149.97191	8977.885313766355
77248114514.03416	8888.59404022894
78685715069.36842	8797.641040897573
80150069615.6538	8718.290467019231
81641676049.21454	8651.56950303247
83161041532.30962	8583.606850552944
84708682665.57419	8514.379401546523
86285125663.66887	8443.863617934643
87890906534.19963	8372.03552359105
89526571259.96382	8298.870696189759
91192675984.59299	8224.34425890108
92889787201.64516	8148.43087193334
94618481947.21991	8071.104723917032
96379347996.15794	7992.339523128617
98172984061.88821	7912.108488551176
100000000000.0	7830.384340768442
