# Frequency (Hz)	Real Part (Ohm)
1000.0	0.0015374314514000006
1018.6101701559753	0.0015574390983445134
1037.566678745186	0.001577819091003086
1056.875971184804	0.0015985783587928112
1076.5446128423157	0.0016197239600884165
1096.5792912678098	0.0016412630846221838
1116.9868184678226	0.001663203055928535
1137.7741332214914	0.0016855513338341161
1158.9483034398106	0.0017083155169942109
1180.5165285688054	0.001731503345476379
1202.4861420374123	0.001755122703392146
1224.8646137509306	0.0017791816215777005
1247.6595526308697	0.0018036882803244584
1270.8787092020582	0.001827703382206396
1294.529978227916	0.0018512556567447248
1318.6214013947485	0.0018752462431197705
1343.1611700460153	0.0018996832983893981
1368.1576279674719	0.0019245751314157047
1393.619274224142	0.0019499302056901243
1419.5547660501015	0.00197575714221111
1445.9729217920194	0.002002064722415357
1472.882723907502	0.0020288618911635976
1500.2933220192183	0.0020561577597819412
1528.2140360258693	0.0020839616091598272
1556.654359271062	0.002112282892905627
1585.6239617711371	0.0021410762141082355
1615.132693503091	0.0021682394536395263
1645.1905877536624	0.002195908205680479
1675.807864530767	0.0022240918779049177
1706.9949340384078	0.002252800053065077
1738.7624002162504	0.0022820424922498314
1771.1210643450886	0.002311829138203591
1804.0819287193826	0.002342170118706925
1837.6562003881704	0.0023730757500201242
1871.8552949655793	0.002404556540390842
1906.690840512252	0.002436623193627002
1942.1746814890264	0.0024692866127362222
1978.3188827841643	0.0025025579036329383
2015.1357338155585	0.002535031062436405
2052.6377527092523	0.002566877707121141
2090.8376905557498	0.002599317023282355
2129.748535745521	0.002632360040637075
2169.3835183851843	0.0026660179941672304
2209.756114795903	0.002700302327939687
2250.880052095462	0.002735224698997331
2292.7693128656488	0.0027707969813226077
2335.438139906479	0.0028070312698747976
2378.9010410788933	0.002843939884702421
2423.1727942376006	0.0028815353751322093
2468.2684522556924	0.0029198305240359925
2514.2033481427966	0.00295868228989367
2560.9931002584594	0.0029952644101432354
2608.6536176225477	0.0030325273298753078
2657.2011053245064	0.003070483718884105
2706.652070033241	0.0031091464827508603
2757.0233256095826	0.0031485287672318786
2808.3319988231724	0.0031886439627282193
2860.5955351757416	0.0032295057088385848
2913.831704832789	0.003271127898996938
2968.0586086656026	0.0033135246851963987
3023.2946844057765	0.0033567104828010996
3079.5587129142264	0.0034006999754475466
3136.8698245668766	0.0034455081200372175
3195.2475057592133	0.0034890583981257153
3254.711605531848	0.003531777168845605
3315.282342319423	0.0035752909431574476
3376.9803108250912	0.003619614516213362
3439.8264890229243	0.0036647629585057667
3503.8422452906757	0.0037107516209915147
3569.0493456752292	0.0037575961403113626
3635.4699612933177	0.0038053124441066294
3703.126675869927	0.003853916756434743
3772.0424934169973	0.0039034256032855945
3842.240846055061	0.003953855818200569
3913.745601980384	0.004005224547996112
3986.581073580439	0.004057220908299441
4060.7720257003657	0.004106097714619099
4136.343684063274	0.004155884126621041
4213.321743847289	0.004206597072221799
4291.732378422157	0.004258253794369296
4371.602248248501	0.004310871856905656
4452.958509942655	0.0043644691505391004
4535.828825510186	0.004419063898926959
4620.241371751313	0.004474674664871939
4706.224849841281	0.004531320356633659
4793.808495089106	0.004589020234357667
4883.02208687788	0.004647793916624099
4973.895958790063	0.004707661387118204
5066.461008921268	0.00476559484455715
5160.7487103859075	0.004822446440347542
5256.791122018419	0.004880356054009228
5354.620899273607	0.004939343375434832
5454.271305329836	0.004999428460949209
5555.7762223988775	0.005060631740128841
5659.170163246242	0.005122974022748113
5764.488282925873	0.00518647650585484
5871.766390733255	0.005251160780977516
5981.040962380945	0.005317048841466639
6092.349152400711	0.005384163089972707
6205.7288067765	0.005452526346063364
6321.218475812449	0.0055215542139759105
6438.8574272404185	0.005586347229475796
6558.685659571435	0.005652346054019061
6680.743915695614	0.005719573127917163
6805.073696735206	0.0057880513090995955
6931.717276155407	0.005857803880885811
7060.717714137772	0.005928854559901779
7192.118872221193	0.006001227504143938
7325.96542821523	0.006074947321193127
7462.302891391108	0.006150039076581469
7601.17761795533	0.006226528302314903
7742.636826811269	0.006304441005554329
7886.728615614156	0.006383803677458359
8033.501977124735	0.006460255389863948
8183.00681586739	0.006535328152104103
8335.293965098195	0.00661179803122363
8490.415204088747	0.006689691027805373
8648.423275731726	0.006769033626307467
8809.37190447399	0.006849852804068297
8973.31581458352	0.006932176040479123
9140.310748756232	0.0070160313263273495
9310.413487069076	0.007101447173313685
9483.681866285926	0.007188452623746457
9660.174799522645	0.007277077260416277
9839.952296278227	0.007367351216654536
10023.075482838643	0.007458261808454348
10209.606623060476	0.007543492888870989
10399.609139541202	0.007630310134196752
10593.1476351837	0.007718743063230499
10790.287915161836	0.007808821744120957
10991.097009294961	0.007900576804590212
11195.643194838794	0.007994039442347481
11403.99601970033	0.008089241435696629
11616.22632608502	0.008186215154341191
11832.40627458378	0.008284993570390389
12052.609368708414	0.00838561026957
12276.910479883603	0.008488099462641889
12505.385872903913	0.008592495997035977
12738.113231864783	0.008692594038178736
12975.171686575868	0.00879097307274691
13216.641839466038	0.008891182957888178
13462.60579298911	0.008993257766043247
13713.147177539455	0.009097232203746712
13968.351179887397	0.00920314162342771
14228.30457214352	0.00931102203543009
14493.09574126215	0.00942091012025633
14762.81471909391	0.009532843241039325
15037.553212997384	0.009646859456246147
15317.404637020798	0.009762997532618521
15602.46414366368	0.009881296958353774
15892.828656229764	0.010000095761098492
16188.596901781993	0.010111370224544967
16489.86944471065	0.010224715524690188
16796.74872092653	0.010340170200157478
17109.339072690134	0.01045777350678053
17427.746784089173	0.01057756543095074
17752.08011717636	0.01069958670321308
18082.44934877952	0.01082387881211486
18418.96680799711	0.010950484018312345
18761.746914391195	0.011079445368939796
19110.90621689136	0.01121080671224597
19466.56343342263	0.011344612712503003
19828.83949127071	0.011480908865192698
20197.857568198782	0.01161096984245449
20573.743134329114	0.011738941324605446
20956.623994804308	0.011869294377814347
21346.630333242454	0.012002073323523824
21743.8947560008	0.012137323308006074
22148.55233726359	0.012275090317713138
22560.74066496859	0.012415421194912723
22980.599887588487	0.01255836365361513
23408.272761782944	0.012703966295796515
23843.904700937208	0.012852278627924046
24287.643824604504	0.013003351077788697
24739.64100886812	0.013157235011651208
25200.049937640895	0.013311311378495642
25669.027154919517	0.013455544757521934
26146.732118010917	0.013602462344274048
26633.327251749808	0.013752114092314523
27128.978003724646	0.013904550884850184
27633.852900531667	0.01405982455203295
28148.123605075813	0.014217987888582756
28671.964974937695	0.014379094671738167
29205.55512182745	0.014543199679541383
29749.075472144435	0.014710358709463288
30302.71082866393	0.014880628597375106
30866.649433372742	0.015054067236873438
31441.08303147265	0.015230733598964446
32026.206936576502	0.015398509226771396
32622.220097116733	0.015563820251328865
33229.325163989684	0.01573220774218196
33847.72855945983	0.015903728952892007
34477.640547344636	0.016078442202518715
35119.275304507275	0.016256406895449483
35772.850993678774	0.016437683541597456
36438.58983763541	0.01662233377697552
37116.71819475767	0.01681042038465334
37807.466635993485	0.017002007316104083
38511.070023255685	0.017197159712948797
39227.76758927723	0.017395943929105144
39957.803018952654	0.017594365217880274
40701.42453219439	0.017780079168587398
41458.88496832911	0.017969249287517503
42230.441872066716	0.018161939894549336
43016.35758106799	0.018358216506565505
43816.89931514194	0.018558145859728897
44632.33926710397	0.01876179593217385
45462.95469532399	0.018969235967119278
46309.02801799736	0.019180536496412198
47170.84690917023	0.019395769364509353
48048.704396551344	0.019615007752904888
48942.89896114532	0.019838326205013218
49853.73463873894	0.020065800651514247
50781.5211232767	0.020280806237287487
51726.57387216024	0.020493011247064666
52689.21421350677	0.020709165428181714
53669.76945540476	0.020929342275389277
54668.57299720181	0.021153616651187805
55685.96444286408	0.021382064811281538
56722.28971644549	0.02161476443050648
57777.90117970507	0.021851794629240376
58853.1577519145	0.022093236000304824
59948.42503189408	0.022339170636367495
61064.07542232036	0.02258968215785452
62200.48825634718	0.022844855741382487
63358.04992658254	0.023098763226945002
64537.15401646702	0.02333648585748931
65738.20143409586	0.023578632546637984
66961.60054853215	0.023825285626874387
68207.76732865692	0.024076528962903535
69477.1254846024	0.0243324479801667
70770.10661181889	0.024593129693887307
72087.15033782135	0.024858662738656792
73428.70447166759	0.025129137398571467
74795.22515621828	0.025404645637930066
76187.17702322999	0.025685281132502475
77605.0333513357	0.025971139301380668
79049.2762269642	0.02626231733942218
80520.39670825469	0.026536281651916266
82018.8949920221	0.02680721425703199
83545.28058382872	0.027083188964029708
85100.07247122246	0.027364299607283392
86683.79930019773	0.02765064176744067
88296.99955494082	0.02794231280392131
89940.22174092053	0.028239411888020465
91614.0245713852	0.02854204003662785
93318.9771573324	0.028850300146574814
95055.65920101192	0.029164297029620194
96824.66119303115	0.029484137448087484
98626.5846131283	0.02980993015116525
100462.04213468132	0.03013308161675683
102331.65783302448	0.030435892051519257
104236.06739764012	0.0307443378399976
106175.9183482999	0.031058523857083426
108151.87025522892	0.03137855692940788
110164.59496336569	0.0317045458716638
112214.77682079801	0.03203660152360408
114303.11291144785	0.03237483678772819
116430.31329208757	0.032719366667670426
118597.10123376705	0.033070308307302246
120804.21346773289	0.033427781030562376
123052.40043592616	0.03379190638202851
125342.42654613995	0.034162808168243526
127675.07043192645	0.034510284946987616
130051.12521734099	0.034854694622426866
132471.39878661174	0.03520551382052939
134936.71405883064	0.03556286182360255
137447.90926775365	0.03592686013381781
140005.8382468096	0.03629763251452268
142611.37071941295	0.03667530503232163
145265.39259467812	0.037060006099940035
147968.80626863963	0.03745186651988598
150722.53093107554	0.037851019528924515
153527.5028780421	0.03825760084337953
156384.67583022476	0.038671748705278834
159295.0212572123	0.03908125076107835
162259.5287078087	0.039465504434629234
165279.2061464897	0.039856909134428
168355.08029612005	0.04025559794228975
171488.19698705408	0.040661706416705204
174679.62151272455	0.041075372638931254
177930.43899185772	0.04149673725994073
181241.75473742394	0.04192594354824494
184614.69463245454	0.042363137438606424
188050.40551285836	0.04280846758165877
191550.0555573528	0.04326208539444884
195114.83468466165	0.04372414511192074
198745.9549580986	0.04419480383935706
202444.65099768018	0.04463397732971391
206212.18039991445	0.04507036386163783
210049.8241653915	0.04551487162117454
213958.88713434213	0.045967651745751924
217940.6984302958	0.046428858185490966
221996.61191199525	0.04689864775555049
226128.00663372793	0.0473771801894464
230336.2873142131	0.04786461819336225
234622.88481422624	0.04836112750147146
238989.25662310526	0.048866876932288625
243436.8873543108	0.04938203844606951
247967.289250216	0.04990678720327978
252582.00269627848	0.05042405025986433
257282.59674479323	0.05091031343003062
262070.66964838552	0.051405626040534336
266947.8494034318	0.05191015650299977
271915.7943036019	0.052424076363220704
276976.1935036891	0.05294756035948685
282130.76759394706	0.05348078648199741
287381.2691851069	0.05402393603337957
292729.4835042813	0.05457719369033295
298177.22900196735	0.05514074756642248
303726.3579703311	0.055714789276038026
309378.75717301364	0.056299513999546164
315136.34848664823	0.05689512054965321
321001.08955431683	0.057448827723037416
326974.97445117676	0.05800049933033991
333060.03436245886	0.05856243764012444
339258.33827409917	0.05913483371747124
345571.9936762143	0.05971788218321412
352003.1472796675	0.06031178128011356
358553.9857459817	0.06091673294026189
365226.7364308175	0.061532942853741654
372023.6681413066	0.062160620538563055
378947.09190746717	0.0627999794119022
385999.36176797637	0.06345123686266477
393182.87557057705	0.0641146143254015
400500.07578736113	0.06476655423946162
407953.45034524484	0.0653807733900651
415545.53347188793	0.0660064232635744
423278.90655735444	0.06664371658768771
431156.19903182285	0.06729287004900211
439180.0892596086	0.06795410436668887
447353.3054498463	0.06862764436754074
455678.6265841068	0.06931371906241535
464158.8833612772	0.0700125617241012
472796.9591600391	0.07072440996663341
481595.79101923504	0.07144950582608428
490558.37063650455	0.07218809584285893
499687.7453854889	0.07294043114552136
508987.0193519675	0.0736374241699265
518459.3543892913	0.07433380917609267
528107.971193433	0.07504315402571755
537936.1503980698	0.07576569990369325
547947.2336900292	0.07650169248340366
558144.6249454955	0.07725138201025583
568531.7913873753	0.07801502338676705
579112.2647641759	0.07879287625923322
589889.6425508494	0.07958520510601225
600867.5891719692	0.08039227932744943
612049.837247669	0.08121437333747589
623440.1888627863	0.08205176665691338
635042.5168595961	0.0828722834763369
646860.7661546321	0.08364722779988379
658898.9550799957	0.08443659396915335
671161.1767496272	0.08524065037714824
683651.6004510238	0.08605967041171109
696374.4730628222	0.08689393254847821
709334.1204987989	0.08774372044556528
722534.9491787221	0.08860932304001368
735981.4475265755	0.08949103464603207
749678.1874966878	0.09038915505506713
763629.8261282243	0.09130398963773488
777841.1071286482	0.09223584944765048
792316.8624866261	0.09318505132719038
807062.0141149492	0.09406154390248117
822081.575524054	0.0949398073888158
837380.6535266489	0.09583441550807274
852964.4499741016	0.09674567243665202
868838.2635251193	0.09767388801172806
885007.4914473438	0.09861937783659759
901477.6314524917	0.0995824633879887
918254.2835656281	0.10056347212536595
935343.1520292377	0.10156273760227033
952750.0472427299	0.10258059957973092
970480.8877380306	0.10361740414178734
988541.7021919573	0.10467350381316201
1006938.6314760271	0.10570529511722013
1025677.9307444209	0.10668233838519442
1044765.9715608053	0.10767756459463557
1064209.2440647245	0.10869131213317804
1084014.359178331	0.10972392568590797
1104188.0508541602	0.11077575635255954
1124737.1783647507	0.11184716176689276
1145668.7286348727	0.11293850621829293
1166989.8186171474	0.11405016077563226
1188707.6977119034	0.11518250341343839
1210829.7502320393	0.11633591914040886
1233363.4979137746	0.11751080013031892
1256316.6024741214	0.1187075458553644
1279696.8682159416	0.11980911942160154
1303512.2446815087	0.12091616850515557
1327770.829355429	0.12204381996052559
1352480.8704178738	0.12319245720135663
1377650.769549055	0.12436247077668727
1403289.084785873	0.12555425850373933
1429404.533431761	0.1267682256031817
1456005.9950206485	0.1280047848369085
1483102.514336103	0.12926435664838284
1510703.3044866556	0.13054736930559255
1538817.7500383465	0.13185425904666503
1567455.410205595	0.13318547022819402
1596626.022101425	0.1344822733103972
1626339.5040481905	0.1357136144125262
1656605.9589499151	0.13696787098208602
1687435.6777273756	0.1382454694798245
1718839.1428171454	0.1395468443029969
1750827.0317357269	0.14087243793306534
1783410.220710006	0.14222270108614682
1816599.7883753285	0.14359809286626274
1850407.019542302	0.14499908092143762
1884843.4090337954	0.14642614160270565
1919920.6655932867	0.14787976012607532
1955650.715865947	0.14936043073750646
1992045.7084538713	0.1508686568809615
2029118.0180466783	0.1522526349665473
2066880.2496290822	0.15364762835391327
2105345.242766708	0.15506858280558478
2144526.0759716653	0.15651598146138557
2184436.0711494284	0.15799031645245457
2225088.7981283693	0.1594920890685741
2266498.079273693	0.1610218099286152
2308677.994187172	0.162579999154153
2351642.884494346	0.16416718654631293
2395407.358720879	0.1657839117659106
2439986.29725955	0.16743072451694038
2485394.857429798	0.16910818473348185
2531648.478631358	0.17073757637664252
2578762.8875937983	0.17228902767987228
2626754.1037238385	0.17386935175584434
2675638.4445520453	0.17547908593177156
2725432.531281028	0.17711877753461863
2776153.2944368036	0.17878898407719837
2827817.979625338	0.18049027344773058
2880444.1533962977	0.1822232241029334
2934049.709215787	0.1839884252647012
2988652.873550383	0.18578647712044918
3044272.2120643063	0.18761799102718196
3100926.6359319235	0.18948358971936174
3158635.408267819	0.1913839075206461
3217418.1506763715	0.1931223335524573
3277294.849923382	0.1948798398844195
3338285.8647317644	0.19667005370827007
3400411.9327037027	0.1984935837159976
3463694.1773717343	0.20035104992745384
3528154.1153808828	0.20224308390116405
3593813.6638046256	0.2041703289490659
3660695.147596906	0.20613344035524162
3728821.30718283	0.20813308559872104
3798215.306190736	0.21016994458043373
3868900.7393279755	0.2122447098543794
3940901.6404034477	0.214358086863107
4014242.490499326	0.2164049982324438
4088948.226294856	0.21835949894024376
4165044.248545185	0.22035037323878623
4242556.430717777	0.22237829804678363
4321511.127789762	0.22444396288052126
4401935.1852088785	0.2265480700883003
4483855.948021181	0.22869133508924194
4567301.270168747	0.23087448661654095
4652299.523960189	0.2330982669652392
4738879.609717651	0.235363432244616
4827070.965603188	0.2376707526352738
4916903.577628021	0.24002101265100553
5008407.989848212	0.24241501140554136
5101615.314749833	0.24459839152750273
5196557.243827657	0.24681237102184372
5293266.058360566	0.2490675530512965
5391774.640387494	0.25136470440204955
5492116.483887789	0.25370460613031465
5594325.706169377	0.2560880538278908
5698437.0594691355	0.25851585789267667
5804485.942768984	0.26098884380421383
5912508.413831869	0.2635078524043575
6022541.201461928	0.2660737401831749
6134621.717992506	0.2686873795701567
6248788.072006888	0.2713496592308568
6365079.081295578	0.2739207950601014
6483534.286054714	0.2763828411107974
6604193.962330305	0.2788907062574292
6727099.135712336	0.2814452432011676
6852291.595284057	0.2840473205120991
6979813.907830667	0.28669782292454576
7109709.432312423	0.28939765163788644
7242022.334607315	0.2921477246229752
7376797.60252773	0.2949489769342574
7514081.061116962	0.2978023610277024
7653919.388230155	0.30070884708464696
7796360.130405221	0.3036694233416669
7941451.71902934	0.30668509642659014
8089243.486805938	0.30942710468202467
8239785.684528512	0.3122159290450123
8393129.498166373	0.3150566539039309
8549327.066268368	0.3179502451358394
8708431.497690724	0.3208976865929361
8870496.889654402	0.3238999804370738
9035578.34613892	0.32695814748050916
9203731.99661823	0.3300732275329887
9375015.01514529	0.3332462797552939
9549485.639791967	0.33647838301937016
9727203.192450536	0.33977063627515236
9908228.099003786	0.34312415892422155
10092621.909870483	0.34635355332483475
10280447.320933098	0.3494547816797374
10471768.194855202	0.35261372442201677
10666649.582795387	0.3558314556262432
10865157.746525371	0.3591090693556963
11067360.180959744	0.3624476800343608
11273325.63710487	0.36584842282583924
11483124.14543511	0.3693124540193238
11696827.039703846	0.37284095142274465
11914506.981197748	0.3764351147632385
12136237.983442418	0.38009616609506713
12362095.437367693	0.3838253502151308
12592156.13694151	0.38761872552581234
12826498.3052806	0.3910673258849503
13065201.621247198	0.3945801052835718
13308347.24654076	0.39815825810452227
13556017.853293689	0.4018030009583145
13808297.652180923	0.4055155730967904
14065272.421052363	0.4092972368344797
14327029.534098294	0.4131492779778003
14593657.991557576	0.4170730062622462
14865248.449978571	0.421069755797711
15141893.25304352	0.4251408855221016
15423686.462966273	0.42928777966339016
15710723.892474487	0.4335118482102671
16003103.137387017	0.437567845667122
16300923.609797413	0.4414740707235788
16604286.571875297	0.44545299129300353
16913295.17029647	0.44950596025126277
17228054.471313924	0.4536343556514718
17548671.49648152	0.4578395811925503
17875255.259042352	0.4621230666964921
18207916.800994623	0.46648626859452313
18546769.230846975	0.4709306704223013
18891927.762076646	0.4754577833243359
19243509.75230332	0.480069146567793
19601634.743191857	0.4847663280658615
19966424.501097932	0.4895312422079456
20338003.0584698	0.4938749589040625
20716496.75602067	0.4982995129070033
21102034.285685964	0.5028064086128039
21494746.734379806	0.5073971784145642
21894767.628566206	0.5120733832234821
22302232.979659364	0.516836612999578
22717281.330269028	0.5216884872922993
23140053.80130654	0.5266306557911838
23570694.139967278	0.5316647988867719
24009348.76860652	0.5367926282419581
24456166.83452444	0.542015887373975
24911300.26067791	0.5473363522472088
25374903.797335718	0.5524303772059339
25847135.07469564	0.5573504558111404
26328154.656480197	0.5623620979163705
26818126.094530128	0.56746700753394
27317215.98441379	0.5726669203881236
27825594.022071257	0.5779636045053196
28343433.061513092	0.5833588608151993
28870909.173592344	0.5888545237630405
29408201.705870606	0.5944524619334611
29955493.34359816	0.6001545786857562
30512970.171828706	0.6059628128010602
31080821.738690637	0.6118791391415558
31659241.119835205	0.6178642577618799
32248424.98408439	0.6233353398019936
32848573.66030047	0.6289082396098123
33459891.20549975	0.634584852031316
34082585.47423452	0.6403671071758932
34716868.189265594	0.6462569710725965
35362955.013550386	0.6522564463386126
36021065.62357073	0.6583675728601767
36691423.78402494	0.6645924284861514
37374257.42391064	0.6709331297345216
38069798.71402284	0.6773918325120318
38778284.14589453	0.683970732847219
39499954.61220647	0.6906720676370837
40235055.48869293	0.6970696386165296
40983836.717572615	0.7032666365051502
41746552.89253134	0.7095789615789341
42523463.34528677	0.7160087600964216
43314832.23376403	0.7225582182583882
44120928.631911896	0.7292295629511778
44942026.62119142	0.7360250625038697
45778405.38376616	0.7429470274595319
46630349.29742726	0.7499978113608324
47498148.03228505	0.7571798115502705
48382096.649259575	0.764495469985293
49282495.700405136	0.7719472740685944
50199651.33110079	0.7794649251395723
51133875.38414321	0.7863558992400524
52085485.50577665	0.7933751155410835
53054805.25369574	0.8005249606518382
54042164.20705915	0.8078078655966927
55047898.078549676	0.8152263066418003
56072348.82852027	0.8227828061370501
57115864.78126434	0.8304799333736905
58178800.74344935	0.8383203054579165
59261518.124755524	0.8463065882007155
60364385.060758635	0.8544414970242725
61487776.53810017	0.8627277978852381
62632074.521986924	0.8711683082151915
63797668.08606282	0.8792028691646129
64984953.54469889	0.8870081267366275
66194334.587743886	0.894958641480169
67426222.41778335	0.9030571166559149
68681035.88995308	0.9113063058326862
69959201.65435374	0.9197090138236852
71261154.30111745	0.9282680976401676
72587336.50817245	0.936986467462854
73938199.19175874	0.9458670876314245
75314201.65974376	0.9549129776524216
76715811.76779301	0.9641272132259215
78143506.07844542	0.9735129272913013
79597770.02314977	0.9829553919063095
81079098.06731695	0.9916347043861748
82587993.87844272	1.0004755403481258
84124970.49736118	1.0094809057716498
85690550.51268347	1.018653862578022
87285266.2384837	1.0279975296713948
88909659.89529167	1.037515083999257
90564283.79445294	1.0472097616326284
92249700.52592173	1.0570848588663635
93966483.1495469	1.0671437333399258
95715215.38991857	1.0773898051790187
97496491.83484097	1.0878265581584685
99310918.137498	1.098457540886741
101159111.22238298	1.108547832067467
103041699.49505854	1.1183786810243042
104959323.05582266	1.1283924837530077
106912633.91734771	1.1385926450544013
108902296.22637327	1.1489826330932318
110928986.48952228	1.1595659805773808
112993393.80332193	1.1703462859590292
115096220.0885031	1.1813272146581668
117238180.32865997	1.1925125003088657
119420002.8133535	1.203905946028768
121642429.3857368	1.2155114257121773
123906215.6947913	1.2273328853472363
126212131.45225461	1.2391928578764848
128560960.69432965	1.2501245760417894
130953502.04826704	1.261259735342247
133390569.00390588	1.2726021218519987
135872990.19027063	1.2841555921046708
138401609.65731302	1.29592407440464
140977287.16289675	1.3079115701626898
143600898.46512634	1.32012215525654
146273335.620113	1.3325599814166877
148995507.28528506	1.3452292776380477
151768339.02834037	1.3581343516178461
154592773.64194784	1.371279591220283
157469771.46430898	1.3846694659684635
160400310.70568198	1.397341337735928
163385387.78098568	1.4097234188570027
166426017.64859018	1.4223359326146279
169523234.15541214	1.4351831673993776
172678090.38843593	1.4482694914095047
175891659.03277326	1.4615993541361738
179165032.73638958	1.475177287876342
182499324.48161504	1.4890079092737836
185895667.9635688	1.5030959208887948
189355217.9756299	1.517446112797121
192879150.80207777	1.5320633642186294
196468664.61804405	1.5469526451763043
200124979.8969035	1.5618489335075094
203849339.82524642	1.575617564640111
207643010.7255779	1.5896424323409057
211507282.48687947	1.603928305216023
215443469.00318778	1.6184800406161735
219452908.62033114	1.6333025862881891
223536964.59097964	1.6484009820573051
227697025.53816846	1.6637803615407665
231934505.92744273	1.679445953893305
236250846.547794	1.695403085585119
240647515.00154215	1.7116571822129218
245126006.20333397	1.7282137703447007
249687842.8884332	1.745078479398814
254334576.13046482	1.7609922914186085
259067785.8688001	1.776587670337744
263889081.44575077	1.792473281912214
268800102.15376073	1.808654527421117
273802517.7927863	1.8251369086622766
278898029.23804396	1.8419260298229063
284088369.0183295	1.8590275993851038
289375301.9050947	1.8764474320667914
294760625.51248586	1.8941914507987758
300246170.90855557	1.9122656887386125
305833803.23784316	1.9306762913219442
311525422.35554785	1.949429518352027
317322963.4734973	1.9681393288577154
323228397.81813806	1.9854810919960761
329243733.30077755	2.003145588297247
335371015.2002929	2.0211388238802965
341612326.8585518	2.0394669166392045
347969790.3887688	2.058136098322994
354445567.3970435	2.0771527166545924
361041859.71733445	2.0965232374891323
367760910.160103	2.1162542470124084
374605003.2748981	2.1363524539802627
381576466.1271245	2.1568246919996232
388677669.0892668	2.1776779218519957
395911026.6468467	2.1989192338602255
403278998.21937054	2.2189042766140505
410784088.99656343	2.2385468750226787
418428850.79015756	2.2585550255299993
426215882.9015325	2.2789355311227695
434147833.0055101	2.299695321392486
442227398.0505897	2.320841454891519
450457325.17594445	2.3423811215331094
458840412.64547515	2.364321645036008
467379510.7992463	2.386670485414607
476077523.0226378	2.4094352415154408
484937406.7335233	2.432623653600865
493962174.38783056	2.4562436059808457
503154894.5038046	2.4797431134167076
512518692.70533323	2.501585356350105
522056752.7846986	2.523834087141081
531772317.7850967	2.546496870597827
541668691.1033136	2.56958141231091
551749237.6129117	2.5930955612732527
562017384.8083187	2.6170473125488565
572476623.970219	2.6414448099912335
583130511.3526218	2.6662963490123865
593982669.3920338	2.691610379403362
605036787.9391212	2.717395508207253
616296625.5132942	2.7436605026456777
627766010.5806513	2.7704142930997486
639448842.8556936	2.7955120578962345
651349094.6272782	2.820252331077
663470812.1092337	2.8454530249513725
675818116.816111	2.871122708026794
688395206.964551	2.8972701082721004
701206358.9007177	2.923904116085104
714255928.5543104	2.9510337873154406
727548352.9196217	2.9786683463436563
741088151.5641569	3.006817189217573
754879928.1653446	3.035489886847066
768928372.0758306	3.0646961882582695
783238259.9179205	3.0944460239083673
797814457.2076613	3.1239613917217466
812661920.0091946	3.151472318975192
827785696.619849	3.179495229265974
843190929.286625	3.2080396506855258
858882855.9546258	3.237115288644707
874866812.0479896	3.2667320291736948
891148232.2840202	3.296899942283398
907732652.5210242	3.3276292853893255
924625711.6405733	3.3589305067992283
941833153.4647961	3.3908142492656665
959360828.7093127	3.4232913536046063
977214696.9725724	3.4563728623814742
995400828.7621539	3.4900700236656963
1013925407.5588143	3.5215886656528075
1032794731.9189526	3.5527500097908398
1052015217.6161569	3.584491271845561
1071593399.8226712	3.6168232441880943
1091535935.3313932	3.6497569200374014
1111849604.81927	3.683303497198118
1132541315.1528125	3.7174743818679543
1153618101.736476	3.7522811925158663
1175087130.9048076	3.7877357638325324
1196955702.3590453	3.8238501507542075
1219231251.6491096	3.860636632561569
1241921352.7017846	3.898107717054811
1265033720.3959012	3.935179353957781
1288576213.185518	3.969830879570999
1312556835.7718453	4.005127275972042
1336983741.8249452	4.041080544315998
1361865236.7560828	4.077702909101501
1387209780.541618	4.115006822327171
1413025990.5995336	4.153004967725461
1439322644.7194095	4.1917102650752245
1466108684.0469828	4.231135874594598
1493393216.1242533	4.271295201415641
1521185517.9861019	4.312201900142162
1549495039.3146317	4.353869879492508
1578331405.6521199	4.396313307028624
1607704421.673822	4.4358963648120815
1637624074.521689	4.475146513525329
1668100537.2000556	4.51512711418477
1699144172.0346258	4.555851760625428
1730765534.1957276	4.597334299665891
1762975375.2872038	4.639588835816389
1795784647.0020967	4.682629736074521
1829204504.8462899	4.726471634810105
1863246311.9315598	4.7711294387411405
1897921642.8391032	4.816618332002117
1933242287.5550432	4.862953781306883
1969220255.4791734	4.910151541207469
2005867779.5082297	4.956715274994326
2043197320.1952705	5.00036274882769
2081221569.9863415	5.044822509575967
2119953457.536069	5.090109674036857
2159406152.1035676	5.136239640334257
2199593068.0300703	5.18322809315373
2240527869.3000183	5.2310910090755485
2282224474.1869006	5.279844662006834
2324697059.9856453	5.3295056287148865
2367960067.833079	5.380090794463492
2412028207.618002	5.431617358754038
2456916462.98279	5.484102841173598
2502640096.4179215	5.537565087351704
2549214654.4514203	5.587278657533718
2596655972.934872	5.636720527686825
2644980182.4277143	5.6870825194563
2694203713.6818824	5.738381756462012
2744343303.2283683	5.790635680997273
2795415999.067865	5.843862059959451
2847439166.4672475	5.89807899089089
2900430493.8639855	5.953304908132298
2954407998.8803797	6.0095585890906005
3009390034.449724	6.066859160623437
3065395295.056536	6.125226105542534
3122442823.0928583	6.184679269238046
3180552015.3329134	6.243169543209991
3239742629.5281954	6.29815362948265
3300034791.1252885	6.35416097895672
3361449000.108775	6.411210634734483
3424006137.9714255	6.469321994313596
3487727474.8141704	6.528514816182475
3552634676.5781393	6.588809226538355
3618749812.411284	6.650225726130418
3686095362.1721687	6.712785197230266
3754694224.0733366	6.776508910732143
3824569722.4669914	6.84141853338526
3895745615.775501	6.90753613516072
3968246104.5694857	6.974884196755533
4042095839.796318	7.03732867806715
4117319931.1616793	7.099617159401438
4193943955.6671777	7.163064839972112
4271993966.306777	7.227693292674223
4351496500.925055	7.293524491878038
4432478591.24041	7.3605808209006085
4514967772.036101	7.4288850796163075
4598992090.5224285	7.498460492209086
4684580115.873045	7.5693307150689
4771760948.938751	7.641519844835132
4860564232.142149	7.71505242658972
4951020159.556351	7.7899534622027575
5043159487.171348	7.863436173481966
5137013543.351338	7.932714920014027
5232614239.486667	8.003282955807242
5329994080.844104	8.07516427475414
5429186177.618942	8.148383317277663
5530224256.192888	8.222964978641203
5633142670.601352	8.298934617413252
5737976414.21414	8.376318064089538
5844761131.633649	8.455141629875728
5953533130.81437	8.535432115633474
6064329395.408049	8.617216820993086
6177187597.338489	8.700523553635614
6292146109.610351	8.785380638747753
6409244019.35647	8.863836923587842
6528521141.127848	8.942332028252528
6650018030.431105	9.02228794017143
6773775997.517745	9.10373184521615
6899837121.430025	9.186691435191905
7028244264.308367	9.271194917253187
7159041085.964888	9.357271023494379
7292272058.728297	9.444949020719083
7427982482.56491	9.5342587203911
7566218500.481063	9.625230488770587
7707027114.212319	9.717895257239006
7850456200.204509	9.812284532816069
7996554525.892329	9.904632204321132
8145371766.280737	9.991956986044757
8296958520.834915	10.0809068968151
8451366330.684739	10.17151218056023
8608647696.149244	10.263803644052867
8768856094.587408	10.357812667385048
8932045998.58096	10.453571214637654
9098272894.455566	10.551111844748528
9267593301.146902	10.650467722582881
9440064789.417603	10.751672630209713
9615746001.432076	10.854760978388091
9794696670.695385	10.959767818267194
9976977642.36321	11.066728853303989
10162650893.929972	11.165357033942813
10351779556.301762	11.264332284059403
10544427935.261662	11.365149480421909
10740661533.334322	11.46784290196338
10940547072.057436	11.572447465553648
11144152514.667904	11.67899873787142
11351547089.20999	11.787532947497331
11562801312.07373	11.898086997232125
11777987011.97118	12.010698476643945
11997177354.358854	12.12540567484913
12220446866.314913	12.242247593531033
12447871461.879063	12.361263960200937
12679528467.864315	12.477397201039494
12915496650.148827	12.587558848138936
13155856240.457052	12.699770622235555
13400688963.639534	12.814070676541617
13650078065.460136	12.930497874307125
13904108340.900667	13.049091802033836
14162866162.991974	13.169892782935028
14426439512.181587	13.292941890645801
14694918006.248201	13.418280963188618
14968392930.772554	13.545952617198617
15246957270.1757	13.676000262413837
15530705739.334583	13.808468116434927
15819734815.786015	13.943401219759547
16114142772.530231	14.06752890432949
16414029711.444664	14.192473323755573
16719497597.31985	14.319742980087218
17030650292.528427	14.449381146378919
17347593592.339325	14.581431901004011
17670435260.889503	14.715940142641903
17999285067.824764	14.852951605544026
18334254825.62285	14.992512875084078
18675458427.61074	15.134671403597485
19023011886.689457	15.279475526515654
19377033374.77993	15.426974478800613
19737643263.002552	15.577218411685388
20104964162.604927	15.723464265016423
20479120966.650833	15.86266562498574
20860240892.485046	16.00445754595003
21248453524.988873	16.1488882386902
21643890860.6402	16.29600681119799
22046687352.394028	16.44586328537324
22456979955.397717	16.598508614031907
22874908173.55704	16.75399469823043
23300614106.96929	16.912374404912768
23734242500.23866	17.073701584885686
24175940791.69123	17.238031091128683
24625859163.505444	17.405418797444543
25084150592.775414	17.575921617456956
25550970903.525124	17.73250568377653
26026478819.690044	17.890605163058584
26510836019.085308	18.051646900551656
27004207188.377697	18.21568565218171
27506760079.080673	18.382777192891773
28018665564.59201	18.552978335606088
28540097698.292374	18.726346950547
29071233772.725693	18.90294198491169
29612254379.880314	19.082823482914623
30163343472.591972	19.266052606203317
30724688427.090096	19.452691654653954
31296480106.707504	19.642804087553944
31878912926.77636	19.82748790125102
32472184920.731255	20.003973369925614
33076497807.442425	20.183743263202313
33692057059.802742	20.366858704781805
34319071974.590427	20.553381955887254
34957755743.632645	20.743376436433806
35608325526.29274	20.936906746592065
36271002523.30648	21.134038688752725
36946012051.993095	21.334839289900156
37633583622.865326	21.539376824402325
38333951017.6659	21.747720837224858
39047352368.85556	21.95994216757704
39774030240.58036	22.17611297299782
40514231711.14655	22.374576914350495
41268208457.02952	22.575580047951693
42036216838.44701	22.780323884071105
42818517986.52406	22.988878037819124
43615377892.080055	23.20131341985513
44427067496.06892	23.417702260497983
45253862781.70167	23.638118134285
46096044868.284195	23.862635984988273
46953900106.80053	24.091332151096232
47827720177.27485	24.324284391769485
48717802187.94641	24.56157191327988
49624448776.28914	24.803275395941423
50547968211.912254	25.037831712020196
51488674501.37487	25.2630940541629
52446887494.95119	25.492548566822602
53422932995.38363	25.726273267005993
54417142868.658875	25.96434762362938
55429855156.84652	26.206852584539295
56461414193.036606	26.45387060403548
57512170718.41614	26.705485670906075
58582482001.525475	26.96178333698494
59672711959.7331	27.22285074624005
60783231282.972115	27.488776664403577
61914417559.77835	27.759651509153084
63066655405.67406	28.035567380854335
64240336593.94204	28.289526313927485
65435860188.83229	28.54751038147293
66653632681.24893	28.810295576412933
67894068126.96099	29.07797124854528
69157588287.38525	29.35062841048263
70444622772.99051	29.628359768597893
71755609189.36922	29.91125975454527
73090993286.02888	30.199424557368236
74451229107.95128	30.492952156204776
75836779149.97191	30.79194235360113
77248114514.03416	31.09649680944601
78685715069.36842	31.406719075535847
80150069615.6538	31.70805476154829
81641676049.21454	31.99944394615503
83161041532.30962	32.2962559330689
84708682665.57419	32.59859164156357
86285125663.66887	32.906553869037495
87890906534.19963	33.22024732596638
89526571259.96382	33.53977867150547
91192675984.59299	33.865256549755294
92889787201.64516	34.19679162670133
94618481947.21991	34.53449662784193
96379347996.15794	34.87848637651638
98172984061.88821	35.22887783294547
100000000000.0	35.58579013400002
