# Frequency (Hz)	Real Part (Ohm/m)
1000.0	29262805.75751924
1018.6101701559753	29297467.626403898
1037.566678745186	29332774.55856642
1056.875971184804	29368738.558744173
1076.5446128423157	29405371.855084732
1096.5792912678098	29442686.90330355
1116.9868184678226	29480696.390919093
1137.7741332214914	29519413.241566725
1158.9483034398106	29558850.6193928
1180.5165285688054	29599021.933530733
1202.4861420374123	29639940.84266016
1224.8646137509306	29681621.25965107
1247.6595526308697	29724077.35629435
1270.8787092020582	29755183.914613053
1294.529978227916	29775214.94879903
1318.6214013947485	29795618.76393962
1343.1611700460153	29816402.297551796
1368.1576279674719	29837572.61626094
1393.619274224142	29859136.918203503
1419.5547660501015	29881102.53547454
1445.9729217920194	29903476.93662055
1472.882723907502	29926267.729179032
1500.2933220192183	29949482.66226502
1528.2140360258693	29973129.629205894
1556.654359271062	29997216.670225214
1585.6239617711371	30021248.95334535
1615.132693503091	30025928.727580648
1645.1905877536624	30030695.593210768
1675.807864530767	30035551.171021372
1706.9949340384078	30040497.111961238
1738.7624002162504	30045535.097703572
1771.1210643450886	30050666.841217816
1804.0819287193826	30055894.087352056
1837.6562003881704	30061218.61342631
1871.8552949655793	30066642.22983679
1906.690840512252	30072166.780671537
1942.1746814890264	30077794.144337367
1978.3188827841643	30083526.234198533
2015.1357338155585	30080597.47598198
2052.6377527092523	30070000.202055573
2090.8376905557498	30059205.711058214
2129.748535745521	30048210.332746662
2169.3835183851843	30037010.328573804
2209.756114795903	30025601.890417524
2250.880052095462	30013981.13928595
2292.7693128656488	30002144.12399848
2335.438139906479	29990086.819842365
2378.9010410788933	29977805.127204295
2423.1727942376006	29965294.87017642
2468.2684522556924	29952551.795136563
2514.2033481427966	29938971.412987452
2560.9931002584594	29913629.572316587
2608.6536176225477	29887816.115678795
2657.2011053245064	29861522.266220648
2706.652070033241	29834739.083750024
2757.0233256095826	29807457.461696323
2808.3319988231724	29779668.124014042
2860.5955351757416	29751361.622028988
2913.831704832789	29722528.331225492
2968.0586086656026	29693158.447973974
3023.2946844057765	29663241.98619766
3079.5587129142264	29632768.77397725
3136.8698245668766	29601728.450092208
3195.2475057592133	29565864.808113787
3254.711605531848	29526000.98415304
3315.282342319423	29485395.28764533
3376.9803108250912	29444033.9122163
3439.8264890229243	29401902.794552654
3503.8422452906757	29358987.609620422
3569.0493456752292	29315273.76579433
3635.4699612933177	29270746.39989646
3703.126675869927	29225390.372142635
3772.0424934169973	29179190.260994706
3842.240846055061	29132130.357917096
3913.745601980384	29084194.662035685
3986.581073580439	29035151.340234857
4060.7720257003657	28982512.399543583
4136.343684063274	28928893.839209218
4213.321743847289	28874277.428343516
4291.732378422157	28818644.59677829
4371.602248248501	28761976.428751376
4452.958509942655	28704253.656475045
4535.828825510186	28645456.653584793
4620.241371751313	28585565.428466085
4706.224849841281	28524559.617457062
4793.808495089106	28462418.477924652
4883.02208687788	28399120.881211888
4973.895958790063	28334645.30545381
5066.461008921268	28270029.307647407
5160.7487103859075	28204961.57322257
5256.791122018419	28138682.917188413
5354.620899273607	28071170.80408775
5454.271305329836	28002402.279074695
5555.7762223988775	27932353.960109785
5659.170163246242	27861002.0300098
5764.488282925873	27788322.228349693
5871.766390733255	27714289.84321377
5981.040962380945	27638879.70279342
6092.349152400711	27562066.16682838
6205.7288067765	27483823.117888737
6321.218475812449	27404760.59989014
6438.8574272404185	27330009.67517234
6558.685659571435	27253867.623026215
6680.743915695614	27176308.55433364
6805.073696735206	27097306.098175563
6931.717276155407	27016833.39286562
7060.717714137772	26934863.07681697
7192.118872221193	26851367.27923891
7325.96542821523	26766317.610660613
7462.302891391108	26679685.153278366
7601.17761795533	26591440.451123193
7742.636826811269	26501553.500045564
7886.728615614156	26409993.737513565
8033.501977124735	26323322.12467522
8183.00681586739	26239246.66079896
8335.293965098195	26153606.538234018
8490.415204088747	26066372.638415974
8648.423275731726	25977515.300878927
8809.37190447399	25887004.313170724
8973.31581458352	25794808.900580276
9140.310748756232	25700897.715673923
9310.413487069076	25605238.827636912
9483.681866285926	25507799.711416602
9660.174799522645	25408547.236663584
9839.952296278227	25307447.656467013
10023.075482838643	25206306.044918474
10209.606623060476	25116277.713411674
10399.609139541202	25024573.93933669
10593.1476351837	24931163.54242223
10790.287915161836	24836014.762126833
10991.097009294961	24739095.246840015
11195.643194838794	24640372.042882264
11403.99601970033	24539811.58330052
11616.22632608502	24437379.676455006
11832.40627458378	24333041.494393703
12052.609368708414	24226761.56101046
12276.910479883603	24118503.739982784
12505.385872903913	24008231.222485077
12738.113231864783	23907608.467761233
12975.171686575868	23811828.76089528
13216.641839466038	23714266.577387057
13462.60579298911	23614888.745042957
13713.147177539455	23513661.474329203
13968.351179887397	23410550.34688304
14228.30457214352	23305520.30381013
14493.09574126215	23198535.633764148
14762.81471909391	23089559.960804522
15037.553212997384	22978556.23202826
15317.404637020798	22865486.704971526
15602.46414366368	22750312.934776813
15892.828656229764	22636191.04638412
16188.596901781993	22538219.822810363
16489.86944471065	22438425.338095516
16796.74872092653	22336773.661039498
17109.339072690134	22233230.22897682
17427.746784089173	22127759.836024933
17752.08011717636	22020326.621113773
18082.44934877952	21910894.05579274
18418.96680799711	21799424.931810465
18761.746914391195	21685881.348463748
19110.90621689136	21570224.69971082
19466.56343342263	21452415.661044937
19828.83949127071	21332414.176123567
20197.857568198782	21225990.960799407
20573.743134329114	21125716.679320745
20956.623994804308	21023576.27640151
21346.630333242454	20919535.023204125
21743.8947560008	20813557.54458151
22148.55233726359	20705607.80704903
22560.74066496859	20595649.10653277
22980.599887588487	20483644.055889778
23408.272761782944	20369554.572195977
23843.904700937208	20253341.863797642
24287.643824604504	20134966.41712173
24739.64100886812	20014387.983240884
25200.049937640895	19896048.237618692
25669.027154919517	19796834.69830128
26146.732118010917	19695774.778135408
26633.327251749808	19592834.115659293
27128.978003724646	19487977.709938537
27633.852900531667	19381169.90866537
28148.123605075813	19272374.396036517
28671.964974937695	19161554.18040544
29205.55512182745	19048671.581704747
29749.075472144435	18933688.218634572
30302.71082866393	18816564.995612584
30866.649433372742	18697262.089480914
31441.08303147265	18575738.93596605
32026.206936576502	18470524.399916254
32622.220097116733	18371870.93290284
33229.325163989684	18271381.508081857
33847.72855945983	18169021.95796607
34477.640547344636	18064757.47920553
35119.275304507275	17958552.620754037
35772.850993678774	17850371.27181536
36438.58983763541	17740176.649565257
37116.71819475767	17627931.28664478
37807.466635993485	17513597.01842115
38511.070023255685	17397134.970011216
39227.76758927723	17278505.543063655
39957.803018952654	17163189.279668465
40701.42453219439	17068015.210088354
41458.88496832911	16971069.93487893
42230.441872066716	16872320.49160204
43016.35758106799	16771733.304382952
43816.89931514194	16669274.17249421
44632.33926710397	16564908.258726982
45462.95469532399	16458600.077546077
46309.02801799736	16350313.483024415
47170.84690917023	16240011.656553078
48048.704396551344	16127657.09432261
48942.89896114532	16013211.594571235
49853.73463873894	15896636.244595902
50781.5211232767	15797805.154285813
51726.57387216024	15705244.549984304
52689.21421350677	15610961.377087018
53669.76945540476	15514923.578299265
54668.57299720181	15417098.499734668
55685.96444286408	15317452.87981246
56722.28971644549	15215952.837948188
57777.90117970507	15112563.863034002
58853.1577519145	15007250.80170441
59948.42503189408	14899977.84638382
61064.07542232036	14790708.523111593
62200.48825634718	14679405.679140417
63358.04992658254	14572241.368497822
64537.15401646702	14484670.639246441
65738.20143409586	14395470.20382301
66961.60054853215	14304609.733118366
68207.76732865692	14212058.33359344
69477.1254846024	14117784.536775194
70770.10661181889	14021756.288556913
72087.15033782135	13923940.938299507
73428.70447166759	13824305.227729948
74795.22515621828	13722815.27963306
76187.17702322999	13619436.586332984
77605.0333513357	13514133.997960089
79049.2762269642	13406871.710499717
80520.39670825469	13317627.40338147
82018.8949920221	13233911.858153835
83545.28058382872	13148638.352384819
85100.07247122246	13061777.892163642
86683.79930019773	12973300.94399793
88296.99955494082	12883177.42477196
89940.22174092053	12791376.69151814
91614.0245713852	12697867.530998033
93318.9771573324	12602618.149089497
95055.65920101192	12505596.159976395
96824.66119303115	12406768.575137032
98626.5846131283	12306101.792127693
100462.04213468132	12210094.629483785
102331.65783302448	12132081.567267949
104236.06739764012	12052616.668689888
106175.9183482999	11971672.914827857
108151.87025522892	11889222.783933386
110164.59496336569	11805238.24207359
112214.77682079801	11719690.733599313
114303.11291144785	11632551.171435915
116430.31329208757	11543789.927193332
118597.10123376705	11453376.821092134
120804.21346773289	11361281.111702073
123052.40043592616	11267471.485489624
125342.42654613995	11171916.046171095
127675.07043192645	11093753.193325682
130051.12521734099	11020162.23670183
132471.39878661174	10945201.739853272
134936.71405883064	10868846.215403376
137447.90926775365	10791069.701651134
140005.8382468096	10711845.753743812
142611.37071941295	10631147.434685504
145265.39259467812	10548947.306178227
147968.80626863963	10465217.419292588
150722.53093107554	10379929.304964863
153527.5028780421	10293053.964317217
156384.67583022476	10204561.858797757
159295.0212572123	10120956.361157857
162259.5287078087	10053179.170857646
165279.2061464897	9984140.635513248
168355.08029612005	9913817.281278778
171488.19698705408	9842185.197456058
174679.62151272455	9769220.028364778
177930.43899185772	9694896.96506124
181241.75473742394	9619190.736903114
184614.69463245454	9542075.602957109
188050.40551285836	9463525.343246749
191550.0555573528	9383513.249837395
195114.83468466165	9302012.117755156
198745.9549580986	9218994.235736955
202444.65099768018	9152139.15269871
206212.18039991445	9088862.388168786
210049.8241653915	9024408.032284053
213958.88713434213	8958754.169869011
217940.6984302958	8891878.47790302
221996.61191199525	8823758.217930261
226128.00663372793	8754370.22832832
230336.2873142131	8683690.916433116
234622.88481422624	8611696.250517035
238989.25662310526	8538361.751617923
243436.8873543108	8463662.485216012
247967.289250216	8387573.0527558215
252582.00269627848	8316351.556732017
257282.59674479323	8258603.111311111
262070.66964838552	8199779.957494671
266947.8494034318	8139862.094776608
271915.7943036019	8078829.150437972
276976.1935036891	8016660.372620072
282130.76759394706	7953334.623268597
287381.2691851069	7888830.370946429
292729.4835042813	7823125.683512776
298177.22900196735	7756198.220665919
303726.3579703311	7688025.226347386
309378.75717301364	7618583.521004544
315136.34848664823	7547849.49370934
321001.08955431683	7491707.240989426
326974.97445117676	7438225.251860743
333060.03436245886	7383747.953814104
339258.33827409917	7328256.823981175
345571.9936762143	7271732.994779904
352003.1472796675	7214157.247499348
358553.9857459817	7155510.005765023
365226.7364308175	7095771.328882851
372023.6681413066	7034920.905059008
378947.09190746717	6972938.044493735
385999.36176797637	6909801.672346603
393182.87557057705	6845490.321570767
400500.07578736113	6785845.406994345
407953.45034524484	6737380.930274264
415545.53347188793	6688014.521395893
423278.90655735444	6637729.395248319
431156.19903182285	6586508.454346813
439180.0892596086	6534334.283019587
447353.3054498463	6481189.141486213
455678.6265841068	6427054.959825934
464158.8833612772	6371913.331833717
472796.9591600391	6315745.50876187
481595.79101923504	6258532.392945377
490558.37063650455	6200254.531308382
499687.7453854889	6140892.108749993
508987.0193519675	6094413.66330643
518459.3543892913	6049809.590036698
528107.971193433	6004375.427373772
537936.1503980698	5958095.727212794
547947.2336900292	5910954.753957045
558144.6249454955	5862936.479167703
568531.7913873753	5814024.576113922
579112.2647641759	5764202.414221665
589889.6425508494	5713453.05341905
600867.5891719692	5661759.23837659
612049.837247669	5609103.392640192
623440.1888627863	5555467.612654916
635042.5168595961	5506175.465624997
646860.7661546321	5465978.402634072
658898.9550799957	5425033.265461115
671161.1767496272	5383326.132318318
683651.6004510238	5340842.822331001
696374.4730628222	5297568.89071604
709334.1204987989	5253489.623870405
722534.9491787221	5208590.034368418
735981.4475265755	5162854.855865876
749678.1874966878	5116268.537909277
763629.8261282243	5068815.240648571
777841.1071286482	5020478.82945138
792316.8624866261	4971242.869417078
807062.0141149492	4933188.990737594
822081.575524054	4896373.493246933
837380.6535266489	4858872.853083601
852964.4499741016	4820674.319625871
868838.2635251193	4781764.90496078
885007.4914473438	4742131.379468107
901477.6314524917	4701760.2673221305
918254.2835656281	4660637.841909736
935343.1520292377	4618750.1211631885
952750.0472427299	4576082.862806097
970480.8877380306	4532621.559510896
988541.7021919573	4488351.433966169
1006938.6314760271	4448033.0203030165
1025677.9307444209	4414997.333959209
1044765.9715608053	4381346.847871318
1064209.2440647245	4347070.120511507
1084014.359178331	4312155.497423137
1104188.0508541602	4276591.10725816
1124737.1783647507	4240364.857740722
1145668.7286348727	4203464.431555646
1166989.8186171474	4165877.282160442
1188707.6977119034	4127590.629519314
1210829.7502320393	4088591.4557578345
1233363.4979137746	4048866.50073671
1256316.6024741214	4008402.2575431997
1279696.8682159416	3977513.820635792
1303512.2446815087	3947371.9472278785
1327770.829355429	3916669.1284270235
1352480.8704178738	3885394.9249440166
1377650.769549055	3853538.703212695
1403289.084785873	3821089.6317744297
1429404.533431761	3788036.6775952973
1456005.9950206485	3754368.602314732
1483102.514336103	3720073.9584243703
1510703.3044866556	3685141.085375769
1538817.7500383465	3649558.1056156983
1567455.410205595	3613312.9205476358
1596626.022101425	3580598.6065247715
1626339.5040481905	3553642.016344354
1656605.9589499151	3526183.7594338525
1687435.6777273756	3498214.4996900656
1718839.1428171454	3469724.727263309
1750827.0317357269	3440704.7553239805
1783410.220710006	3411144.716768946
1816599.7883753285	3381034.5608665803
1850407.019542302	3350364.0498394524
1884843.4090337954	3319122.7553833365
1919920.6655932867	3287300.0551214973
1955650.715865947	3254885.128992969
1992045.7084538713	3221866.955573589
2029118.0180466783	3196963.288676787
2066880.2496290822	3172440.9272022815
2105345.242766708	3147462.2004081076
2144526.0759716653	3122018.6152580176
2184436.0711494284	3096101.520658902
2225088.7981283693	3069702.1045193514
2266498.079273693	3042811.3907534233
2308677.994187172	3015420.2362286965
2351642.884494346	2987519.3276575
2395407.358720879	2959099.178430281
2439986.29725955	2930150.125390088
2485394.857429798	2900662.325546962
2531648.478631358	2874284.2576565044
2578762.8875937983	2852410.886796687
2626754.1037238385	2830130.448783277
2675638.4445520453	2807435.3680272913
2725432.531281028	2784317.927956733
2776153.2944368036	2760770.2683928884
2827817.979625338	2736784.3828777904
2880444.1533962977	2712352.11595191
2934049.709215787	2687465.160381244
2988652.873550383	2662115.0543327453
3044272.2120643063	2636293.178497209
3100926.6359319235	2609990.753158633
3158635.408267819	2583198.835208985
3217418.1506763715	2563226.2388103143
3277294.849923382	2543374.32311383
3338285.8647317644	2523152.959888311
3400411.9327037027	2502555.2736523817
3463694.1773717343	2481574.260970779
3528154.1153808828	2460202.788073128
3593813.6638046256	2438433.58842837
3660695.147596906	2416259.2602740596
3728821.30718283	2393672.2640997083
3798215.306190736	2370664.920083235
3868900.7393279755	2347229.4054797813
3940901.6404034477	2323357.7519618645
4014242.490499326	2302193.2535701157
4088948.226294856	2284522.286269238
4165044.248545185	2266522.4592600646
4242556.430717777	2248187.652407476
4321511.127789762	2229511.631679585
4401935.1852088785	2210488.047028107
4483855.948021181	2191110.430229294
4567301.270168747	2171372.1926846337
4652299.523960189	2151266.6231806898
4738879.609717651	2130786.8856071946
4827070.965603188	2109926.0166327055
4916903.577628021	2088676.9233370032
5008407.989848212	2067032.380799403
5101615.314749833	2051080.948984612
5196557.243827657	2035072.3585886718
5293266.058360566	2018765.845601504
5391774.640387494	2002155.8656329971
5492116.483887789	1985236.7711109861
5594325.706169377	1968002.8093610369
5698437.0594691355	1950448.1206504598
5804485.942768984	1932566.7361959417
5912508.413831869	1914352.5761341036
6022541.201461928	1895799.4474542637
6134621.717992506	1876901.0418927683
6248788.072006888	1857650.9337880963
6365079.081295578	1840735.2618235908
6483534.286054714	1826508.4777289894
6604193.962330305	1812016.9307616123
6727099.135712336	1797255.6936393504
6852291.595284057	1782219.7473825305
6979813.907830667	1766903.9796074135
7109709.432312423	1751303.1827879355
7242022.334607315	1735412.0524850735
7376797.60252773	1719225.1855433085
7514081.061116962	1702737.0782534636
7653919.388230155	1685942.1244814042
7796360.130405221	1668834.613761888
7941451.71902934	1651408.7293569318
8089243.486805938	1638710.6217802851
8239785.684528512	1625840.7421108324
8393129.498166373	1612731.351790844
8549327.066268368	1599377.9934863613
8708431.497690724	1585776.1269116756
8870496.889654402	1571921.1272855985
9035578.34613892	1557808.2837589679
9203731.99661823	1543432.7978129212
9375015.01514529	1528789.781627345
9549485.639791967	1513874.256418959
9727203.192450536	1498681.1507484787
9908228.099003786	1483205.2987962735
10092621.909870483	1469726.7953929775
10280447.320933098	1458303.978945985
10471768.194855202	1446668.5819412533
10666649.582795387	1434816.6482184322
10865157.746525371	1422744.1479923509
11067360.180959744	1410446.9764828538
11273325.63710487	1397920.952519128
11483124.14543511	1385161.8171180605
11696827.039703846	1372165.2320361354
11914506.981197748	1358926.7782943894
12136237.983442418	1345441.9546759063
12362095.437367693	1331706.1761953607
12592156.13694151	1317765.7780391704
12826498.3052806	1307632.7332300374
13065201.621247198	1297311.1107328087
13308347.24654076	1286797.4010846205
13556017.853293689	1276088.02951091
13808297.652180923	1265179.3547099482
14065272.421052363	1254067.6676147655
14327029.534098294	1242749.1901320205
14593657.991557576	1231220.0738574145
14865248.449978571	1219476.398767191
15141893.25304352	1207514.1718852818
15423686.462966273	1195329.3259256564
15710723.892474487	1182917.7179093978
16003103.137387017	1172203.9614758973
16300923.609797413	1163052.1174162824
16604286.571875297	1153729.9559814776
16913295.17029647	1144234.3075361499
17228054.471313924	1134561.9434575122
17548671.49648152	1124709.57503756
17875255.259042352	1114673.8523648742
18207916.800994623	1104451.3631856118
18546769.230846975	1094038.6317433051
18891927.762076646	1083432.1175970684
19243509.75230332	1072628.2144178082
19601634.743191857	1061623.2487620336
19966424.501097932	1050536.315797487
20338003.0584698	1042425.1005786781
20716496.75602067	1034162.9342644747
21102034.285685964	1025747.0076293064
21494746.734379806	1017174.4591674386
21894767.628566206	1008442.3741200247
22302232.979659364	999547.7834840622
22717281.330269028	990487.6630028965
23140053.80130654	981258.932137942
23570694.139967278	971858.4530212674
24009348.76860652	962283.029388684
24456166.83452444	952529.405492983
24911300.26067791	942594.2649969443
25374903.797335718	934094.5236617905
25847135.07469564	926774.5724025719
26328154.656480197	919318.3956048859
26818126.094530128	911723.4580882818
27317215.98441379	903987.1774921688
27825594.022071257	896106.9233977887
28343433.061513092	888080.0164338397
28870909.173592344	879903.7273654658
29408201.705870606	871575.2761662852
29955493.34359816	863091.8310731507
30512970.171828706	854450.5076233253
31080821.738690637	845648.3676737257
31659241.119835205	836846.4134474332
32248424.98408439	830363.3939924744
32848573.66030047	823759.7244423337
33459891.20549975	817033.1594782115
34082585.47423452	810181.4119955421
34716868.189265594	803202.1523263543
35362955.013550386	796093.0074471605
36021065.62357073	788851.5601721004
36691423.78402494	781475.3483310764
37374257.42391064	773961.8639325846
38069798.71402284	766308.5523109732
38778284.14589453	758512.8112578263
39499954.61220647	750571.990137188
40235055.48869293	743839.0824852616
40983836.717572615	737992.1877390567
41746552.89253134	732036.4812867404
42523463.34528677	725969.9381239482
43314832.23376403	719790.4955606366
44120928.631911896	713496.0525197533
44942026.62119142	707084.4688228423
45778405.38376616	700553.5644623626
46630349.29742726	693901.1188604617
47498148.03228505	687124.8701139555
48382096.649259575	680222.514225258
49282495.700405136	673191.7043189951
50199651.33110079	666213.6498118284
51133875.38414321	661038.1756443841
52085485.50577665	655766.3850220458
53054805.25369574	650396.4854791989
54042164.20705915	644926.6511921397
55047898.078549676	639355.022358273
56072348.82852027	633679.7045637622
57115864.78126434	627898.7681394059
58178800.74344935	622010.247504532
59261518.124755524	616012.140498676
60364385.060758635	609902.4077008273
61487776.53810017	603678.9717360026
62632074.521986924	597339.7165689177
63797668.08606282	592012.9316784133
64984953.54469889	587347.6223224493
66194334.587743886	582595.4907655406
67426222.41778335	577754.9212317542
68681035.88995308	572824.2678752916
69959201.65435374	567801.8542208856
71261154.30111745	562685.9725937773
72587336.50817245	557474.8835390909
73938199.19175874	552166.8152303984
75314201.65974376	546759.962867282
76715811.76779301	541252.4880616798
78143506.07844542	535642.5182128154
79597770.02314977	530116.66080928
81079098.06731695	525988.9309115623
82587993.87844272	521784.38325809053
84124970.49736118	517501.58825735893
85690550.51268347	513139.08971292066
87285266.2384837	508695.404328265
88909659.89529167	504169.0212024808
90564283.79445294	499558.4013165354
92249700.52592173	494861.9770099875
93966483.1495469	490078.1514479706
95715215.38991857	485205.2980782477
97496491.83484097	480241.7600781687
99310918.137498	475185.8497913331
101159111.22238298	470975.7042568273
103041699.49505854	467256.34191972384
104959323.05582266	463467.7616166537
106912633.91734771	459608.6751894944
108902296.22637327	455677.77050727885
110928986.48952228	451673.711020061
112993393.80332193	447595.13530447154
115096220.0885031	443440.6566008202
117238180.32865997	439208.86234158446
119420002.8133535	434898.31367111905
121642429.3857368	430507.54495643184
123906215.6947913	426035.0632888488
126212131.45225461	421663.15447135165
128560960.69432965	418373.54190383555
130953502.04826704	415022.7090866905
133390569.00390588	411609.5167006549
135872990.19027063	408132.8042235403
138401609.65731302	404591.38953564235
140977287.16289675	400984.06851780973
143600898.46512634	397309.614642028
146273335.620113	393566.7785543883
148995507.28528506	389754.28765029204
151768339.02834037	385870.8456417513
154592773.64194784	381915.13211664103
157469771.46430898	377885.80208973977
160400310.70568198	374560.89352520375
163385387.78098568	371597.6742770609
166426017.64859018	368579.3090144999
169523234.15541214	365504.77146080957
172678090.38843593	362373.0162400944
175891659.03277326	359182.97852183535
179165032.73638958	355933.5736588358
182499324.48161504	352623.6968184292
185895667.9635688	349252.22260682745
189355217.9756299	345818.00468647125
192879150.80207777	342319.8753862653
196468664.61804405	338756.6453045548
200124979.8969035	335300.2470911919
203849339.82524642	332680.15613181196
207643010.7255779	330011.3048338539
211507282.48687947	327292.7857591204
215443469.00318778	324523.6745818339
219452908.62033114	321703.02977435663
223536964.59097964	318829.89228706254
227697025.53816846	315903.2852222486
231934505.92744273	312922.21350197925
236250846.547794	309885.66352974856
240647515.00154215	306792.6028458469
245126006.20333397	303641.97977631504
249687842.8884332	300432.7230753619
254334576.13046482	297808.64801805234
259067785.8688001	295449.12340099167
263889081.44575077	293045.68762931984
268800102.15376073	290597.5235089781
273802517.7927863	288103.7986377873
278898029.23804396	285563.66512242187
284088369.0183295	282976.2592901166
289375301.9050947	280340.70139500895
294760625.51248586	277656.0953190175
300246170.90855557	274921.52826714993
305833803.23784316	272136.070457145
311525422.35554785	269298.77480333345
317322963.4734973	266567.8089781492
323228397.81813806	264481.9861881759
329243733.30077755	262357.34588116594
335371015.2002929	260193.1656565229
341612326.8585518	257988.70966965085
347969790.3887688	255743.22838176147
354445567.3970435	253455.95830502236
361041859.71733445	251126.12174296234
367760910.160103	248752.92652604732
374605003.2748981	246335.5657423322
381576466.1271245	243873.2174631032
388677669.0892668	241365.0444634145
395911026.6468467	238810.19393742096
403278998.21937054	236740.3596865686
410784088.99656343	234862.3593038635
418428850.79015756	232949.40901448295
426215882.9015325	231000.85839471692
434147833.0055101	229016.04491635962
442227398.0505897	226994.29372144263
450457325.17594445	224934.9173927752
458840412.64547515	222837.21572021573
467379510.7992463	220700.4754625933
476077523.0226378	218523.97010519748
484937406.7335233	216306.95961275554
493962174.38783056	214048.69017781175
503154894.5038046	211891.97096491203
512518692.70533323	210232.12703839588
522056752.7846986	208541.39313397475
531772317.7850967	206819.19438390437
541668691.1033136	205064.94522205275
551749237.6129117	203278.0491848027
562017384.8083187	201457.89870824842
572476623.970219	199603.87492161596
583130511.3526218	197715.34743684143
593982669.3920338	195791.67413423097
605036787.9391212	193832.2009441341
616296625.5132942	191836.2616245533
627766010.5806513	189803.17753461425
639448842.8556936	188171.2732788483
651349094.6272782	186677.06353420173
663470812.1092337	185155.04629195834
675818116.816111	183604.70404985643
688395206.964551	182025.50967482897
701206358.9007177	180416.9262237733
714255928.5543104	178778.40676098343
727548352.9196217	177109.39417218664
741088151.5641569	175409.32097512006
754879928.1653446	173677.60912657832
768928372.0758306	171913.6698258746
783238259.9179205	170116.9033146395
797814457.2076613	168414.3924663081
812661920.0091946	167093.96217337117
827785696.619849	165748.95844800345
843190929.286625	164378.92397444652
858882855.9546258	162983.39292621685
874866812.0479896	161561.8908077221
891148232.2840202	160113.9342929247
907732652.5210242	158639.0310610084
924625711.6405733	157136.67962898297
941833153.4647961	155606.36918117313
959360828.7093127	154047.5793955384
977214696.9725724	152459.78026675517
995400828.7621539	150842.4319260119
1013925407.5588143	149556.31387217136
1032794731.9189526	148367.81878706004
1052015217.6161569	147157.20560618548
1071593399.8226712	145924.06270802152
1091535935.3313932	144667.97081069608
1111849604.81927	143388.50282943013
1132541315.1528125	142085.22373132347
1153618101.736476	140757.69038744055
1175087130.9048076	139405.45142213997
1196955702.3590453	138028.04705960353
1219231251.6491096	136625.00896750705
1241921352.7017846	135195.86009778111
1265033720.3959012	133852.38421200684
1288576213.185518	132802.2539075683
1312556835.7718453	131732.58049947812
1336983741.8249452	130643.00028725236
1361865236.7560828	129533.14280187825
1387209780.541618	128402.63067985268
1413025990.5995336	127251.07953487257
1439322644.7194095	126078.09782714103
1466108684.0469828	124883.28673023908
1493393216.1242533	123666.23999551922
1521185517.9861019	122426.54381397871
1549495039.3146317	121163.77667555779
1578331405.6521199	119877.50922582348
1607704421.673822	118864.26858930955
1637624074.521689	117919.1846875736
1668100537.2000556	116956.51261361483
1699144172.0346258	115975.92504855503
1730765534.1957276	114977.08858205663
1762975375.2872038	113959.66359895897
1795784647.0020967	112923.30416380471
1829204504.8462899	111867.65790321969
1863246311.9315598	110792.36588610042
1897921642.8391032	109697.06250157519
1933242287.5550432	108581.37533469177
1969220255.4791734	107444.92503979165
2005867779.5082297	106385.10992981757
2043197320.1952705	105550.15339530897
2081221569.9863415	104699.65817762028
2119953457.536069	103833.33509921377
2159406152.1035676	102950.88960090793
2199593068.0300703	102052.0216417254
2240527869.3000183	101136.42559687453
2282224474.1869006	100203.79015383485
2324697059.9856453	99253.79820650691
2367960067.833079	98286.12674739219
2412028207.618002	97300.44675776843
2456916462.98279	96296.42309581826
2502640096.4179215	95273.71438267862
2549214654.4514203	94475.71847206177
2596655972.934872	93724.37198744662
2644980182.4277143	92959.04281690677
2694203713.6818824	92179.47074027773
2744343303.2283683	91385.39069465376
2795415999.067865	90576.53268426322
2847439166.4672475	89752.62168866752
2900430493.8639855	88913.37756925043
2954407998.8803797	88058.51497396838
3009390034.449724	87187.74324032808
3065395295.056536	86300.76629655782
3122442823.0928583	85397.2825609397
3180552015.3329134	84561.48832597294
3239742629.5281954	83897.77039544446
3300034791.1252885	83221.7005612933
3361449000.108775	82533.04895249126
3424006137.9714255	81831.58142007136
3487727474.8141704	81117.05945751427
3552634676.5781393	80389.24011965364
3618749812.411284	79647.87594007255
3686095362.1721687	78892.714846962
3754694224.0733366	78123.50007741361
3824569722.4669914	77339.97009011744
3895745615.775501	76541.85847643523
3968246104.5694857	75728.8938698189
4042095839.796318	75100.62188399145
4117319931.1616793	74503.43635678879
4193943955.6671777	73895.13710531015
4271993966.306777	73275.51730125558
4351496500.925055	72644.36626721558
4432478591.24041	72001.46940503793
4514967772.036101	71346.60812286258
4598992090.5224285	70679.55976079739
4684580115.873045	70000.09751521178
4771760948.938751	69307.9903616212
4860564232.142149	68603.00297613617
4951020159.556351	67884.89565544958
5043159487.171348	67225.96695852451
5137013543.351338	66698.49377666945
5232614239.486667	66161.20422914735
5329994080.844104	65613.91563172282
5429186177.618942	65056.441900375874
5530224256.192888	64488.59348803115
5633142670.601352	63910.17732010971
5737976414.21414	63320.99672888231
5844761131.633649	62720.85138659956
5953533130.81437	62109.537237378754
6064329395.408049	61486.84642782221
6177187597.338489	60852.5672363451
6292146109.610351	60206.484001188204
6409244019.35647	59712.00539597475
6528521141.127848	59237.46720356329
6650018030.431105	58754.09777464551
6773775997.517745	58261.73275840726
6899837121.430025	57760.204745437986
7028244264.308367	57249.343210809355
7159041085.964888	56728.974456095246
7292272058.728297	56198.92155031209
7427982482.56491	55659.00426976052
7566218500.481063	55109.03903674768
7707027114.212319	54548.83885716863
7850456200.204509	53978.21325692634
7996554525.892329	53458.88852469927
8145371766.280737	53039.802442009226
8296958520.834915	52612.9170960103
8451366330.684739	52178.08734108528
8608647696.149244	51735.16533043228
8768856094.587408	51284.00046579523
8932045998.58096	50824.43934625876
9098272894.455566	50356.32571609065
9267593301.146902	49879.5004116128
9440064789.417603	49393.80130708402
9615746001.432076	48899.063259575385
9794696670.695385	48395.11805281987
9976977642.36321	47881.79434001732
10162650893.929972	47492.76423195203
10351779556.301762	47115.79205370748
10544427935.261662	46731.804359081725
10740661533.334322	46340.67058812107
10940547072.057436	45942.257751129146
11144152514.667904	45536.430383448416
11351547089.20999	45123.05049940133
11562801312.07373	44701.97754537304
11777987011.97118	44273.06835202216
11997177354.358854	43836.17708560152
12220446866.314913	43391.155198373126
12447871461.879063	42937.85137810039
12679528467.864315	42528.7023496727
12915496650.148827	42195.83664831942
13155856240.457052	41856.77625962487
13400688963.639534	41511.405899403566
13650078065.460136	41159.60813801179
13904108340.900667	40801.26336042002
14162866162.991974	40436.24972554267
14426439512.181587	40064.443124811005
14694918006.248201	39685.71713997461
14968392930.772554	39299.943000118044
15246957270.1757	38906.989537876914
15530705739.334583	38506.72314484004
15819734815.786015	38099.00772612102
16114142772.530231	37793.076878662934
16414029711.444664	37493.71748348824
16719497597.31985	37188.78695903157
17030650292.528427	36878.18162562893
17347593592.339325	36561.795874120326
17670435260.889503	36239.522129941215
17999285067.824764	35911.250816546184
18334254825.62285	35576.870318151574
18675458427.61074	35236.26694178492
19023011886.689457	34889.324878628366
19377033374.77993	34535.926164642224
19737643263.002552	34175.95064045596
20104964162.604927	33853.74680931111
20479120966.650833	33589.470816156776
20860240892.485046	33320.2766018017
21248453524.988873	33046.07263731247
21643890860.6402	32766.765690386725
22046687352.394028	32482.260793652935
22456979955.397717	32192.461212380655
22874908173.55704	31897.26841158978
23300614106.96929	31596.582022547358
23734242500.23866	31290.299808641335
24175940791.69123	30978.317630618785
24625859163.505444	30660.529411177526
25084150592.775414	30336.8270988989
25550970903.525124	30096.38269271022
26026478819.690044	29858.76961964024
26510836019.085308	29616.734526849115
27004207188.377697	29370.195119797423
27506760079.080673	29119.067572430315
28018665564.59201	28863.26649867585
28540097698.292374	28602.7049234128
29071233772.725693	28337.294252897995
29612254379.880314	28066.944244643644
30163343472.591972	27791.562976734
30724688427.090096	27511.05681657079
31296480106.707504	27225.33038903721
31878912926.77636	26971.743024573847
32472184920.731255	26762.04082535533
33076497807.442425	26548.43603252725
33692057059.802742	26330.856018158527
34319071974.590427	26109.226802699894
34957755743.632645	25883.473029830042
35608325526.29274	25653.517940833684
36271002523.30648	25419.28334850288
36946012051.993095	25180.689610552367
37633583622.865326	24937.65560254051
38333951017.6659	24690.098690285857
39047352368.85556	24437.934701770802
39774030240.58036	24181.07789852227
40514231711.14655	23992.248455054087
41268208457.02952	23803.772285767853
42036216838.44701	23611.78854290085
42818517986.52406	23416.231949911857
43615377892.080055	23217.03601545222
44427067496.06892	23014.13301075792
45253862781.70167	22807.453946621135
46096044868.284195	22596.928549933094
46953900106.80053	22382.48523979048
47827720177.27485	22164.051103157304
48717802187.94641	21941.551870073516
49624448776.28914	21714.911888402497
50547968211.912254	21515.489296600317
51488674501.37487	21349.22663359148
52446887494.95119	21179.86979413346
53422932995.38363	21007.361195076057
54417142868.658875	20831.642181636853
55429855156.84652	20652.65300745791
56461414193.036606	20470.33281429139
57512170718.41614	20284.61961130714
58582482001.525475	20095.450254015184
59672711959.7331	19902.760422795738
60783231282.972115	19706.484601029973
61914417559.77835	19506.5560528236
63066655405.67406	19302.906800316083
64240336593.94204	19154.777938426105
65435860188.83229	19005.42721358496
66653632681.24893	18853.297046341613
67894068126.96099	18698.33571079999
69157588287.38525	18540.490518436316
70444622772.99051	18379.707800184467
71755609189.36922	18215.932888187835
73090993286.02888	18049.110097211684
74451229107.95128	17879.18270570952
75836779149.97191	17706.092936537338
77248114514.03416	17529.78193730861
78685715069.36842	17350.189760383902
80150069615.6538	17193.549620252634
81641676049.21454	17061.893126696355
83161041532.30962	16927.78648339285
84708682665.57419	16791.184092638425
86285125663.66887	16652.039508148377
87890906534.19963	16510.305419264656
89526571259.96382	16365.933634869934
91192675984.59299	16218.875067001882
92889787201.64516	16069.0797141629
94618481947.21991	15916.49664431905
96379347996.15794	15761.073977582446
98172984061.88821	15602.758868571818
100000000000.0	15441.497488444204
