# Frequency (Hz)	Real Part (Ohm/m)
1000.0	8647016.238316823
1018.6101701559753	8650053.457713129
1037.566678745186	8653147.200279202
1056.875971184804	8656298.517920846
1076.5446128423157	8659508.482120022
1096.5792912678098	8662778.184299132
1116.9868184678226	8666108.73619216
1137.7741332214914	8669501.270222628
1158.9483034398106	8672956.939888662
1180.5165285688054	8676476.920155186
1202.4861420374123	8680062.407853413
1224.8646137509306	8683714.6220878
1247.6595526308697	8687434.804650534
1270.8787092020582	8689089.809660686
1294.529978227916	8688726.517808171
1318.6214013947485	8688356.465032458
1343.1611700460153	8687979.525511628
1368.1576279674719	8687595.571082175
1393.619274224142	8687204.47119546
1419.5547660501015	8686806.092873305
1445.9729217920194	8686400.300662786
1472.882723907502	8685986.956590177
1500.2933220192183	8685565.920114052
1528.2140360258693	8685137.048077462
1556.654359271062	8684700.194659295
1585.6239617711371	8684174.87107309
1615.132693503091	8680477.448736332
1645.1905877536624	8676711.216740748
1675.807864530767	8672874.894526882
1706.9949340384078	8668967.17770384
1738.7624002162504	8664986.737605799
1771.1210643450886	8660932.220840242
1804.0819287193826	8656802.248827776
1837.6562003881704	8652595.417333419
1871.8552949655793	8648310.295989133
1906.690840512252	8643945.427807491
1942.1746814890264	8639499.32868628
1978.3188827841643	8634970.486903895
2015.1357338155585	8629137.937196745
2052.6377527092523	8622137.852854464
2090.8376905557498	8615007.495751478
2129.748535745521	8607744.441489521
2169.3835183851843	8600346.220551906
2209.756114795903	8592810.317463785
2250.880052095462	8585134.169936918
2292.7693128656488	8577315.167998433
2335.438139906479	8569350.653103422
2378.9010410788933	8561237.917231001
2423.1727942376006	8552974.201963568
2468.2684522556924	8544556.697548889
2514.2033481427966	8535917.92961982
2560.9931002584594	8525879.373046357
2608.6536176225477	8515653.997226942
2657.2011053245064	8505238.325423617
2706.652070033241	8494628.816195741
2757.0233256095826	8483821.862195868
2808.3319988231724	8472813.788943186
2860.5955351757416	8461600.853574183
2913.831704832789	8450179.243570017
2968.0586086656026	8438545.075460216
3023.2946844057765	8426694.39350227
3079.5587129142264	8414623.168336619
3136.8698245668766	8402327.295616647
3195.2475057592133	8389618.014872769
3254.711605531848	8376527.320790834
3315.282342319423	8363193.006664573
3376.9803108250912	8349610.538683508
3439.8264890229243	8335775.298662182
3503.8422452906757	8321682.582469905
3569.0493456752292	8307327.598431332
3635.4699612933177	8292705.465697219
3703.126675869927	8277811.21258487
3772.0424934169973	8262639.774887762
3842.240846055061	8247185.994153596
3913.745601980384	8231444.6159304185
3986.581073580439	8215457.452348885
4060.7720257003657	8199759.854159528
4136.343684063274	8183770.120996834
4213.321743847289	8167482.816179229
4291.732378422157	8150892.40184759
4371.602248248501	8133993.237082279
4452.958509942655	8116779.5759851895
4535.828825510186	8099245.56572608
4620.241371751313	8081385.244552525
4706.224849841281	8063192.5397629
4793.808495089106	8044661.265641536
4883.02208687788	8025785.121355565
4973.895958790063	8006557.688812548
5066.461008921268	7987896.178595456
5160.7487103859075	7969541.969443678
5256.791122018419	7950846.185336506
5354.620899273607	7931802.469505898
5454.271305329836	7912404.34688328
5555.7762223988775	7892645.221897954
5659.170163246242	7872518.376234515
5764.488282925873	7852016.966548578
5871.766390733255	7831134.022139942
5981.040962380945	7809862.442582509
6092.349152400711	7788194.995310024
6205.7288067765	7766124.313156951
6321.218475812449	7743890.156264626
6438.8574272404185	7723488.23394543
6558.685659571435	7702706.628380362
6680.743915695614	7681538.273599618
6805.073696735206	7659975.972134478
6931.717276155407	7638012.392570118
7060.717714137772	7615640.067052835
7192.118872221193	7592851.3887508875
7325.96542821523	7569638.609268109
7462.302891391108	7545993.836009366
7601.17761795533	7521909.029496975
7742.636826811269	7497376.000637217
7886.728615614156	7472386.407935937
8033.501977124735	7448987.515570896
8183.00681586739	7426465.79144165
8335.293965098195	7403524.934194149
8490.415204088747	7380157.1436897535
8648.423275731726	7356354.474627897
8809.37190447399	7332108.833844636
8973.31581458352	7307411.977560856
9140.310748756232	7282255.508579318
9310.413487069076	7256630.873429512
9483.681866285926	7230529.3594593825
9660.174799522645	7203942.091872938
9839.952296278227	7176860.030712727
10023.075482838643	7149793.665225993
10209.606623060476	7125895.205920268
10399.609139541202	7101551.9922204055
10593.1476351837	7076755.7471714355
10790.287915161836	7051498.039782881
10991.097009294961	7025770.282162074
11195.643194838794	6999563.726594212
11403.99601970033	6972869.462568028
11616.22632608502	6945678.413746132
11832.40627458378	6917981.334878942
12052.609368708414	6889768.8086612085
12276.910479883603	6861031.242530028
12505.385872903913	6831758.8654032815
12738.113231864783	6805085.71824768
12975.171686575868	6779720.491469856
13216.641839466038	6753883.213505653
13462.60579298911	6727565.099402163
13713.147177539455	6700757.200717031
13968.351179887397	6673450.40247584
14228.30457214352	6645635.420072966
14493.09574126215	6617302.7961146915
14762.81471909391	6588442.897203582
15037.553212997384	6559045.910663059
15317.404637020798	6529101.841200942
15602.46414366368	6498600.507510977
15892.828656229764	6468368.685381603
16188.596901781993	6442362.057046025
16489.86944471065	6415871.440931941
16796.74872092653	6388887.829944442
17109.339072690134	6361402.04936504
17427.746784089173	6333404.753732181
17752.08011717636	6304886.423663692
18082.44934877952	6275837.362620064
18418.96680799711	6246247.693607545
18761.746914391195	6216107.355819836
19110.90621689136	6185406.101217347
19466.56343342263	6154133.4910427
19828.83949127071	6122278.892271482
20197.857568198782	6093931.218540572
20573.743134329114	6067163.87244756
20956.623994804308	6039898.381489134
21346.630333242454	6012125.475104584
21743.8947560008	5983835.710206491
22148.55233726359	5955019.467969975
22560.74066496859	5925666.950562181
22980.599887588487	5895768.1778109195
23408.272761782944	5865312.9838113
23843.904700937208	5834291.01346922
24287.643824604504	5802691.718980497
24739.64100886812	5770504.356244531
25200.049937640895	5738878.974415946
25669.027154919517	5712189.036470416
26146.732118010917	5685002.394238272
26633.327251749808	5657309.803968214
27128.978003724646	5629101.849881172
27633.852900531667	5600368.940968822
28148.123605075813	5571101.307732534
28671.964974937695	5541288.998861657
29205.55512182745	5510921.877849947
29749.075472144435	5479989.619549063
30302.71082866393	5448481.706657898
30866.649433372742	5416387.42614656
31441.08303147265	5383695.865613878
32026.206936576502	5355228.39765372
32622.220097116733	5328448.064147421
33229.325163989684	5301169.344077734
33847.72855945983	5273382.962385912
34477.640547344636	5245079.471402788
35119.275304507275	5216249.247636462
35772.850993678774	5186882.488500203
36438.58983763541	5156969.208979499
37116.71819475767	5126499.238236981
37807.466635993485	5095462.216154304
38511.070023255685	5063847.589809531
39227.76758927723	5031644.609889059
39957.803018952654	5000291.149033
40701.42453219439	4974203.211940768
41458.88496832911	4947629.77390023
42230.441872066716	4920561.79965613
43016.35758106799	4892990.085805567
43816.89931514194	4864905.257668758
44632.33926710397	4836297.766101519
45462.95469532399	4807157.884248478
46309.02801799736	4777475.704235828
47170.84690917023	4747241.13380254
48048.704396551344	4716443.892868898
48942.89896114532	4685073.510041146
49853.73463873894	4653119.319051109
50781.5211232767	4625851.771280122
51726.57387216024	4600227.552933966
52689.21421350677	4574126.463524275
53669.76945540476	4547539.628399415
54668.57299720181	4520458.00774897
55685.96444286408	4492872.393530124
56722.28971644549	4464773.406336801
57777.90117970507	4436151.492210606
58853.1577519145	4406996.91939233
59948.42503189408	4377299.775013083
61064.07542232036	4347049.9617237905
62200.48825634718	4316237.194261997
63358.04992658254	4286517.192916636
64537.15401646702	4262036.420770708
65738.20143409586	4237100.057289592
66961.60054853215	4211699.623841022
68207.76732865692	4185826.4840039355
69477.1254846024	4159471.8406320135
70770.10661181889	4132626.7328625424
72087.15033782135	4105282.0330696255
73428.70447166759	4077428.4437606977
74795.22515621828	4049056.4944152734
76187.17702322999	4020156.538264876
77605.0333513357	3990718.7490130197
79049.2762269642	3960733.117494171
80520.39670825469	3935624.240322287
82018.8949920221	3912000.4041804583
83545.28058382872	3887936.9244282967
85100.07247122246	3863425.619223405
86683.79930019773	3838458.1544579035
88296.99955494082	3813026.0409247517
89940.22174092053	3787120.6314313207
91614.0245713852	3760733.1178592592
93318.9771573324	3733854.5281696278
95055.65920101192	3706475.7233523196
96824.66119303115	3678587.3943186956
98626.5846131283	3650180.0587363853
100462.04213468132	3623039.2037102343
102331.65783302448	3600828.6099219667
104236.06739764012	3578204.6732040322
106175.9183482999	3555159.70117418
108151.87025522892	3531685.85829361
110164.59496336569	3507775.1632028213
112214.77682079801	3483419.4860078446
114303.11291144785	3458610.5455160043
116430.31329208757	3433339.9064202234
118597.10123376705	3407598.976430915
120804.21346773289	3381379.0033545364
123052.40043592616	3354671.0721177217
125342.42654613995	3327466.1017360752
127675.07043192645	3305082.7470614966
130051.12521734099	3283957.7032290567
132471.39878661174	3262439.518736342
134936.71405883064	3240520.8771687723
137447.90926775365	3218194.325952043
140005.8382468096	3195452.273818171
142611.37071941295	3172286.988224391
145265.39259467812	3148690.5927240015
147968.80626863963	3124655.0642882814
150722.53093107554	3100172.230578584
153527.5028780421	3075233.7671676488
156384.67583022476	3049831.1947092055
159295.0212572123	3025791.112094469
162259.5287078087	3006186.831795875
165279.2061464897	2986217.7125051343
168355.08029612005	2965876.964506535
171488.19698705408	2945157.671726575
174679.62151272455	2924052.7893824726
177930.43899185772	2902555.1415868225
181241.75473742394	2880657.4189077397
184614.69463245454	2858352.175883578
188050.40551285836	2835631.828491361
191550.0555573528	2812488.651568174
195114.83468466165	2788914.7761844965
198745.9549580986	2764902.1869686893
202444.65099768018	2745466.1855101185
206212.18039991445	2727036.5582442586
210049.8241653915	2708263.952479071
213958.88713434213	2689141.9853263223
217940.6984302958	2669664.1551111415
221996.61191199525	2649823.839161391
226128.00663372793	2629614.2915558643
230336.2873142131	2609028.6408306253
234622.88481422624	2588059.887642617
238989.25662310526	2566700.90238982
243436.8873543108	2544944.4227871154
247967.289250216	2522783.051397002
252582.00269627848	2502008.1306515704
257282.59674479323	2485082.866307895
262070.66964838552	2467842.6199148474
266947.8494034318	2450281.5296028988
271915.7943036019	2432393.624412116
276976.1935036891	2414172.822261999
282130.76759394706	2395612.927883492
287381.2691851069	2376707.6307125213
292729.4835042813	2357450.5027443524
298177.22900196735	2337834.9963479782
303726.3579703311	2317854.4420398744
309378.75717301364	2297502.046216284
315136.34848664823	2276770.8888433343
321001.08955431683	2260245.3846187736
326974.97445117676	2244481.710889165
333060.03436245886	2228424.672509165
339258.33827409917	2212068.8099127123
345571.9936762143	2195408.5619302904
352003.1472796675	2178438.2638980793
358553.9857459817	2161152.145731887
365226.7364308175	2143544.3299652864
372023.6681413066	2125608.8297511954
378947.09190746717	2107339.546826285
385999.36176797637	2088730.269437519
393182.87557057705	2069774.6702300636
400500.07578736113	2052171.152237212
407953.45034524484	2037813.6828585628
415545.53347188793	2023189.0185317665
423278.90655735444	2008292.1867133765
431156.19903182285	1993118.1223200585
439180.0892596086	1977661.666006425
447353.3054498463	1961917.5624107865
455678.6265841068	1945880.4583682776
464158.8833612772	1929544.901090732
472796.9591600391	1912905.3363126556
481595.79101923504	1895956.1064027399
490558.37063650455	1878691.4484401871
499687.7453854889	1861105.4922552651
508987.0193519675	1847286.814220476
518459.3543892913	1834012.7853508403
528107.971193433	1820491.7245452881
537936.1503980698	1806719.0344974538
547947.2336900292	1792690.0323443245
558144.6249454955	1778399.9480740083
568531.7913873753	1763843.9229038751
579112.2647641759	1749017.0076285335
589889.6425508494	1733914.160937029
600867.5891719692	1718530.2476987543
612049.837247669	1702860.0372174543
623440.1888627863	1686898.201452714
635042.5168595961	1672212.1878820073
646860.7661546321	1660200.9854102156
658898.9550799957	1647966.252416645
671161.1767496272	1635503.8289602539
683651.6004510238	1622809.4776827802
696374.4730628222	1609878.882368015
709334.1204987989	1596707.6464742243
722534.9491787221	1583291.2916392833
735981.4475265755	1569625.2561579947
749678.1874966878	1555704.8934310381
763629.8261282243	1541525.4703851023
777841.1071286482	1527082.1658635675
792316.8624866261	1512370.0689872704
807062.0141149492	1500965.4088633696
822081.575524054	1489924.7091705713
837380.6535266489	1478678.5401778503
852964.4499741016	1467223.0780665705
868838.2635251193	1455554.427856184
885007.4914473438	1443668.6220798928
901477.6314524917	1431561.619435664
918254.2835656281	1419229.3034121483
935343.1520292377	1406667.480889016
952750.0472427299	1393871.8807112586
970480.8877380306	1380838.1522369473
988541.7021919573	1367561.8638579608
1006938.6314760271	1355458.7976265897
1025677.9307444209	1345519.585047006
1044765.9715608053	1335395.4020300985
1064209.2440647245	1325082.806244557
1084014.359178331	1314578.2912966968
1104188.0508541602	1303878.2855382517
1124737.1783647507	1292979.1508519724
1145668.7286348727	1281877.1814146263
1166989.8186171474	1270568.6024369858
1188707.6977119034	1259049.5688803492
1210829.7502320393	1247316.164149192
1233363.4979137746	1235364.3987594785
1256316.6024741214	1223190.2089821966
1279696.8682159416	1213874.2385974186
1303512.2446815087	1204779.5424122638
1327770.829355429	1195515.5923835873
1352480.8704178738	1186079.2386685596
1377650.769549055	1176467.2728052437
1403289.084785873	1166676.4266216776
1429404.533431761	1156703.3711246653
1456005.9950206485	1146544.7153678788
1483102.514336103	1136197.005298902
1510703.3044866556	1125656.7225848157
1538817.7500383465	1114920.2834159294
1567455.410205595	1103984.037287241
1596626.022101425	1094104.9241465593
1626339.5040481905	1085950.4660392364
1656605.9589499151	1077644.2520790056
1687435.6777273756	1069183.4580636236
1718839.1428171454	1060565.2072319614
1750827.0317357269	1051786.5692858736
1783410.220710006	1042844.5593938736
1816599.7883753285	1033736.1371762449
1850407.019542302	1024458.2056712949
1884843.4090337954	1015007.6102823418
1919920.6655932867	1005381.1377051242
1955650.715865947	995575.514835245
1992045.7084538713	985587.4076552698
2029118.0180466783	978038.7894726495
2066880.2496290822	970603.7663055666
2105345.242766708	963030.3760922301
2144526.0759716653	955316.0437983669
2184436.0711494284	947458.146467874
2225088.7981283693	939454.0123309932
2266498.079273693	931300.9198958739
2308677.994187172	922996.0970232387
2351642.884494346	914536.7199838298
2395407.358720879	905919.9124983028
2439986.29725955	897142.7447592696
2485394.857429798	888202.2324351255
2531648.478631358	880198.9232220114
2578762.8875937983	873553.5924006868
2626754.1037238385	866784.5908420332
2675638.4445520453	859889.6170125877
2725432.531281028	852866.3265469549
2776153.2944368036	845712.3314507013
2827817.979625338	838425.1992884128
2880444.1533962977	831002.4523566341
2934049.709215787	823441.5668414306
2988652.873550383	815739.971960259
3044272.2120643063	807895.0490878759
3100926.6359319235	799904.130865979
3158635.408267819	791764.5002962685
3217418.1506763715	785686.6092642151
3277294.849923382	779644.5203732024
3338285.8647317644	773489.9871798299
3400411.9327037027	767220.9170764992
3463694.1773717343	760835.178511825
3528154.1153808828	754330.6002658906
3593813.6638046256	747704.9707120071
3660695.147596906	740956.0370647343
3728821.30718283	734081.5046139159
3798215.306190736	727079.0359444434
3868900.7393279755	719946.2501415209
3940901.6404034477	712680.7219811201
4014242.490499326	706235.2999241577
4088948.226294856	700848.3559589793
4165044.248545185	695361.1600499869
4242556.430717777	689771.84649145
4321511.127789762	684078.5148565333
4401935.1852088785	678279.2293511361
4483855.948021181	672372.0181557015
4567301.270168747	666354.872754771
4652299.523960189	660225.7472540769
4738879.609717651	653982.5576849076
4827070.965603188	647623.1812955393
4916903.577628021	641145.4558294801
5008407.989848212	634547.1787902728
5101615.314749833	629677.8337630309
5196557.243827657	624790.6819567471
5293266.058360566	619812.5794237694
5391774.640387494	614741.8335556004
5492116.483887789	609576.7202440059
5594325.706169377	604315.4832948081
5698437.0594691355	598956.3338307547
5804485.942768984	593497.4496832838
5912508.413831869	587936.9747729677
6022541.201461928	582273.0184784217
6134621.717992506	576503.6549934783
6248788.072006888	570626.9226723887
6365079.081295578	565460.2645930259
6483534.286054714	561111.5415753619
6604193.962330305	556681.8880823769
6727099.135712336	552169.7979841563
6852291.595284057	547573.7371214484
6979813.907830667	542892.1427840379
7109709.432312423	538123.423179408
7242022.334607315	533265.9568915084
7376797.60252773	528318.092329465
7514081.061116962	523278.1471660132
7653919.388230155	518144.4077654922
7796360.130405221	512915.12860119226
7941451.71902934	507588.5316618501
8089243.486805938	503702.76254970976
8239785.684528512	499764.3520433116
8393129.498166373	495752.64704724465
8549327.066268368	491666.28353858634
8708431.497690724	487503.8721097116
8870496.889654402	483263.9974958871
9035578.34613892	478945.218094059
9203731.99661823	474546.0654726964
9375015.01514529	470065.0438725086
9549485.639791967	465500.6296978688
9727203.192450536	460851.27099877666
9908228.099003786	456115.3869431781
10092621.909870483	451988.98975460697
10280447.320933098	448489.88359996886
10471768.194855202	444925.6584843989
10666649.582795387	441295.10253295436
10865157.746525371	437596.9813174926
11067360.180959744	433830.03743695293
11273325.63710487	429992.990089829
11483124.14543511	426084.5346386788
11696827.039703846	422103.3421665353
11914506.981197748	418048.05902506155
12136237.983442418	413917.30637429404
12362095.437367693	409709.67971382395
12592156.13694151	405439.3382405288
12826498.3052806	402332.5386453992
13065201.621247198	399167.9209811636
13308347.24654076	395944.4092437176
13556017.853293689	392660.90740433853
13808297.652180923	389316.2990370208
14065272.421052363	385909.44693888264
14327029.534098294	382439.1927435015
14593657.991557576	378904.3565270594
14865248.449978571	375303.73640715645
15141893.25304352	371636.10813415505
15423686.462966273	367900.2246749242
15710723.892474487	364094.8157888341
16003103.137387017	360808.80999937066
16300923.609797413	358000.6073748119
16604286.571875297	355140.14362157806
16913295.17029647	352226.4461511714
17228054.471313924	349258.5242750574
17548671.49648152	346235.36886781896
17875255.259042352	343155.9520240443
18207916.800994623	340019.22670882556
18546769.230846975	336824.12640175817
18891927.762076646	333569.5647343108
19243509.75230332	330254.435120449
19601634.743191857	326877.61038038426
19966424.501097932	323475.5686518435
20338003.0584698	320984.90991544054
20716496.75602067	318447.89959615265
21102034.285685964	315863.67508313496
21494746.734379806	313231.3577122092
21894767.628566206	310550.0524671059
22302232.979659364	307818.8476751511
22717281.330269028	305036.8146972873
23140053.80130654	302203.00761232566
23570694.139967278	299316.46289532364
24009348.76860652	296376.1990899756
24456166.83452444	293381.2164749066
24911300.26067791	290330.4967237566
25374903.797335718	287719.7649936521
25847135.07469564	285470.65300206584
26328154.656480197	283179.68465361616
26818126.094530128	280846.0809943799
27317215.98441379	278469.0485739685
27825594.022071257	276047.7791757472
28343433.061513092	273581.4495420316
28870909.173592344	271069.2210941718
29408201.705870606	268510.2396474266
29955493.34359816	265903.6351205312
30512970.171828706	263248.52123986126
31080821.738690637	260543.9952380885
31659241.119835205	257839.4568977288
32248424.98408439	255846.37731307786
32848573.66030047	253816.20617822188
33459891.20549975	251748.25321310075
34082585.47423452	249641.81529142422
34716868.189265594	247496.17620160233
35362955.013550386	245310.6064032254
36021065.62357073	243084.36277901274
36691423.78402494	240816.68838214502
37374257.42391064	238506.81217889333
38069798.71402284	236153.94878645978
38778284.14589453	233757.2982059393
39499954.61220647	231316.04555031066
40235055.48869293	229245.6323146141
40983836.717572615	227447.2165048093
41746552.89253134	225615.33187077285
42523463.34528677	223749.35555199086
43314832.23376403	221848.65309640917
44120928.631911896	219912.5782447134
44942026.62119142	217940.47271059276
45778405.38376616	215931.66595691675
46630349.29742726	213885.4749677442
47498148.03228505	211801.2040160914
48382096.649259575	209678.14442737735
49282495.700405136	207515.57433846622
50199651.33110079	205369.16951931542
51133875.38414321	203776.5626481066
52085485.50577665	202154.3170920329
53054805.25369574	200501.88127012612
54042164.20705915	198818.69333640172
55047898.078549676	197104.1809888262
56072348.82852027	195357.7612747279
57115864.78126434	193578.84039258613
58178800.74344935	191766.81349013397
59261518.124755524	189921.06445869998
60364385.060758635	188040.9657237257
61487776.53810017	186125.87803138362
62632074.521986924	184175.15023122312
63797668.08606282	182535.64508060968
64984953.54469889	181099.45767628006
66194334.587743886	179636.5425799801
67426222.41778335	178146.40238481425
68681035.88995308	176628.53042705986
69959201.65435374	175082.4106138969
71261154.30111745	173507.5172479295
72587336.50817245	171903.31484844387
73938199.19175874	170269.25796933897
75314201.65974376	168604.79101366978
76715811.76779301	166909.3480447363
78143506.07844542	165182.35259366132
79597770.02314977	163481.20072347022
81079098.06731695	162210.0555232595
82587993.87844272	160915.25409458
84124970.49736118	159596.35619099461
85690550.51268347	158252.9133730051
87285266.2384837	156884.46885557807
88909659.89529167	155490.55735283252
90564283.79445294	154070.70491983864
92249700.52592173	152624.4287914704
93966483.1495469	151151.2372182607
95715215.38991857	149650.62929920125
97496491.83484097	148122.09481143043
99310918.137498	146565.1140367531
101159111.22238298	145268.3675231324
103041699.49505854	144122.62090951222
104959323.05582266	142955.55175645673
106912633.91734771	141766.76324787896
108902296.22637327	140555.8511828772
110928986.48952228	139322.40383830204
112993393.80332193	138066.00182876596
115096220.0885031	136786.2179640478
117238180.32865997	135482.61710384433
119420002.8133535	134154.756009817
121642429.3857368	132802.18319488663
123906215.6947913	131424.4387697221
126212131.45225461	130077.63729827474
128560960.69432965	129063.99229756862
130953502.04826704	128031.48319092163
133390569.00390588	126979.75891411245
135872990.19027063	125908.4618695548
138401609.65731302	124817.22780471008
140977287.16289675	123705.68568823859
143600898.46512634	122573.45758384405
146273335.620113	121420.15852177156
148995507.28528506	120245.39636791321
151768339.02834037	119048.77169047849
154592773.64194784	117829.87762418388
157469771.46430898	116588.29973191337
160400310.70568198	115563.63413656029
163385387.78098568	114650.33639708409
166426017.64859018	113720.0420312729
169523234.15541214	112772.43472901886
172678090.38843593	111807.19229362888
175891659.03277326	110823.98653227468
179165032.73638958	109822.48314440333
182499324.48161504	108802.34160807169
185895667.9635688	107763.21506416578
189355217.9756299	106704.75019846413
192879150.80207777	105626.58712150791
196468664.61804405	104528.35924623367
200124979.8969035	103463.02966977889
203849339.82524642	102655.31072144238
207643010.7255779	101832.55998603908
211507282.48687947	100994.49771945413
215443469.00318778	100140.83897148678
219452908.62033114	99271.29348896442
223536964.59097964	98385.56561705396
227697025.53816846	97483.35419873528
231934505.92744273	96564.35247240533
236250846.547794	95628.24796757473
240647515.00154215	94674.72239862522
245126006.20333397	93703.4515565895
249687842.8884332	92714.10519891592
254334576.13046482	91905.06409260425
259067785.8688001	91177.53092463013
263889081.44575077	90436.45824060572
268800102.15376073	89681.59406783365
273802517.7927863	88912.6817443616
278898029.23804396	88129.45983171492
284088369.0183295	87331.66202600402
289375301.9050947	86519.01706737856
294760625.51248586	85691.24864779669
300246170.90855557	84848.07531707668
305833803.23784316	83989.21038720116
311525422.35554785	83114.3618348397
317322963.4734973	82272.27841437426
323228397.81813806	81629.02768672652
329243733.30077755	80973.8059535842
335371015.2002929	80306.39043249846
341612326.8585518	79626.55419500056
347969790.3887688	78934.06608944449
354445567.3970435	78228.69066241302
361041859.71733445	77510.18807866065
367760910.160103	76778.31403956728
374605003.2748981	76032.81970007368
381576466.1271245	75273.4515840716
388677669.0892668	74499.95149821969
395911026.6468467	73712.0564441544
403278998.21937054	73073.67603830184
410784088.99656343	72494.42837663711
418428850.79015756	71904.40081742623
426215882.9015325	71303.39274494172
434147833.0055101	70691.19980996312
442227398.0505897	70067.61386029645
450457325.17594445	69432.42286999962
458840412.64547515	68785.41086729166
467379510.7992463	68126.35786112033
476077523.0226378	67455.03976636236
484937406.7335233	66771.22832763233
493962174.38783056	66074.69104167291
503154894.5038046	65409.46145103233
512518692.70533323	64897.43356868185
522056752.7846986	64375.87676031624
531772317.7850967	63844.613691001054
541668691.1033136	63303.46372556831
551749237.6129117	62752.24286719886
562017384.8083187	62190.76369486162
572476623.970219	61618.83529958816
583130511.3526218	61036.26321956174
593982669.3920338	60442.84937399791
605036787.9391212	59838.39199579511
616296625.5132942	59222.68556293189
627766010.5806513	58595.520728586955
639448842.8556936	58092.073450844815
651349094.6272782	57631.0867723403
663470812.1092337	57161.52105330908
675818116.816111	56683.216636347264
688395206.964551	56196.01089279946
701206358.9007177	55699.73816746332
714255928.5543104	55194.22972226496
727548352.9196217	54679.31367888602
741088151.5641569	54154.814960323776
754879928.1653446	53620.5552313625
768928372.0758306	53076.35283793787
783238259.9179205	52522.02274537222
797814457.2076613	51996.762321990565
812661920.0091946	51589.34816949016
827785696.619849	51174.35197028777
843190929.286625	50751.63262120423
858882855.9546258	50321.04639310593
874866812.0479896	49882.446882036005
891148232.2840202	49435.684959434635
907732652.5210242	48980.60872143442
924625711.6405733	48517.06343721123
941833153.4647961	48044.89149637352
959360828.7093127	47563.93235537405
977214696.9725724	47074.022482922395
995400828.7621539	46574.995304383316
1013925407.5588143	46178.14456457455
1032794731.9189526	45811.406704328096
1052015217.6161569	45437.84379009988
1071593399.8226712	45057.32880647385
1091535935.3313932	44669.73237425563
1111849604.81927	44274.92270648207
1132541315.1528125	43872.76556361194
1153618101.736476	43463.124207883615
1175087130.9048076	43045.8593568222
1196955702.3590453	42620.829135882435
1219231251.6491096	42187.88903020962
1241921352.7017846	41746.89183550278
1265033720.3959012	41332.32483105741
1288576213.185518	41008.2587306014
1312556835.7718453	40678.16170487411
1336983741.8249452	40341.92151733011
1361865236.7560828	39999.42384268258
1387209780.541618	39650.552228031906
1413025990.5995336	39295.18805326992
1439322644.7194095	38933.21049074826
1466108684.0469828	38564.49646419552
1493393216.1242533	38188.92060686965
1521185517.9861019	37806.35521893256
1549495039.3146317	37416.67022403008
1578331405.6521199	37019.73312506524
1607704421.673822	36707.0372858441
1637624074.521689	36415.37006465209
1668100537.2000556	36118.27486684484
1699144172.0346258	35815.650676853824
1730765534.1957276	35507.394599193736
1762975375.2872038	35193.40182347688
1795784647.0020967	34873.56558877611
1829204504.8462899	34547.77714732557
1863246311.9315598	34215.925727544716
1897921642.8391032	33877.898496375245
1933242287.5550432	33533.580520916425
1969220255.4791734	33182.85472934647
2005867779.5082297	32855.77602042481
2043197320.1952705	32598.08276043232
2081221569.9863415	32335.593785023328
2119953457.536069	32068.21984511796
2159406152.1035676	31795.870030695623
2199593068.0300703	31518.451739884993
2240527869.3000183	31235.87064747795
2282224474.1869006	30948.030672858353
2324697059.9856453	30654.83394733345
2367960067.833079	30356.180780857285
2412028207.618002	30051.96962813544
2456916462.98279	29742.097054098045
2502640096.4179215	29426.457698731116
2549214654.4514203	29180.164334417896
2596655972.934872	28948.2664425061
2644980182.4277143	28712.052891367064
2694203713.6818824	28471.443365848132
2744343303.2283683	28226.35605611815
2795415999.067865	27976.707629851007
2847439166.4672475	27722.413203891923
2900430493.8639855	27463.38631539603
2954407998.8803797	27199.53889243019
3009390034.449724	26930.78122402775
3065395295.056536	26657.021929685616
3122442823.0928583	26378.167928294035
3180552015.3329134	26120.203921848537
3239742629.5281954	25915.345819587474
3300034791.1252885	25706.67527318552
3361449000.108775	25494.121332408464
3424006137.9714255	25277.611726626295
3487727474.8141704	25057.0728402401
3552634676.5781393	24832.42968765221
3618749812.411284	24603.605887770267
3686095362.1721687	24370.5236380368
3754694224.0733366	24133.103687975505
3824569722.4669914	23891.26531224514
3895745615.775501	23644.926283192155
3968246104.5694857	23394.00284289241
4042095839.796318	23200.082075894585
4117319931.1616793	23015.75548712075
4193943955.6671777	22827.998549165557
4271993966.306777	22636.747422647
4351496500.925055	22441.937080121417
4432478591.24041	22243.501283973288
4514967772.036101	22041.37256389385
4598992090.5224285	21835.482193940323
4684580115.873045	21625.760169168454
4771760948.938751	21412.13518183011
4860564232.142149	21194.53459712783
4951020159.556351	20972.88442851826
5043159487.171348	20769.499573770107
5137013543.351338	20606.6882429023
5232614239.486667	20440.846965463723
5329994080.844104	20271.919353633126
5429186177.618942	20099.847970202358
5530224256.192888	19924.574309046962
5633142670.601352	19746.038775233566
5737976414.21414	19564.180664757027
5844761131.633649	19378.938143900272
5953533130.81437	19190.248228210283
6064329395.408049	18998.046761082587
6177187597.338489	18802.268391947382
6292146109.610351	18602.846554049705
6409244019.35647	18450.218701634156
6528521141.127848	18303.745570773273
6650018030.431105	18154.54655002379
6773775997.517745	18002.57091011103
6899837121.430025	17847.766977679912
7028244264.308367	17690.082117725444
7159041085.964888	17529.462715696245
7292272058.728297	17365.854159264927
7427982482.56491	17199.200819759404
7566218500.481063	17029.44603324863
7707027114.212319	16856.5320812761
7850456200.204509	16680.400171235047
7996554525.892329	16520.102982762804
8145371766.280737	16390.745844427558
8296958520.834915	16258.981347737008
8451366330.684739	16124.764691342525
8608647696.149244	15988.05024013481
8768856094.587408	15848.791509727334
8932045998.58096	15706.94115065124
9098272894.455566	15562.450932256055
9267593301.146902	15415.271726310664
9440064789.417603	15265.353490299236
9615746001.432076	15112.645250406153
9794696670.695385	14957.095084184408
9976977642.36321	14798.65010290148
10162650893.929972	14678.570318680018
10351779556.301762	14562.212414841068
10544427935.261662	14443.689070612687
10740661533.334322	14322.959986780737
10940547072.057436	14199.984114155886
11144152514.667904	14074.719639616424
11351547089.20999	13947.1239718913
11562801312.07373	13817.153727078648
11777987011.97118	13684.764713894792
11997177354.358854	13549.911918648802
12220446866.314913	13412.549489937273
12447871461.879063	13272.630723054415
12679528467.864315	13146.340933836194
12915496650.148827	13043.597036217956
13155856240.457052	12938.941057182548
13400688963.639534	12832.337412569446
13650078065.460136	12723.749855990882
13904108340.900667	12613.141466507564
14162866162.991974	12500.474636075262
14426439512.181587	12385.711056757671
14694918006.248201	12268.811707701274
14968392930.772554	12149.736841867843
15246957270.1757	12028.44597251995
15530705739.334583	11904.897859455106
15819734815.786015	11779.050494983667
16114142772.530231	11684.619622777383
16414029711.444664	11592.217019648417
16719497597.31985	11498.094788352359
17030650292.528427	11402.220926316408
17347593592.339325	11304.56283539446
17670435260.889503	11205.087310783336
17999285067.824764	11103.760529732872
18334254825.62285	11000.5480400457
18675458427.61074	10895.414748363208
19023011886.689457	10788.324908233444
19377033374.77993	10679.242107956892
19737643263.002552	10568.129258206123
20104964162.604927	10468.674339483794
20479120966.650833	10387.098460324345
20860240892.485046	10304.004440173123
21248453524.988873	10219.364026167932
21643890860.6402	10133.148439656059
22046687352.394028	10045.328366409105
22456979955.397717	9955.873946655895
22874908173.55704	9864.754764929869
23300614106.96929	9771.939839727447
23734242500.23866	9677.397612974017
24175940791.69123	9581.09593929378
24625859163.505444	9483.002075080032
25084150592.775414	9383.082667362012
25550970903.525124	9308.858738726536
26026478819.690044	9235.508344308068
26510836019.085308	9160.792886568464
27004207188.377697	9084.68696144703
27506760079.080673	9007.164692109203
28018665564.59201	8928.199720148126
28540097698.292374	8847.76519662251
29071233772.725693	8765.833772927665
29612254379.880314	8682.377591496721
30163343472.591972	8597.368276328778
30724688427.090096	8510.776923340716
31296480106.707504	8422.57409053953
31878912926.77636	8344.289012968755
32472184920.731255	8279.54657722036
33076497807.442425	8213.599273726373
33692057059.802742	8146.424679693038
34319071974.590427	8077.999955034597
34957755743.632645	8008.301834607388
35608325526.29274	7937.306620299461
36271002523.30648	7864.990172973004
36946012051.993095	7791.327904256726
37633583622.865326	7716.294768185576
38333951017.6659	7639.865252684808
39047352368.85556	7562.013370895616
39774030240.58036	7482.712652339364
40514231711.14655	7424.402385239265
41268208457.02952	7366.2003266714
42036216838.44701	7306.915117890163
42818517986.52406	7246.526601285758
43615377892.080055	7185.014244111882
44427067496.06892	7122.357131504302
45253862781.70167	7058.533959369628
46096044868.284195	6993.523027141634
46953900106.80053	6927.302230402865
47827720177.27485	6859.849053368921
48717802187.94641	6791.140561232815
49624448776.28914	6721.153392366908
50547968211.912254	6659.562282245261
51488674501.37487	6608.200628404559
52446887494.95119	6555.883125446392
53422932995.38363	6502.591984856033
54417142868.658875	6448.309087071498
55429855156.84652	6393.01597532263
56461414193.036606	6336.693849355652
57512170718.41614	6279.323559040885
58582482001.525475	6220.885597861459
59672711959.7331	6161.36009628093
60783231282.972115	6100.7268149873635
61914417559.77835	6038.965138011799
63066655405.67406	5976.0540657186
64240336593.94204	5930.2671505008875
65435860188.83229	5884.101571828945
66653632681.24893	5837.076843882575
67894068126.96099	5789.176977747575
69157588287.38525	5740.385686953349
70444622772.99051	5690.686381935315
71755609189.36922	5640.062164394272
73090993286.02888	5588.4958215507795
74451229107.95128	5535.969820292633
75836779149.97191	5482.466301213466
77248114514.03416	5427.967072540287
78685715069.36842	5372.453603948142
80150069615.6538	5324.015441877053
81641676049.21454	5283.279032295054
83161041532.30962	5241.784511199197
84708682665.57419	5199.517770005205
86285125663.66887	5156.46443756566
87890906534.19963	5112.609875283622
89526571259.96382	5067.939172135418
91192675984.59299	5022.437139600627
92889787201.64516	4976.088306497917
94618481947.21991	4928.876913724645
96379347996.15794	4880.786908898551
98172984061.88821	4831.801940899854
100000000000.0	4781.905354311604
