# Frequency (Hz)	Imaginary Part (Ohm/m)
1000.0	46041072.3728974
1018.6101701559753	45941592.20710139
1037.566678745186	45840260.698492765
1056.875971184804	45737043.393266775
1076.5446128423157	45631905.19642749
1096.5792912678098	45524810.35985513
1116.9868184678226	45415722.47015132
1137.7741332214914	45304604.436258174
1158.9483034398106	45191418.47684689
1180.5165285688054	45076126.10747168
1202.4861420374123	44958688.12748472
1224.8646137509306	44839064.606707424
1247.6595526308697	44717214.871853806
1270.8787092020582	44603824.66090377
1294.529978227916	44498622.63409945
1318.6214013947485	44391462.779675566
1343.1611700460153	44282308.662126966
1368.1576279674719	44171123.16787754
1393.619274224142	44057868.492661275
1419.5547660501015	43942506.128668256
1445.9729217920194	43824996.85145175
1472.882723907502	43705300.70659132
1500.2933220192183	43583376.99610804
1528.2140360258693	43459184.26462661
1556.654359271062	43332680.285280176
1585.6239617711371	43204393.14493698
1615.132693503091	43096197.96344193
1645.1905877536624	42985989.25120921
1675.807864530767	42873729.53608917
1706.9949340384078	42759380.64856906
1738.7624002162504	42642903.70879508
1771.1210643450886	42524259.11335265
1804.0819287193826	42403406.52180096
1837.6562003881704	42280304.84295669
1871.8552949655793	42154912.220922634
1906.690840512252	42027186.02085623
1942.1746814890264	41897082.81447321
1978.3188827841643	41764558.365281574
2015.1357338155585	41642893.12429776
2052.6377527092523	41530535.9926098
2090.8376905557498	41416087.87558289
2129.748535745521	41299509.859624065
2169.3835183851843	41180762.30695182
2209.756114795903	41059804.842118725
2250.880052095462	40936596.338283464
2292.7693128656488	40811094.903227165
2335.438139906479	40683257.86510964
2378.9010410788933	40553041.757960506
2423.1727942376006	40420402.306900285
2468.2684522556924	40285294.41308644
2514.2033481427966	40148986.14833875
2560.9931002584594	40035338.898412734
2608.6536176225477	39919576.65382784
2657.2011053245064	39801660.05417356
2706.652070033241	39681549.00653552
2757.0233256095826	39559202.67186332
2808.3319988231724	39434579.45108491
2860.5955351757416	39307636.970962435
2913.831704832789	39178332.06968485
2968.0586086656026	39046620.78219249
3023.2946844057765	38912458.32522843
3079.5587129142264	38775799.08211173
3136.8698245668766	38636596.58722725
3195.2475057592133	38510408.075955756
3254.711605531848	38394120.45178019
3315.282342319423	38275668.695131704
3376.9803108250912	38155012.5311367
3439.8264890229243	38032110.93539938
3503.8422452906757	37906922.120052956
3569.0493456752292	37779403.51955132
3635.4699612933177	37649511.776196286
3703.126675869927	37517202.72539555
3772.0424934169973	37382431.38064625
3842.240846055061	37245151.91823901
3913.745601980384	37105317.66167744
3986.581073580439	36965030.64119478
4060.7720257003657	36848890.18475155
4136.343684063274	36730588.33465192
4213.321743847289	36610084.86699217
4291.732378422157	36487338.80929489
4371.602248248501	36362308.42657789
4452.958509942655	36234951.20716385
4535.828825510186	36105223.84822594
4620.241371751313	35973082.24106429
4706.224849841281	35838481.45610869
4793.808495089106	35701375.72764194
4883.02208687788	35561718.43823906
4973.895958790063	35419462.102916874
5066.461008921268	35291926.865015544
5160.7487103859075	35174326.01048139
5256.791122018419	35054536.584033854
5354.620899273607	34932517.855977245
5454.271305329836	34808228.33862928
5555.7762223988775	34681625.77221488
5659.170163246242	34552667.110497326
5764.488282925873	34421308.50614211
5871.766390733255	34287505.2958084
5981.040962380945	34151211.98496295
6092.349152400711	34012382.232411556
6205.7288067765	33870968.83454247
6321.218475812449	33729917.57257139
6438.8574272404185	33613435.95560209
6558.685659571435	33494786.595920946
6680.743915695614	33373929.15146726
6805.073696735206	33250822.529407658
6931.717276155407	33125424.872164205
7060.717714137772	32997693.54318229
7192.118872221193	32867585.112433765
7325.96542821523	32735055.34165029
7462.302891391108	32600059.169281807
7601.17761795533	32462550.695175137
7742.636826811269	32322483.16496745
7886.728615614156	32179808.954189267
8033.501977124735	32053085.655150585
8183.00681586739	31935884.212275717
8335.293965098195	31816501.630606417
8490.415204088747	31694897.3187786
8648.423275731726	31571029.930015955
8809.37190447399	31444857.348071672
8973.31581458352	31316336.672908388
9140.310748756232	31185424.206111744
9310.413487069076	31052075.436032474
9483.681866285926	30916245.022651948
9660.174799522645	30777886.782166056
9839.952296278227	30636953.67128224
10023.075482838643	30497194.810853988
10209.606623060476	30381660.759026412
10399.609139541202	30263976.59883553
10593.1476351837	30144102.31639884
10790.287915161836	30021997.15316868
10991.097009294961	29897619.592073873
11195.643194838794	29770927.343403492
11403.99601970033	29641877.33042793
11616.22632608502	29510425.674752265
11832.40627458378	29376527.68139719
12052.609368708414	29240137.82360223
12276.910479883603	29101209.72734615
12505.385872903913	28959696.1555793
12738.113231864783	28835024.878277767
12975.171686575868	28719210.49783861
13216.641839466038	28601240.79207298
13462.60579298911	28481075.65000978
13713.147177539455	28358674.214205988
13968.351179887397	28233994.86685455
14228.30457214352	28106995.21563395
14493.09574126215	27977632.079294406
14762.81471909391	27845861.47297565
15037.553212997384	27711638.593251757
15317.404637020798	27574917.802897383
15602.46414366368	27435652.615370646
15892.828656229764	27298353.73219323
16188.596901781993	27184568.13561938
16489.86944471065	27068664.969732
16796.74872092653	26950604.826205842
17109.339072690134	26830347.56332002
17427.746784089173	26707852.292309403
17752.08011717636	26583077.363461968
18082.44934877952	26455980.351957485
18418.96680799711	26326518.043442596
18761.746914391195	26194646.41933745
19110.90621689136	26060320.641868975
19466.56343342263	25923495.03882546
19828.83949127071	25784123.08802762
20197.857568198782	25662353.708860155
20573.743134329114	25548702.10738538
20956.623994804308	25432935.43026865
21346.630333242454	25315014.31559238
21743.8947560008	25194898.668907017
22148.55233726359	25072547.649598446
22560.74066496859	24947919.657001786
22980.599887588487	24820972.31625669
23408.272761782944	24691662.46389948
23843.904700937208	24559946.133187067
24287.643824604504	24425778.53914778
24739.64100886812	24289114.063354
25200.049937640895	24155209.168906808
25669.027154919517	24044043.588125765
26146.732118010917	23930809.196970914
26633.327251749808	23815467.494529154
27128.978003724646	23697979.263378885
27633.852900531667	23578304.556255568
28148.123605075813	23456402.682469316
28671.964974937695	23332232.19406958
29205.55512182745	23205750.87175237
29749.075472144435	23076915.71050528
30302.71082866393	22945682.90498533
30866.649433372742	22812007.834624585
31441.08303147265	22675845.048458822
32026.206936576502	22558049.534809787
32622.220097116733	22447650.355917666
33229.325163989684	22335196.62952131
33847.72855945983	22220650.120142028
34477.640547344636	22103971.880732425
35119.275304507275	21985122.23943392
35772.850993678774	21864060.786087852
36438.58983763541	21740746.358495712
37116.71819475767	21615137.028423373
37807.466635993485	21487190.087345224
38511.070023255685	21356862.03192267
39227.76758927723	21224108.549212594
39957.803018952654	21094925.82156043
40701.42453219439	20987728.301222656
41458.88496832911	20878535.816791125
42230.441872066716	20767311.241644546
43016.35758106799	20654016.75822896
43816.89931514194	20538613.845199294
44632.33926710397	20421063.26432165
45462.95469532399	20301325.04713194
46309.02801799736	20179358.481346145
47170.84690917023	20055122.09701773
48048.704396551344	19928573.652437422
48942.89896114532	19799670.119770493
49853.73463873894	19668367.67042692
50781.5211232767	19556172.172498617
51726.57387216024	19450665.00927146
52689.21421350677	19343194.33978399
53669.76945540476	19233723.622850575
54668.57299720181	19122215.63724794
55685.96444286408	19008632.469059486
56722.28971644549	18892935.49878417
57777.90117970507	18775085.38820552
58853.1577519145	18655042.0670161
59948.42503189408	18532764.719193257
61064.07542232036	18408211.76912121
62200.48825634718	18281340.867454883
63358.04992658254	18158842.09709241
64537.15401646702	18057470.79473055
65738.20143409586	17954212.955182817
66961.60054853215	17849033.469671156
68207.76732865692	17741896.5760372
69477.1254846024	17632765.846582733
70770.10661181889	17521604.175683882
72087.15033782135	17408373.767174777
73428.70447166759	17293036.121496487
74795.22515621828	17175552.022606727
76187.17702322999	17055881.52464601
77605.0333513357	16933983.938355606
79049.2762269642	16809817.817242727
80520.39670825469	16705288.660743862
82018.8949920221	16606698.401234565
83545.28058382872	16506273.360220088
85100.07247122246	16403979.392104417
86683.79930019773	16299781.715836175
88296.99955494082	16193644.903082728
89940.22174092053	16085532.866184112
91614.0245713852	15975408.84588292
93318.9771573324	15863235.398825653
95055.65920101192	15748974.384831678
96824.66119303115	15632586.953925075
98626.5846131283	15514033.533125278
100462.04213468132	15400564.800754732
102331.65783302448	15307060.107188853
104236.06739764012	15211815.275365336
106175.9183482999	15114797.921015099
108151.87025522892	15015975.05719231
110164.59496336569	14915313.083058493
112214.77682079801	14812777.772457806
114303.11291144785	14708334.262279846
116430.31329208757	14601947.040605789
118597.10123376705	14493579.934633939
120804.21346773289	14383196.098380657
123052.40043592616	14270758.000152232
125342.42654613995	14156227.409783766
127675.07043192645	14061416.299158724
130051.12521734099	13971709.744533328
132471.39878661174	13880333.735662255
134936.71405883064	13787257.203717925
137447.90926775365	13692448.501676576
140005.8382468096	13595875.393557975
142611.37071941295	13497505.043464785
145265.39259467812	13397304.004418064
147968.80626863963	13295238.206984881
150722.53093107554	13191272.947694361
153527.5028780421	13085372.877238134
156384.67583022476	12977501.988451174
159295.0212572123	12875239.42870051
162259.5287078087	12791337.916096551
165279.2061464897	12705874.982066676
168355.08029612005	12618821.568292495
171488.19698705408	12530148.075675301
174679.62151272455	12439824.354272185
177930.43899185772	12347819.693044633
181241.75473742394	12254102.809416488
184614.69463245454	12158641.838637555
188050.40551285836	12061404.322949149
191550.0555573528	11962357.200548247
195114.83468466165	11861466.794346007
198745.9549580986	11758698.800517224
202444.65099768018	11675120.973604407
206212.18039991445	11595734.818572223
210049.8241653915	11514871.273686871
213958.88713434213	11432502.844471786
217940.6984302958	11348601.524773518
221996.61191199525	11263138.787239375
226128.00663372793	11176085.573617706
230336.2873142131	11087412.284877926
234622.88481422624	10997088.771146402
238989.25662310526	10905084.32145524
243436.8873543108	10811367.653300244
247967.289250216	10715906.90200441
252582.00269627848	10626313.734602045
257282.59674479323	10553054.81646772
262070.66964838552	10478432.537401468
266947.8494034318	10402421.52502438
271915.7943036019	10324995.934773212
276976.1935036891	10246129.441113047
282130.76759394706	10165795.228586266
287381.2691851069	10083965.982695006
292729.4835042813	10000613.880613992
298177.22900196735	9915710.581730375
303726.3579703311	9829227.218007734
309378.75717301364	9741134.384170558
315136.34848664823	9651402.127706138
321001.08955431683	9579705.847322142
326974.97445117676	9511264.883589676
333060.03436245886	9441550.221876515
339258.33827409917	9370538.15844651
345571.9936762143	9298204.548432935
352003.1472796675	9224524.797629029
358553.9857459817	9149473.854125593
365226.7364308175	9073026.199793203
372023.6681413066	8995155.84160566
378947.09190746717	8915836.302802136
385999.36176797637	8835040.613884795
393182.87557057705	8752741.303448819
400500.07578736113	8676285.43698343
407953.45034524484	8613866.075206539
415545.53347188793	8550285.078485947
423278.90655735444	8485520.82859771
431156.19903182285	8419551.304999013
439180.0892596086	8352354.077341044
447353.3054498463	8283906.297842354
455678.6265841068	8214184.693520382
464158.8833612772	8143165.558278449
472796.9591600391	8070824.744845315
481595.79101923504	7997137.656564978
490558.37063650455	7922079.239033447
499687.7453854889	7845623.971580006
508987.0193519675	7785558.962926111
518459.3543892913	7727864.388563217
528107.971193433	7669096.108354356
537936.1503980698	7609234.140451036
547947.2336900292	7548258.1311391555
558144.6249454955	7486147.347918562
568531.7913873753	7422880.6724537
579112.2647641759	7358436.593393238
589889.6425508494	7292793.19905592
600867.5891719692	7225928.16998036
612049.837247669	7157818.771336233
623440.1888627863	7088441.845194104
635042.5168595961	7024639.76773789
646860.7661546321	6972519.556060668
658898.9550799957	6919429.37837556
671161.1767496272	6865351.183450137
683651.6004510238	6810266.584115411
696374.4730628222	6754156.851014095
709334.1204987989	6697002.906232357
722534.9491787221	6638785.316813142
735981.4475265755	6579484.288148776
749678.1874966878	6519079.65725053
763629.8261282243	6457550.8858930655
777841.1071286482	6394877.053631148
792316.8624866261	6331036.850686504
807062.0141149492	6281661.69152368
822081.575524054	6233886.164941702
837380.6535266489	6185221.527680749
852964.4499741016	6135651.233239789
868838.2635251193	6085158.427184594
885007.4914473438	6033725.941417065
901477.6314524917	5981336.288337859
918254.2835656281	5927971.654900436
935343.1520292377	5873613.896554432
952750.0472427299	5818244.531076305
970480.8877380306	5761844.732285208
988541.7021919573	5704395.323641845
1006938.6314760271	5652081.271851313
1025677.9307444209	5609230.295932155
1044765.9715608053	5565581.856059786
1064209.2440647245	5521121.111294356
1084014.359178331	5475832.944503577
1104188.0508541602	5429701.957222772
1124737.1783647507	5382712.464419206
1145668.7286348727	5334848.48915902
1166989.8186171474	5286093.757174903
1188707.6977119034	5236431.691332653
1210829.7502320393	5185845.405994784
1233363.4979137746	5134317.701279216
1256316.6024741214	5081831.05721114
1279696.8682159416	5041815.192408416
1303512.2446815087	5002775.014726643
1327770.829355429	4963008.292695293
1352480.8704178738	4922501.505200394
1377650.769549055	4881240.879497737
1403289.084785873	4839212.386530018
1429404.533431761	4796401.736156769
1456005.9950206485	4752794.372295586
1483102.514336103	4708375.467972893
1510703.3044866556	4663129.920282609
1538817.7500383465	4617042.345251013
1567455.410205595	4570097.072606003
1596626.022101425	4527755.595440591
1626339.5040481905	4492918.439104279
1656605.9589499151	4457432.957360794
1687435.6777273756	4421287.084763999
1718839.1428171454	4384468.531327742
1750827.0317357269	4346964.778347137
1783410.220710006	4308763.074142082
1816599.7883753285	4269850.429721514
1850407.019542302	4230213.614367065
1884843.4090337954	4189839.1511344286
1919920.6655932867	4148713.312271071
1955650.715865947	4106822.1145486706
1992045.7084538713	4064151.3145086067
2029118.0180466783	4032045.385010306
2066880.2496290822	4000441.249926669
2105345.242766708	3968248.9565114905
2144526.0759716653	3935457.559038151
2184436.0711494284	3902055.908078173
2225088.7981283693	3868032.646710345
2266498.079273693	3833376.206659198
2308677.994187172	3798074.8043616964
2351642.884494346	3762116.436960701
2395407.358720879	3725488.878223834
2439986.29725955	3688179.6743864794
2485394.857429798	3650176.1399173285
2531648.478631358	3616217.050434735
2578762.8875937983	3588114.3007471557
2626754.1037238385	3559488.554106035
2675638.4445520453	3530330.077449084
2725432.531281028	3500628.9565800577
2776153.2944368036	3470375.092797833
2827817.979625338	3439558.199462751
2880444.1533962977	3408167.7984990184
2934049.709215787	3376193.2168320906
2988652.873550383	3343623.5827596737
3044272.2120643063	3310447.8222552487
3100926.6359319235	3276654.6552027888
3158635.408267819	3242232.591561367
3217418.1506763715	3216649.483798586
3277294.849923382	3191228.085962899
3338285.8647317644	3165333.591587885
3400411.9327037027	3138957.1962664537
3463694.1773717343	3112089.931739984
3528154.1153808828	3084722.6628490537
3593813.6638046256	3056846.084427359
3660695.147596906	3028450.718137867
3728821.30718283	2999526.909250092
3798215.306190736	2970064.8233573525
3868900.7393279755	2940054.443033
3940901.6404034477	2909485.5644243667
4014242.490499326	2882417.345939647
4088948.226294856	2859865.3579130867
4165044.248545185	2836893.673551992
4242556.430717777	2813494.48223617
4321511.127789762	2789659.8279884495
4401935.1852088785	2765381.6067695664
4483855.948021181	2740651.5637227204
4567301.270168747	2715461.2903668024
4652299.523960189	2689802.2217374602
4738879.609717651	2663665.633474881
4827070.965603188	2637042.6388574345
4916903.577628021	2609924.185780102
5008407.989848212	2582301.0536766285
5101615.314749833	2562008.81060589
5196557.243827657	2541647.4005102646
5293266.058360566	2520907.061108141
5391774.640387494	2499780.740460657
5492116.483887789	2478261.2553911484
5594325.706169377	2456341.2890428295
5698437.0594691355	2434013.3883909546
5804485.942768984	2411269.961708721
5912508.413831869	2388103.2759860056
6022541.201461928	2364505.454300035
6134621.717992506	2340468.4731371813
6248788.072006888	2315984.1596648507
6365079.081295578	2294497.0530760833
6483534.286054714	2276461.7408903455
6604193.962330305	2258090.7884760103
6727099.135712336	2239377.9495113203
6852291.595284057	2220316.861429395
6979813.907830667	2200901.043254906
7109709.432312423	2181123.893400476
7242022.334607315	2160978.6874220497
7376797.60252773	2140458.5757325403
7514081.061116962	2119556.5812728703
7653919.388230155	2098265.5971397036
7796360.130405221	2076578.3841690356
7941451.71902934	2054487.5684747694
8089243.486805938	2038440.5221415258
8239785.684528512	2022177.3007039072
8393129.498166373	2005611.4179480486
8549327.066268368	1988737.2412953225
8708431.497690724	1971549.0333438439
8870496.889654402	1954040.949917714
9035578.34613892	1936207.038079919
9203731.99661823	1918041.2341082734
9375015.01514529	1899537.3614336979
9549485.639791967	1880689.1285401038
9727203.192450536	1861490.1268252204
9908228.099003786	1841933.8284215988
10092621.909870483	1824923.072154198
10280447.320933098	1810532.1792304886
10471768.194855202	1795873.469340772
10666649.582795387	1780941.9583657417
10865157.746525371	1765732.5694307794
11067360.180959744	1750240.1311797677
11273325.63710487	1734459.3760167751
11483124.14543511	1718384.9383150095
11696827.039703846	1702011.3525924527
11914506.981197748	1685333.0516535353
12136237.983442418	1668344.3646962307
12362095.437367693	1651039.5153839258
12592156.13694151	1633477.3295881748
12826498.3052806	1620747.7632606425
13065201.621247198	1607781.2975377433
13308347.24654076	1594573.5236814178
13556017.853293689	1581119.9509062457
13808297.652180923	1567416.004852522
14065272.421052363	1553457.02603093
14327029.534098294	1539238.2682382644
14593657.991557576	1524754.8969436695
14865248.449978571	1510001.9876448514
15141893.25304352	1494974.5241936867
15423686.462966273	1479667.3970906835
15710723.892474487	1464075.4017476935
16003103.137387017	1450632.1830289434
16300923.609797413	1439165.885661628
16604286.571875297	1427486.198549248
16913295.17029647	1415589.1504723378
17228054.471313924	1403470.6963063625
17548671.49648152	1391126.7156463303
17875255.259042352	1378553.011405814
18207916.800994623	1365745.3083898902
18546769.230846975	1352699.2518415337
18891927.762076646	1339410.4059609468
19243509.75230332	1325874.252397345
19601634.743191857	1312086.188712668
19966424.501097932	1298196.3617237383
20338003.0584698	1288058.9850257293
20716496.75602067	1277732.9500224357
21102034.285685964	1267214.7457506927
21494746.734379806	1256500.7959077188
21894767.628566206	1245587.457635124
22302232.979659364	1234471.0202803067
22717281.330269028	1223147.7041347884
23140053.80130654	1211613.65914907
23570694.139967278	1199864.9636235824
24009348.76860652	1187897.6228752548
24456166.83452444	1175707.5678792864
24911300.26067791	1163290.653885631
25374903.797335718	1152679.001677268
25847135.07469564	1143551.3924811587
26328154.656480197	1134253.9169247928
26818126.094530128	1124783.4137663017
27317215.98441379	1115136.6629325675
27825594.022071257	1105310.3844243663
28343433.061513092	1095301.2372011275
28870909.173592344	1085105.818044948
29408201.705870606	1074720.6604034605
29955493.34359816	1064142.2332111667
30512970.171828706	1053366.9396888437
31080821.738690637	1042391.1161205892
31659241.119835205	1031416.5693989473
32248424.98408439	1023349.4608690286
32848573.66030047	1015132.2220767004
33459891.20549975	1006762.0590722361
34082585.47423452	998236.1259100253
34716868.189265594	989551.5236809272
35362955.013550386	980705.2995266089
36021065.62357073	971694.4456355395
36691423.78402494	962515.8982203078
37374257.42391064	953166.5364758938
38069798.71402284	943643.1815185667
38778284.14589453	933942.5953050277
39499954.61220647	924061.4795314413
40235055.48869293	915691.2815478971
40983836.717572615	908429.5964385099
41746552.89253134	901032.7701336179
42523463.34528677	893498.2876325774
43314832.23376403	885823.5871301547
44120928.631911896	878006.0591454868
44942026.62119142	870043.0456348247
45778405.38376616	861931.8390877752
46630349.29742726	853669.6816067146
47498148.03228505	845253.7639690753
48382096.649259575	836681.2246721815
49282495.700405136	827949.1489603039
50199651.33110079	819283.5572997836
51133875.38414321	812866.8783123877
52085485.50577665	806330.7838371994
53054805.25369574	799673.0515316732
54042164.20705915	792891.4176950883
55047898.078549676	785983.5764988689
56072348.82852027	778947.1792025773
57115864.78126434	771779.8333553161
58178800.74344935	764479.1019822713
59261518.124755524	757042.5027561112
60364385.060758635	749467.5071529705
61487776.53810017	741751.5395927242
62632074.521986924	733891.9765632633
63797668.08606282	727293.0433805642
64984953.54469889	721517.9191548328
66194334.587743886	715635.3188845891
67426222.41778335	709643.242422356
68681035.88995308	703539.6523975726
69959201.65435374	697322.4735238666
71261154.30111745	690989.5918934303
72587336.50817245	684538.8542582745
73938199.19175874	677968.0672980957
75314201.65974376	671274.9968745303
76715811.76779301	664457.3672715164
78143506.07844542	657512.8604215299
79597770.02314977	650673.2744937707
81079098.06731695	645570.790481236
82587993.87844272	640373.3483730106
84124970.49736118	635079.1809827753
85690550.51268347	629686.4882365736
87285266.2384837	624193.436560766
88909659.89529167	618598.1582585956
90564283.79445294	612898.7508751523
92249700.52592173	607093.2765505149
93966483.1495469	601179.76136086
95715215.38991857	595156.1946473054
97496491.83484097	589020.528332265
99310918.137498	582770.6762230822
101159111.22238298	577569.868739613
103041699.49505854	572977.9603535346
104959323.05582266	568300.5957710496
106912633.91734771	563536.1846378031
108902296.22637327	558683.1070026739
110928986.48952228	553739.7127669757
112993393.80332193	548704.3211234031
115096220.0885031	543575.2199845407
117238180.32865997	538350.6654007367
119420002.8133535	533028.880967139
121642429.3857368	527608.0572197
123906215.6947913	522086.35101993533
126212131.45225461	516689.4277134521
128560960.69432965	512632.61449050036
130953502.04826704	508500.3032831784
133390569.00390588	504291.0890611517
135872990.19027063	500003.5406462302
138401609.65731302	495636.20022575406
140977287.16289675	491187.58285692375
143600898.46512634	486656.1759619006
146273335.620113	482040.4388135162
148995507.28528506	477338.8020114051
151768339.02834037	472549.6669483941
154592773.64194784	467671.40526696044
157469771.46430898	462702.35830557
160400310.70568198	458604.31474377576
163385387.78098568	454953.60462083726
166426017.64859018	451234.95416131994
169523234.15541214	447447.0989840004
172678090.38843593	443588.7511773048
175891659.03277326	439658.5988614064
179165032.73638958	435655.30574217037
182499324.48161504	431577.5106568001
185895667.9635688	427423.82711103
189355217.9756299	423192.84280769894
192879150.80207777	418883.1191665567
196468664.61804405	414493.1908351274
200124979.8969035	410235.32447597146
203849339.82524642	407010.11449326854
207643010.7255779	403724.8828039991
211507282.48687947	400378.5123939912
215443469.00318778	396969.86546124803
219452908.62033114	393497.7830290841
223536964.59097964	389961.0845520621
227697025.53816846	386358.5675145923
231934505.92744273	382689.0070220662
236250846.547794	378951.1553843765
240647515.00154215	375143.7416916908
245126006.20333397	371265.47138233006
249687842.8884332	367315.02580260125
254334576.13046482	364086.3322310917
259067785.8688001	361184.0047216759
263889081.44575077	358227.66440346075
268800102.15376073	355216.3060888847
273802517.7927863	352148.90588367375
278898029.23804396	349024.420838708
284088369.0183295	345841.7885954057
289375301.9050947	342599.9270245109
294760625.51248586	339297.7338581597
300246170.90855557	335934.08631509467
305833803.23784316	332507.84071890934
311525422.35554785	329017.8321091828
317322963.4734973	325658.90940970735
323228397.81813806	323094.8397225841
329243733.30077755	320483.05226229184
335371015.2002929	317822.65899295267
341612326.8585518	315112.7553521895
347969790.3887688	312352.4199435646
354445567.3970435	309540.71422329784
361041859.71733445	306676.68218114827
367760910.160103	303759.3500153628
374605003.2748981	300787.7258015704
381576466.1271245	297760.7991555193
388677669.0892668	294677.5408895354
395911026.6468467	291536.9026625867
403278998.21937054	288993.29562391865
410784088.99656343	286685.8716031376
418428850.79015756	284335.5060287074
426215882.9015325	281941.3997510082
434147833.0055101	279502.7387481095
442227398.0505897	277018.69384899474
450457325.17594445	274488.42045163235
458840412.64547515	271911.05823580344
467379510.7992463	269285.7308705842
476077523.0226378	266611.54571638315
484937406.7335233	263887.59352143446
493962174.38783056	261112.94811264105
503154894.5038046	258463.24360482336
512518692.70533323	256424.6696661042
522056752.7846986	254348.15751950993
531772317.7850967	252233.00112853714
541668691.1033136	250078.48131722174
551749237.6129117	247883.86552561304
562017384.8083187	245648.4075606954
572476623.970219	243371.34734267407
583130511.3526218	241051.91064654052
593982669.3920338	238689.3088388259
605036787.9391212	236282.73860945838
616296625.5132942	233831.38169862994
627766010.5806513	231334.4046185781
639448842.8556936	229330.52053400307
651349094.6272782	227495.89959048937
663470812.1092337	225627.1360390447
675818116.816111	223723.59447992637
688395206.964551	221784.6276884939
701206358.9007177	219809.57639514643
714255928.5543104	217797.76906116307
727548352.9196217	215748.5216503728
741088151.5641569	213661.13739657603
754879928.1653446	211534.90656663518
768928372.0758306	209369.10621915868
783238259.9179205	207162.99995869133
797814457.2076613	205072.688809443
812661920.0091946	203451.71931320816
827785696.619849	201800.58329883066
843190929.286625	200118.71936227538
858882855.9546258	198405.5556516813
874866812.0479896	196660.50967292828
891148232.2840202	194882.98809158028
907732652.5210242	193072.3865311475
924625711.6405733	191228.08936759084
941833153.4647961	189349.46952000176
959360828.7093127	187435.88823739107
977214696.9725724	185486.69488150327
995400828.7621539	183501.22670559556
1013925407.5588143	181922.4403022787
1032794731.9189526	180463.5182496819
1052015217.6161569	178977.44540944227
1071593399.8226712	177463.71650078127
1091535935.3313932	175921.8168395601
1111849604.81927	174351.2221632805
1132541315.1528125	172751.39845282893
1153618101.736476	171121.80175090668
1175087130.9048076	169461.87797707564
1196955702.3590453	167771.0627393676
1219231251.6491096	166048.7811423839
1241921352.7017846	164294.44759182347
1265033720.3959012	162645.2585185147
1288576213.185518	161356.0984226373
1312556835.7718453	160042.94683801738
1336983741.8249452	158705.35727896736
1361865236.7560828	157342.87495062433
1387209780.541618	155955.03659431654
1413025990.5995336	154541.3703300486
1439322644.7194095	153101.39549605886
1466108684.0469828	151634.62248538868
1493393216.1242533	150140.55257940927
1521185517.9861019	148618.67777825502
1549495039.3146317	147068.4806280949
1578331405.6521199	145489.43404519494
1607704421.673822	144245.38422030947
1637624074.521689	143084.95000477115
1668100537.2000556	141902.9199110271
1699144172.0346258	140698.8920361087
1730765534.1957276	139472.45699756552
1762975375.2872038	138223.19779427018
1795784647.0020967	136950.6896646322
1829204504.8462899	135654.49994217715
1863246311.9315598	134334.18790843245
1897921642.8391032	132989.30464308083
1933242287.5550432	131619.39287132135
1969220255.4791734	130223.98680839044
2005867779.5082297	128922.57811215305
2043197320.1952705	127897.01262305798
2081221569.9863415	126852.36118570481
2119953457.536069	125788.26860734899
2159406152.1035676	124704.37308504805
2199593068.0300703	123600.30608264601
2240527869.3000183	122475.69220546544
2282224474.1869006	121330.14907267079
2324697059.9856453	120163.28718725404
2367960067.833079	118974.7098036009
2412028207.618002	117764.01279259472
2456916462.98279	116530.78450420611
2502640096.4179215	115274.60562752941
2549214654.4514203	114294.07190414333
2596655972.934872	113370.7377403283
2644980182.4277143	112430.22017061408
2694203713.6818824	111472.19940889251
2744343303.2283683	110496.3497177824
2795415999.067865	109502.33929787406
2847439166.4672475	108489.83017491462
2900430493.8639855	107458.47808489244
2954407998.8803797	106407.93235698399
3009390034.449724	105337.83579432254
3065395295.056536	104247.82455254663
3122442823.0928583	103137.52801608956
3180552015.3329134	102110.24297784678
3239742629.5281954	101294.03723525327
3300034791.1252885	100462.64176490788
3361449000.108775	99615.77388339241
3424006137.9714255	98753.14564650248
3487727474.8141704	97874.46375134269
3552634676.5781393	96979.42943660081
3618749812.411284	96067.73838096616
3686095362.1721687	95139.08059965647
3754694224.0733366	94193.14033902012
3824569722.4669914	93229.59596917595
3895745615.775501	92248.11987465594
3968246104.5694857	91248.3783430129
4042095839.796318	90475.23177053963
4117319931.1616793	89740.19028327838
4193943955.6671777	88991.46954886755
4271993966.306777	88228.81499418979
4351496500.925055	87451.9673084793
4432478591.24041	86660.66235515242
4514967772.036101	85854.63108199908
4598992090.5224285	85033.59942970131
4684580115.873045	84197.28823865065
4771760948.938751	83345.41315403116
4860564232.142149	82477.68452913527
4951020159.556351	81593.80732688108
5043159487.171348	80782.52610764994
5137013543.351338	80132.55881984871
5232614239.486667	79470.49553022567
5329994080.844104	78796.11113012876
5429186177.618942	78109.17632159562
5530224256.192888	77409.45753938962
5633142670.601352	76696.71687158529
5737976414.21414	75970.71197867604
5844761131.633649	75231.19601117568
5953533130.81437	74477.91752568724
6064329395.408049	73710.620399409
6177187597.338489	72929.04374305038
6292146109.610351	72132.92181212698
6409244019.35647	71522.92853865623
6528521141.127848	70937.37208058126
6650018030.431105	70340.91831718566
6773775997.517745	69733.36444776291
6899837121.430025	69114.5038974513
7028244264.308367	68484.12624699554
7159041085.964888	67842.01716120246
7292272058.728297	67187.95831606405
7427982482.56491	66521.72732452545
7566218500.481063	65843.09766087112
7707027114.212319	65151.83858370331
7850456200.204509	64447.71505748768
7996554525.892329	63806.577016884046
8145371766.280737	63288.55951547929
8296958520.834915	62760.9016202296
8451366330.684739	62223.42392176518
8608647696.149244	61675.94367187741
8768856094.587408	61118.27472138219
8932045998.58096	60550.22745682744
9098272894.455566	59971.608736022674
9267593301.146902	59382.2218223683
9440064789.417603	58781.86631796326
9615746001.432076	58170.33809546714
9794696670.695385	57547.429228695066
9976977642.36321	56912.927921920695
10162650893.929972	56431.22679812118
10351779556.301762	55964.294167182525
10544427935.261662	55488.67184053073
10740661533.334322	55004.19810144986
10940547072.057436	54510.708223648595
11144152514.667904	54008.034415251175
11351547089.20999	53496.005761746674
11562801312.07373	52974.44816787569
11777987011.97118	52443.18429843653
11997177354.358854	51902.033517989374
12220446866.314913	51350.811829438055
12447871461.879063	50789.33181146927
12679528467.864315	50282.14665561051
12915496650.148827	49868.808311918234
13155856240.457052	49447.777671317854
13400688963.639534	49018.91157885503
13650078065.460136	48582.064215437436
13904108340.900667	48137.08704825444
14162866162.991974	47683.82878027455
14426439512.181587	47222.135298802954
14694918006.248201	46751.84962308127
14968392930.772554	46272.811850912585
15246957270.1757	45784.8591042927
15530705739.334583	45287.825474030054
15819734815.786015	44781.54196333496
16114142772.530231	44400.65498215996
16414029711.444664	44027.7980291849
16719497597.31985	43648.00214487113
17030650292.528427	43261.13819452567
17347593592.339325	42867.074640237064
17670435260.889503	42465.67749615087
17999285067.824764	42056.81028291319
18334254825.62285	41640.33398126599
18675458427.61074	41216.10698477907
19023011886.689457	40783.9850517028
19377033374.77993	40343.82125592384
19737643263.002552	39895.46593700902
20104964162.604927	39493.6693756775
20479120966.650833	39163.31451082882
20860240892.485046	38826.81168573347
21248453524.988873	38484.04648580512
21643890860.6402	38134.902367182636
22046687352.394028	37779.260617103624
22456979955.397717	37417.000313541
22874908173.55704	37047.99828408832
23300614106.96929	36672.12906407963
23734242500.23866	36289.26485393025
24175940791.69123	35899.27547568337
24625859163.505444	35502.0283287482
25084150592.775414	35097.38834481459
25550970903.525124	34795.65136362801
26026478819.690044	34497.335888257825
26510836019.085308	34193.46871113084
27004207188.377697	33883.94651413263
27506760079.080673	33568.66405638125
28018665564.59201	33247.51413844392
28540097698.292374	32920.38756588825
29071233772.725693	32587.173112154796
29612254379.880314	32247.757480738856
30163343472.591972	31902.025266668665
30724688427.090096	31549.85891726623
31296480106.707504	31191.138692178272
31878912926.77636	30872.177924354335
32472184920.731255	30607.536855351897
33076497807.442425	30337.970771025077
33692057059.802742	30063.388016000652
34319071974.590427	29783.695229183388
34957755743.632645	29498.79731201206
35608325526.29274	29208.59739612502
36271002523.30648	28912.99681042407
36946012051.993095	28611.895047525017
37633583622.865326	28305.189729584217
38333951017.6659	27992.776573488805
39047352368.85556	27674.549355399417
39774030240.58036	27350.399874633127
40514231711.14655	27110.723671539017
41268208457.02952	26871.394579238193
42036216838.44701	26627.61153180639
42818517986.52406	26379.29164038067
43615377892.080055	26126.350473522412
44427067496.06892	25868.702028509466
45253862781.70167	25606.25870209446
46096044868.284195	25338.931260718586
46953900106.80053	25066.62881017127
47827720177.27485	24789.25876468539
48717802187.94641	24506.726815456834
49624448776.28914	24218.936898578708
50547968211.912254	23964.994240217744
51488674501.37487	23752.308044308927
52446887494.95119	23535.663722104422
53422932995.38363	23314.98761220036
54417142868.658875	23090.204682341675
55429855156.84652	22861.23850391016
56461414193.036606	22628.01122593803
57512170718.41614	22390.443548637817
58582482001.525475	22148.45469643948
59672711959.7331	21901.962390525943
60783231282.972115	21650.88282085722
61914417559.77835	21395.13061767421
63066655405.67406	21134.6188224722
64240336593.94204	20943.509428383055
65435860188.83229	20750.764921527953
66653632681.24893	20554.433406603654
67894068126.96099	20354.448128779582
69157588287.38525	20150.741090906522
70444622772.99051	19943.243030396665
71755609189.36922	19731.88339567374
73090993286.02888	19516.59032218451
74451229107.95128	19297.29060796419
75836779149.97191	19073.909688747084
77248114514.03416	18846.371612613748
78685715069.36842	18614.59901416665
80150069615.6538	18411.58027693581
81641676049.21454	18239.868264515608
83161041532.30962	18064.960662326444
84708682665.57419	17886.797999898965
86285125663.66887	17705.31970000831
87890906534.19963	17520.464058077032
89526571259.96382	17332.16822119516
91192675984.59299	17140.368166749216
92889787201.64516	16944.99868065411
94618481947.21991	16745.99333517953
96379347996.15794	16543.284466363668
98172984061.88821	16336.803151007063
100000000000.0	16126.479183237603
