# Frequency (Hz)	Imaginary Part (Ohm)
1000.0	0.00010356826127351118
1018.6101701559753	0.00010549568357772041
1037.566678745186	0.00010745897553897344
1056.875971184804	0.00010945880469769123
1076.544612842316	0.00011149585101733565
1096.5792912678098	0.00011357080711560414
1116.9868184678226	0.0001156843784999277
1137.7741332214914	0.0001178372838073504
1158.9483034398106	0.00012003025504887377
1180.5165285688056	0.00012226403785834918
1202.4861420374123	0.00012453939174600037
1224.8646137509306	0.00012685709035666564
1247.6595526308697	0.00012921792173284594
1270.8787092020582	0.00013162268858264635
1294.529978227916	0.0001340722085527071
1318.6214013947485	0.00013656731450621112
1343.1611700460153	0.00013910885480606692
1368.1576279674719	0.0001416976936033615
1393.6192742241421	0.00014433471113118
1419.5547660501015	0.0001470208040038955
1445.9729217920196	0.000149756885522027
1472.8827239075017	0.00015254388598277143
1500.2933220192183	0.0001553827529963153
1528.2140360258693	0.00015827445180803136
1556.654359271062	0.00016121996562667336
1585.6239617711371	0.00016422029595867678
1615.1326935030913	0.0001672764629486833
1645.1905877536624	0.00017038950572639857
1675.8078645307671	0.00017356048275991002
1706.994934038408	0.0001767904722155761
1738.7624002162504	0.00018008057232461375
1771.1210643450886	0.00018343190175651106
1804.0819287193829	0.00018684559999938448
1837.6562003881704	0.00019032282774741904
1871.8552949655793	0.0001938647672955157
1906.690840512252	0.0001974726229412845
1942.1746814890264	0.00020114762139451933
1978.3188827841643	0.00020489101219429168
2015.1357338155585	0.00020870406813380845
2052.6377527092523	0.00021258808569317344
2090.83769055575	0.00021654438548020715
2129.748535745521	0.00022057431267946583
2169.3835183851843	0.00022467923750961862
2209.756114795903	0.00022886055568933827
2250.880052095462	0.00023311968891185847
2292.7693128656488	0.00023745808532836695
2335.438139906479	0.00024187722004039082
2378.9010410788933	0.00024637859560134744
2423.1727942376006	0.0002509637425274297
2468.2684522556924	0.000255634219817996
2514.2033481427966	0.00026039161548564965
2560.9931002584594	0.00026523754709617786
2608.6536176225477	0.0002701736623185419
2657.201105324507	0.00027520163948510385
2706.652070033241	0.0002803231881622756
2757.0233256095826	0.0002855400497317917
2808.3319988231724	0.0002908539979827969
2860.595535175742	0.0002962668397149532
2913.8317048327885	0.0003017804153527724
2968.058608665602	0.0003073965995713791
3023.2946844057765	0.0003131173019339212
3079.5587129142264	0.00031894446754084235
3136.8698245668766	0.00032488007769123506
3195.2475057592137	0.00033092615055650633
3254.711605531848	0.0003370847418665754
3315.282342319423	0.00034335794560884597
3376.9803108250912	0.0003497478947401839
3439.8264890229248	0.0003562567619121436
3503.8422452906757	0.0003628867602096961
3569.0493456752297	0.00036964014390370006
3635.4699612933177	0.00037651920921737754
3703.126675869927	0.00038352629510705725
3772.0424934169973	0.000390663784057441
3842.240846055061	0.0003979341028916784
3913.745601980384	0.0004053397235965083
3986.581073580439	0.000412883164162766
4060.7720257003652	0.00042056698944152376
4136.343684063274	0.0004283938120161674
4213.321743847289	0.0004363662930907062
4291.732378422157	0.000444487143394607
4371.602248248502	0.0004527591241044748
4452.958509942656	0.0004611850477828805
4535.828825510186	0.0004697677793346622
4620.241371751313	0.0004785102369810259
4706.224849841282	0.0004874153932517695
4793.808495089107	0.0004964862759959774
4883.02208687788	0.00050572596941152
4973.895958790063	0.0005151376150937146
5066.461008921268	0.0005247244131035031
5160.7487103859075	0.0005344896230555043
5256.791122018419	0.0005444365652263209
5354.620899273607	0.0005545686216834688
5454.271305329837	0.0005648892374353142
5555.7762223988775	0.000575401921602415
5659.170163246243	0.0005861102486106617
5764.488282925873	0.0005970178594066176
5871.766390733255	0.0006081284626954822
5981.040962380944	0.0006194458362020879
6092.349152400711	0.0006309738279553698
6205.7288067765	0.000642716357596737
6321.218475812449	0.000654677417712792
6438.857427240419	0.0006668610751928524
6558.685659571435	0.0006792714726117398
6680.743915695614	0.0006919128296382946
6805.073696735207	0.0007047894444701161
6931.7172761554075	0.0007179056952949918
7060.717714137772	0.000731266041779526
7192.118872221193	0.0007448750265854808
7325.9654282152305	0.0007587372769143241
7462.302891391108	0.0007728575060805313
7601.17761795533	0.0007872405151141642
7742.63682681127	0.0008018911943932669
7886.728615614156	0.0008168145253066557
8033.501977124734	0.0008320155819476351
8183.006815867389	0.0008474995328392543
8335.293965098195	0.0008632716426916538
8490.415204088747	0.0008793372741921248
8648.423275731726	0.0008957018898284833
8809.37190447399	0.0009123710537463699
8973.31581458352	0.0009293504336411269
9140.310748756232	0.0009466458026848695
9310.413487069076	0.000964263041489426
9483.681866285928	0.0009822081401058135
9660.174799522645	0.0010004872000609177
9839.952296278227	0.001019106436432077
10023.075482838643	0.0010380721799602784
10209.606623060476	0.001057390879202676
10399.609139541202	0.0010770691027251651
10593.147635183701	0.0010971135413357744
10790.287915161836	0.0011175310103596083
10991.097009294961	0.0011383284519561304
11195.643194838794	0.001159512937479575
11403.996019700331	0.0011810916698832754
11616.226326085018	0.0012030719861687586
11832.40627458378	0.001225461359880397
12052.609368708414	0.0012482674036464942
12276.910479883603	0.0012714978717676658
12505.385872903913	0.0012951606628533742
12738.113231864785	0.0013192638225075508
12975.171686575868	0.0013438155460641897
13216.641839466038	0.0013688241813738407
13462.60579298911	0.001394298231641974
13713.147177539457	0.001420246358320158
13968.351179887397	0.0014466773840510509
14228.30457214352	0.0014736002956681929
14493.095741262152	0.0015010242472516231
14762.81471909391	0.0015289585632403755
15037.553212997384	0.0015574127416028644
15317.404637020798	0.001586396457066328
15602.46414366368	0.0016159195644063196
15892.828656229764	0.0016459921017974418
16188.596901781992	0.001676624294226437
16489.86944471065	0.0017078265569687844
16796.74872092653	0.001739609499130016
17109.339072690134	0.0017719839272529285
17427.746784089173	0.001804960848991909
17752.08011717636	0.0018385514768556764
18082.44934877952	0.0018727672320196303
18418.96680799711	0.001907619748209202
18761.746914391195	0.0019431208756554245
19110.90621689136	0.0019792826851241494
19466.563433422634	0.002016117472020241
19828.839491270715	0.002053637760568122
20197.857568198782	0.0020918563080701827
20573.743134329117	0.0021307861092443687
20956.623994804308	0.002170440400642546
21346.630333242454	0.0022108326651510616
21743.8947560008	0.002251976636575062
22148.552337263594	0.0022938863043081553
22560.74066496859	0.0023365759180889426
22980.599887588487	0.002380059992846082
23408.272761782944	0.002424353313633534
23843.904700937204	0.0024694709406576057
24287.643824604504	0.00251542821439763
24739.641008868115	0.0025622407608218625
25200.049937640895	0.002609924496700484
25669.02715491952	0.0026584956350174833
26146.73211801092	0.002707970690483227
26633.327251749808	0.0027583664851496643
27128.978003724646	0.0028097001541299896
27633.85290053167	0.00286198915142477
28148.123605075813	0.002915251255856496
28671.9649749377	0.002969504577114556
29205.555121827452	0.003024767561912758
29749.075472144435	0.003081059000261384
30302.71082866393	0.003138398031855992
30866.649433372746	0.003196804152585169
31441.083031472648	0.003256297221159256
32026.206936576502	0.0033168974658626116
32622.220097116733	0.0033786254914313935
33229.325163989684	0.0034415022860593905
33847.72855945983	0.003505549228534291
34477.64054734464	0.003570788095506613
35119.275304507275	0.0036372410688940734
35772.850993678774	0.003704930743423651
36438.58983763541	0.003773880134314013
37116.71819475767	0.003844112685101009
37807.46663599349	0.003915652275608633
38511.07002325569	0.003988523230068492
39227.76758927724	0.004062750325390288
39957.803018952654	0.004138358799586186
40701.42453219439	0.004215374360352121
41458.88496832911	0.00429382319380856
42230.44187206672	0.004373731973404162
43016.357581068	0.0044551278689850034
43816.89931514195	0.004538038556032593
44632.33926710398	0.0046224922250738855
45462.95469532399	0.004708517591266334
46309.02801799737	0.0047961439041613535
47170.84690917022	0.004885400957649501
48048.70439655134	0.004976319100090671
48942.898961145314	0.0050689292446329404
49853.73463873893	0.005163262879723307
50781.5211232767	0.0052593520798141415
51726.57387216025	0.005357229516268827
52689.21421350677	0.005456928468470353
53669.76945540476	0.005558482835136724
54668.57299720181	0.0056619271458468335
55685.96444286409	0.005767296572780931
56722.28971644549	0.005874626942679517
57777.90117970507	0.005983954749024812
58853.15775191451	0.006095317164448975
59948.42503189409	0.006208752053373154
61064.07542232036	0.006324297984881842
62200.48825634718	0.006441994245836745
63358.04992658254	0.006561880854234733
64537.15401646702	0.006683998572814424
65738.20143409586	0.006808388922915951
66961.60054853215	0.0069350941985986255
68207.76732865692	0.007064157481021428
69477.1254846024	0.007195622653090989
70770.10661181889	0.007329534414382354
72087.15033782135	0.007465938296337241
73428.70447166757	0.007604880677745239
74795.2251562183	0.007746408800513133
76187.17702322999	0.007890570785727573
77605.0333513357	0.008037415650016881
79049.2762269642	0.008186993322217147
80520.3967082547	0.008339354660348592
82018.89499202212	0.00849455146890787
83545.28058382872	0.008652636516482088
85100.07247122246	0.008813663553690777
86683.79930019774	0.008977687331461627
88296.99955494083	0.009144763619646423
89940.22174092053	0.009314949225983388
91614.0245713852	0.009488302015412356
93318.97715733238	0.009664880929749613
95055.6592010119	0.009844746007728646
96824.66119303113	0.010027958405413987
98626.5846131283	0.010214580416994957
100462.04213468131	0.01040467549596627
102331.6578330245	0.01059830827670306
104236.06739764012	0.01079554459643714
106175.9183482999	0.010996451517642404
108151.87025522892	0.011201097350836834
110164.59496336569	0.011409551677808697
112214.77682079803	0.011621885375275268
114303.11291144787	0.011838170638981526
116430.31329208757	0.012058481008247598
118597.10123376705	0.012282891390972855
120804.21346773289	0.012511478089105375
123052.40043592616	0.01274431882458554
125342.42654613995	0.012981492765772217
127675.07043192645	0.013223080554360958
130051.12521734099	0.013469164332802954
132471.39878661174	0.013719827772234358
134936.71405883064	0.013975156100925474
137447.90926775365	0.014235236133259166
140005.8382468096	0.014500156299248758
142611.37071941298	0.014770006674605193
145265.39259467812	0.015044879011363635
147968.80626863963	0.015324866769080327
150722.53093107554	0.01561006514660971
153527.5028780421	0.015900571114473117
156384.6758302248	0.016196483447829844
159295.0212572123	0.016497902760061543
162259.5287078087	0.01680493153698216
165279.2061464897	0.017117674171684107
168355.08029612005	0.0174362370000328
171488.19698705408	0.017760728336822518
174679.62151272458	0.018091258512603986
177930.43899185772	0.018427939911198433
181241.75473742394	0.018770887007909107
184614.69463245457	0.019120216408444007
188050.40551285836	0.019476046888563404
191550.05555735278	0.019838499434464474
195114.83468466165	0.020207697283918233
198745.9549580986	0.020583765968171575
202444.65099768018	0.02096683335462913
206212.18039991445	0.021357029690329942
210049.82416539153	0.02175448764623234
213958.88713434216	0.022159342362323958
217940.6984302958	0.022571731493570495
221996.61191199525	0.02299179525671995
226128.00663372796	0.02341967647797804
230336.28731421314	0.02385552064157026
234622.88481422624	0.02429947593920842
238989.25662310526	0.024751693320477303
243436.8873543108	0.025212326544159013
247967.289250216	0.025681532230513015
252582.00269627848	0.026159469914528177
257282.5967447932	0.026646302100166802
262070.66964838552	0.02714219431561766
266947.8494034318	0.027647315169576924
271915.7943036019	0.028161836408577844
276976.1935036891	0.028685932975385353
282130.76759394706	0.029219783068479332
287381.2691851069	0.02976356820264363
292729.4835042813	0.030317473270682908
298177.22900196735	0.03088168660628876
303726.35797033116	0.03145640004807445
309378.7571730137	0.03204180900480269
315136.34848664823	0.032638112521826544
321001.08955431683	0.03324551334876668
326974.9744511768	0.0338642180084492
333060.03436245886	0.03449443686712463
339258.33827409917	0.03513638420599552
345571.9936762143	0.035790278294074045
352003.14727966755	0.036456341462395535
358553.9857459817	0.03713480017961428
365226.7364308176	0.03782588512900421
372023.6681413066	0.03852983128689448
378947.09190746717	0.03924687800256384
385999.3617679763	0.039977269079621416
393182.87557057705	0.04072125285890362
400500.07578736113	0.04147908230291147
407953.4503452449	0.04225101508182151
415545.53347188793	0.043037313661096116
423278.90655735444	0.043838245390724236
431156.19903182285	0.04465408259612429
439180.0892596086	0.045485102670736285
447353.3054498463	0.04633158817033981
455678.6265841069	0.04719382690912568
464158.8833612772	0.048072112057555204
472796.9591600391	0.04896674224204265
481595.7910192351	0.04987802164649003
490558.37063650455	0.05080626011571373
499687.7453854889	0.05175177326079519
508987.01935196744	0.05271488256639107
518459.3543892913	0.05369591550004313
528107.971193433	0.05469520562351895
537936.1503980698	0.055713092706227846
547947.2336900292	0.05674992284074564
558144.6249454955	0.05780604856048941
568531.7913873753	0.058881828959583916
579112.2647641759	0.059977629814955975
589889.6425508494	0.06109382371070354
600867.5891719693	0.062230790164778185
612049.837247669	0.06338891575802454
623440.1888627864	0.06456859426562342
635042.5168595962	0.06577022679097795
646860.7661546321	0.06699422190209428
658898.9550799957	0.06824099577049873
671161.1767496273	0.0695109723127399
683651.6004510239	0.07080458333452659
696374.4730628222	0.0721222686775442
709334.1204987989	0.0734644763690074
722534.9491787221	0.07483166277399356
735981.4475265756	0.07622429275061117
749678.1874966876	0.07764283980805818
763629.8261282241	0.07908778626761846
777841.1071286482	0.08055962342665735
792316.8624866261	0.08205885172566807
807062.014114949	0.08358598091842573
822081.5755240541	0.08514153024531107
837380.653526649	0.08672602860985555
852964.4499741016	0.08834001475857604
868838.2635251193	0.08998403746415387
885007.4914473438	0.09165865571202253
901477.6314524917	0.09336443889043038
918254.2835656282	0.09510196698403767
935343.1520292377	0.09687183077111762
952750.04724273	0.0986746320244283
970480.8877380306	0.10051098371582032
988541.7021919574	0.10238151022465541
1006938.6314760271	0.10428684755010113
1025677.9307444209	0.10622764352737785
1044765.9715608052	0.10820455804803003
1064209.2440647245	0.11021826328429507
1084014.359178331	0.11226944391765113
1104188.0508541602	0.11435879737161445
1124737.1783647507	0.11648703404887206
1145668.7286348727	0.11865487757282578
1166989.8186171474	0.12086306503363166
1188707.6977119034	0.12311234723881939
1210829.7502320395	0.1254034889685745
1233363.4979137748	0.12773726923577183
1256316.6024741214	0.13011448155084862
1279696.8682159416	0.1325359341916055
1303512.244681509	0.1350024504780316
1327770.8293554292	0.13751486905224053
1352480.870417874	0.14007404416361854
1377650.769549055	0.1426808459592785
1403289.084785873	0.1453361607799183
1429404.533431761	0.14804089146118798
1456005.9950206485	0.150795957640662
1483102.5143361029	0.15360229607052714
1510703.3044866556	0.15646086093608763
1538817.7500383463	0.15937262418019768
1567455.410205595	0.1623385758337347
1596626.022101425	0.16535972435221832
1626339.5040481905	0.1684370969586974
1656605.9589499151	0.17157173999301678
1687435.6777273756	0.17476471926758275
1718839.1428171457	0.17801712042975287
1750827.0317357269	0.18133004933096677
1783410.2207100063	0.18470463240274618
1816599.7883753285	0.18814201703969774
1850407.019542302	0.19164337198963402
1884843.4090337954	0.19520988775096507
1919920.6655932867	0.19884277697747896
1955650.715865947	0.20254327489065527
1992045.7084538713	0.20631263969965838
2029118.018046678	0.21015215302913667
2066880.2496290822	0.21425217060177534
2105345.242766708	0.21861761774774446
2144526.0759716653	0.22306430660790566
2184436.0711494284	0.22759374910438637
2225088.7981283693	0.23220748529643784
2266498.079273693	0.236907083904078
2308677.994187172	0.24169414284147192
2351642.884494346	0.2465702897602361
2395407.3587208795	0.2515371826028653
2439986.29725955	0.2565965101664416
2485394.8574297987	0.26174999267685084
2531648.478631358	0.2669993823736754
2578762.8875937983	0.27234646410597163
2626754.1037238385	0.277793055939145
2675638.4445520453	0.28334100977310317
2725432.531281028	0.2889922119719288
2776153.294436804	0.29474858400526127
2827817.979625338	0.3006120831016137
2880444.1533962977	0.3065847029138601
2934049.7092157872	0.3126684741970884
2988652.8735503824	0.31886546549908784
3044272.212064306	0.32517778386367324
3100926.6359319235	0.3316075755471009
3158635.408267819	0.33815702674782594
3217418.1506763715	0.3448283643498243
3277294.849923382	0.3516238566797635
3338285.8647317644	0.3585458142782573
3400411.9327037027	0.3655965906854701
3463694.1773717343	0.37277858324135416
3528154.115380883	0.38009423390076164
3593813.6638046256	0.38754603006374216
3660695.147596906	0.3951365054212844
3728821.30718283	0.40286824081679373
3798215.306190736	0.4107438651236157
3868900.7393279755	0.4187660561388716
3940901.6404034477	0.42693754149394547
4014242.490499326	0.43526109958190473
4088948.226294856	0.44373956050218216
4165044.248545185	0.45343177900651865
4242556.430717777	0.4634083834397069
4321511.127789762	0.4735706541789755
4401935.185208879	0.48392204650587445
4483855.948021182	0.4944660800053257
4567301.270168747	0.5052063397623345
4652299.523960189	0.5161464775809396
4738879.609717651	0.5272902132258787
4827070.965603188	0.5386413356873445
4916903.577628021	0.5502037044692771
5008407.989848212	0.5619812509016501
5101615.314749834	0.573977979477148
5196557.243827658	0.586197969212751
5293266.058360566	0.5986453750366391
5391774.640387494	0.6113244292009077
5492116.483887789	0.6242394427205927
5594325.706169377	0.6373948068394447
5698437.059469136	0.6507949945230123
5804485.942768984	0.6644445619794945
5912508.413831869	0.6783481502088945
6022541.201461928	0.6925104865810248
6134621.717992506	0.7069363864428458
6248788.072006888	0.7230696421656269
6365079.081295578	0.73962653115796
6483534.286054714	0.7564915466716909
6604193.962330305	0.7736704229938189
6727099.135712337	0.7911690011273879
6852291.595284058	0.808993230777511
6979813.907830667	0.8271491723743231
7109709.432312424	0.8456429991335899
7242022.334607315	0.8644809991556869
7376797.602527731	0.8836695775635911
7514081.061116962	0.903215258680717
7653919.388230155	0.923124688249249
7796360.130405221	0.9434046356897561
7941451.71902934	0.9640619964028896
8089243.486805938	0.985103794113866
8239785.684528511	1.0068530402703713
8393129.498166373	1.029684580626292
8549327.066268368	1.0529410198331541
8708431.497690724	1.0766302653308828
8870496.889654404	1.1007603717181886
9035578.34613892	1.1253395434912432
9203731.99661823	1.1503761378332913
9375015.015145289	1.1758786674561665
9549485.639791965	1.2018558034947329
9727203.192450536	1.2283163784551419
9908228.099003788	1.2552693892179885
10092621.909870485	1.28272400009735
10280447.320933098	1.310593920063349
10471768.194855202	1.3386369547848724
10666649.582795387	1.3672018751542523
10865157.746525373	1.3962983935522004
11067360.180959744	1.4259364031084818
11273325.63710487	1.456125981065688
11483124.145435112	1.486877392205616
11696827.039703846	1.518201092339392
11914506.981197748	1.5501077318625742
12136237.983442418	1.5826081593763912
12362095.43736769	1.615077159190418
12592156.13694151	1.6468499557331546
12826498.3052806	1.6792140494258843
13065201.621247198	1.7121804444091788
13308347.24654076	1.7457603496125451
13556017.853293689	1.779965182565566
13808297.652180923	1.8148065732799963
14065272.421052365	1.8502963682040954
14327029.534098294	1.8864466342505297
14593657.991557576	1.920826394620256
14865248.449978571	1.955771236282337
15141893.25304352	1.9913664073938193
15423686.462966274	2.027624010696419
15710723.89247449	2.064556374165929
16003103.137387017	2.102176055203872
16300923.60979741	2.14049584490714
16604286.571875297	2.178266360818435
16913295.17029647	2.2162657749067387
17228054.471313924	2.254972364557051
17548671.49648152	2.2943992904269184
17875255.259042356	2.334559958095946
18207916.800994623	2.3754680226238727
18546769.230846975	2.4171252845282725
18891927.762076642	2.459534195484125
19243509.75230332	2.502732343489001
19601634.743191857	2.5467344163786665
19966424.501097932	2.591555375332025
20338003.0584698	2.6372104599580597
20716496.75602067	2.676318603278547
21102034.285685964	2.711717458879217
21494746.734379806	2.747775093205939
21894767.628566206	2.7845037662429015
22302232.979659364	2.821915966134687
22717281.330269028	2.8608635298817933
23140053.801306542	2.901536954121541
23570694.139967278	2.942967317707211
24009348.768606517	2.985168707408835
24456166.83452444	3.0281554721536255
24911300.26067791	3.0724940131901315
25374903.797335718	3.117853932156459
25847135.07469564	3.1640580069330086
26328154.6564802	3.2111219474030523
26818126.094530128	3.258638582844588
27317215.98441379	3.3063949226910734
27825594.022071257	3.3550400161481235
28343433.061513092	3.4045904030716647
28870909.173592348	3.454159349857498
29408201.705870606	3.503159470408186
29955493.34359816	3.5530714915399924
30512970.17182871	3.6039123838778875
31080821.738690637	3.6542135538760148
31659241.119835205	3.7045992337557694
32248424.98408439	3.755922599711509
32848573.66030047	3.8080740114469434
33459891.20549975	3.8603928608141698
34082585.47423452	3.913685372870489
34716868.189265594	3.967969667644209
35362955.01355039	4.024007389231926
36021065.62357074	4.081220456877274
36691423.78402494	4.139498269446637
37374257.42391064	4.200248067862271
38069798.71402284	4.262595064939174
38778284.145894535	4.326102350240392
39499954.61220647	4.3918860482129185
40235055.48869293	4.459140024962781
40983836.717572615	4.526966326293106
41746552.89253135	4.577739722016118
42523463.34528678	4.629458019272929
43314832.23376403	4.6813783037301455
44120928.631911896	4.733064658038218
44942026.62119142	4.7857129041947
45778405.38376617	4.8372003414555715
46630349.29742727	4.889315046551981
47498148.03228505	4.941727435128855
48382096.649259575	4.994307331159183
49282495.700405136	5.0479166256986785
50199651.33110079	5.102818447073965
51133875.38414321	5.1587420006869245
52085485.50577665	5.217353550039405
53054805.25369574	5.277172501976261
54042164.20705915	5.3395642338705
55047898.078549676	5.403468458558108
56072348.82852027	5.468915048435228
57115864.78126435	5.535691744350758
58178800.74344935	5.602659690004315
59261518.124755524	5.6705890051172485
60364385.060758635	5.737710997680164
61487776.53810017	5.805307411149238
62632074.521986924	5.863780235352532
63797668.086062826	5.923292170788739
64984953.54469889	5.983776625303907
66194334.58774388	6.046211130053589
67426222.41778335	6.110497739912603
68681035.88995308	6.177809472294882
69959201.65435374	6.246924911456998
71261154.30111745	6.318176612554121
72587336.50817245	6.3903072903608065
73938199.19175874	6.463250042223286
75314201.65974376	6.535817283149919
76715811.76779303	6.608330738339318
78143506.07844542	6.681341313571641
79597770.02314977	6.755146876066976
81079098.06731695	6.831226360227922
82587993.87844272	6.909090760045442
84124970.49736118	6.9887898692769115
85690550.51268348	7.0714692146921605
87285266.23848371	7.155710105800025
88909659.89529167	7.240664554891581
90564283.79445294	7.32580335690977
92249700.52592175	7.410855970582058
93966483.1495469	7.4963190306108025
95715215.38991855	7.583866562305975
97496491.83484097	7.674506816903762
99310918.137498	7.76856293235848
101159111.22238298	7.8655661850564105
103041699.49505854	7.964603922430414
104959323.05582266	8.064617695607181
106912633.91734771	8.164544944958626
108902296.22637327	8.265008717630597
110928986.48952228	8.367603873057266
112993393.80332194	8.473873025974306
115096220.0885031	8.584188877283541
117238180.32865998	8.697420448052146
119420002.8133535	8.811745126633078
121642429.3857368	8.926071538282462
123906215.69479132	9.041641675529394
126212131.45225461	9.160492930049426
128560960.69432965	9.283576470931273
130953502.04826704	9.411043021071192
133390569.00390586	9.54105895856667
135872990.19027063	9.671429709343167
138401609.65731302	9.802127925663857
140977287.16289678	9.935059199518847
143600898.46512637	10.072788561117896
146273335.620113	10.216740961887409
148995507.28528506	10.363140018810496
151768339.02834037	10.509846718105935
154592773.64194787	10.65739322125505
157469771.464309	10.808781321556827
160400310.70568198	10.965914900854612
163385387.7809857	11.126724337138542
166426017.64859018	11.289070493552693
169523234.15541214	11.452375930984868
172678090.38843596	11.619951861847854
175891659.03277326	11.79350446749225
179165032.73638958	11.97046711613008
182499324.48161504	12.147981892561225
185895667.96356884	12.327640498953368
189355217.9756299	12.51362727472454
192879150.80207777	12.705050848547904
196468664.61804405	12.897939369302366
200124979.89690349	13.09186233690429
203849339.82524642	13.291484380818439
207643010.7255779	13.497397234360443
211507282.48687947	13.705219971438234
215443469.00318778	13.914374116711262
219452908.62033114	14.129784834466104
223536964.59097967	14.351363911672024
227697025.53816846	14.573879214151365
231934505.92744276	14.799200407789995
236250846.54779404	15.032135515925802
240647515.00154218	15.269057112654561
245126006.20333397	15.507121073081487
249687842.8884332	15.751212054905281
254334576.13046482	16.001689511265464
259067785.8688001	16.25321606228282
263889081.44575077	16.51019682347704
268800102.15376073	16.774304567792505
273802517.7927863	17.039475264664848
278898029.23804396	17.30998055146236
284088369.01832956	17.588340214823532
289375301.90509474	17.867727856936213
294760625.51248586	18.15298260779559
300246170.90855557	18.445356374886927
305833803.23784316	18.739537287281806
311525422.35554785	19.041184821930457
317322963.47349733	19.347301409216687
323228397.81813806	19.657260173344188
329243733.30077755	19.97597865861303
335371015.2002929	20.29589455690592
341612326.8585518	20.624336663778504
347969790.3887688	20.95781591255742
354445567.3970436	21.29525142666162
361041859.71733445	21.641031557709425
367760910.1601031	21.99015258133439
374605003.2748982	22.347805837808274
381576466.1271244	22.70832021157909
388677669.0892668	23.078799534931115
395911026.64684665	23.45157243632216
403278998.21937054	23.833990723726796
410784088.99656343	24.220423772059895
418428850.7901576	24.61537732201562
426215882.9015325	25.014874590113884
434147833.00551015	25.423861212027244
442227398.0505897	25.83653581686196
450457325.17594445	26.25989729426911
458840412.6454752	26.686728934425233
467379510.7992464	27.12360700699565
476077523.0226378	27.56652431026119
484937406.7335233	28.016790572061197
493962174.38783056	28.47646897276062
503154894.5038046	28.941281877635312
512518692.7053333	29.41662863503244
522056752.7846986	29.898672404482546
531772317.78509665	30.388586948838253
541668691.1033136	30.888193994915422
551749237.6129117	31.395718591899477
562017384.8083189	31.91083676423206
572476623.970219	32.436843440012645
583130511.3526219	32.97085595036548
593982669.3920338	33.51343540307305
605036787.9391212	34.0657222244081
616296625.5132942	34.628673071816834
627766010.5806513	35.2001558993033
639448842.8556937	35.78109574610005
651349094.6272783	36.37245464508486
663470812.1092337	36.97461570250151
675818116.816111	37.58749649810759
688395206.964551	38.21001603959041
701206358.9007177	38.84324192968882
714255928.5543104	39.48744530222566
727548352.9196218	40.14279980441521
741088151.564157	40.80989490232183
754879928.1653447	41.48863580109875
768928372.0758306	42.17901217078357
783238259.9179205	42.88147450591902
797814457.2076613	43.5961255745468
812661920.0091945	44.322883442441345
827785696.619849	45.06232667660007
843190929.2866251	45.81463223676263
858882855.9546258	46.579955218393955
874866812.0479896	47.35836686159903
891148232.2840202	48.15038760453137
907732652.5210242	48.956337426679426
924625711.6405734	49.77649446581654
941833153.4647961	50.61101468724242
959360828.7093127	51.459681721555974
977214696.9725724	52.322740036715686
995400828.7621539	53.20059659794209
1013925407.5588143	54.094180760866834
1032794731.9189525	55.00365491596534
1052015217.6161569	55.92829027585406
1071593399.8226712	56.86864803524418
1091535935.3313932	57.82616470631544
1111849604.81927	58.799807758884754
1132541315.1528127	59.789859473125304
1153618101.7364762	60.79802581992913
1175087130.9048076	61.822545468394374
1196955702.3590453	62.86565591414064
1219231251.6491094	63.92608965415694
1241921352.7017846	65.00542913094768
1265033720.3959012	66.10273591026942
1288576213.185518	67.2197962756292
1312556835.7718453	68.35507102005546
1336983741.8249452	69.51065583462868
1361865236.7560828	70.68588339972356
1387209780.541618	71.8808926264819
1413025990.5995336	73.09705605864953
1439322644.7194095	74.3339172464413
1466108684.046983	75.59163162379524
1493393216.1242533	76.87086328596709
1521185517.9861016	78.171975131505
1549495039.3146317	79.49548418703253
1578331405.6521196	80.84164426880004
1607704421.673822	82.21051401578208
1637624074.521689	83.60276563741465
1668100537.2000558	85.01838945340106
1699144172.034626	86.45817224945344
1730765534.1957276	87.92211294353609
1762975375.287204	89.41108322636926
1795784647.002097	90.92517943091075
1829204504.84629	92.46470596036342
1863246311.9315598	94.02984265026983
1897921642.8391035	95.62121031028937
1933242287.5550432	97.23966705984562
1969220255.4791734	98.88456698054844
2005867779.50823	100.55737191668689
2043197320.1952705	102.25759168066632
2081221569.9863415	103.98634182875186
2119953457.536069	105.74336128946317
2159406152.1035676	107.52989458442596
2199593068.0300703	109.34546333158727
2240527869.3000183	111.19097738437422
2282224474.186901	113.06710078937064
2324697059.9856453	114.9739876890386
2367960067.833079	116.91198061832785
2412028207.618002	118.88166436650675
2456916462.98279	120.8836085397517
2502640096.417922	122.91808992180785
2549214654.4514203	124.98579713520382
2596655972.9348726	127.08724193592825
2644980182.4277143	129.22297222460432
2694203713.6818824	131.39393668376533
2744343303.2283683	133.60072750260977
2795415999.067865	135.84378821572113
2847439166.467248	138.12485488309534
2900430493.8639855	140.44415749416393
2954407998.8803797	142.80381055376787
3009390034.449724	145.2056209499783
3065395295.056536	147.65161726007153
3122442823.092858	150.14601460654362
3180552015.3329134	152.69223340863576
3239742629.5281954	155.3021600768573
3300034791.1252885	157.99011530837566
3361449000.1087756	160.77922376035622
3424006137.9714255	163.7549997807161
3487727474.8141704	167.18734467826772
3552634676.5781393	172.2666937280371
3618749812.411284	170.65277342124855
3686095362.172169	172.3551272062973
3754694224.0733366	174.18962761168234
3824569722.4669914	177.81888801125464
3895745615.7755013	181.53385464363913
3968246104.569486	184.32641735965575
4042095839.7963185	186.322529540114
4117319931.1616793	189.20462349444597
4193943955.6671777	192.9684375268838
4271993966.3067765	195.6143404167889
4351496500.925055	197.90470648871607
4432478591.24041	201.77235234903947
4514967772.036102	204.75080988927482
4598992090.5224285	207.06497401581865
4684580115.873045	211.21745853632683
4771760948.93875	213.75536288926844
4860564232.142149	216.80810991596272
4951020159.556352	220.70811604162566
5043159487.171349	222.6371875580697
5137013543.351338	226.5947791462603
5232614239.486668	228.94786312570375
5329994080.844104	232.34006013054307
5429186177.618943	235.74135709351924
5530224256.192889	238.87701989794573
5633142670.601352	242.69202684694923
5737976414.21414	245.58351374376036
5844761131.63365	249.40905518245813
5953533130.81437	252.26214803539813
6064329395.40805	255.70260174791142
6177187597.338489	258.1624161123655
6292146109.610351	261.1322132284196
6409244019.35647	263.38030311899877
6528521141.127848	266.21007532673735
6650018030.431105	268.4930056718515
6773775997.517745	271.56803632347226
6899837121.430025	274.1644808891923
7028244264.308367	277.2272115155688
7159041085.964889	280.5474618248237
7292272058.728298	282.842121012675
7427982482.564911	286.54623879066537
7566218500.481063	289.03121784178404
7707027114.212319	291.2130746662111
7850456200.20451	294.8099922956937
7996554525.89233	296.91796580341486
8145371766.280737	297.1763300881248
8296958520.834915	299.8319679794173
8451366330.684739	301.98885245447246
8608647696.149244	303.2179438556444
8768856094.587408	304.5157657753736
8932045998.58096	306.4337906683405
9098272894.455568	307.932050179283
9267593301.146902	307.953736199622
9440064789.417603	309.13668514631007
9615746001.432076	309.44053781575116
9794696670.695385	310.0464544354467
9976977642.36321	308.90792244568206
10162650893.929974	308.21866120287376
10351779556.301762	306.6828210618172
10544427935.261663	305.3882554292208
10740661533.334324	303.8778208780972
10940547072.057436	301.42068851183404
11144152514.667904	298.890137978433
11351547089.20999	295.5627751368891
11562801312.07373	291.2085649798597
11777987011.97118	286.3800663071918
11997177354.358856	281.1360284101668
12220446866.31491	275.1656247462576
12447871461.87906	268.2992609070631
12679528467.864313	260.73751247889294
12915496650.148827	252.06598810151533
13155856240.457052	242.79616244600578
13400688963.639534	232.42719557453236
13650078065.460138	221.26090526355884
13904108340.90067	209.64076743758895
14162866162.991974	197.99718572646893
14426439512.18159	182.96867759089236
14694918006.248203	164.35305865660794
14968392930.772556	148.1053214633871
15246957270.1757	131.1661554266335
15530705739.334585	107.81312127522251
15819734815.786015	84.93055917611336
16114142772.530231	61.360483477539404
16414029711.444664	33.59013058362852
16719497597.319849	3.242677403616661
17030650292.528427	-25.92216118117875
17347593592.339325	-63.94759905213832
17670435260.889503	-95.53484426972345
17999285067.824764	-138.99918700163704
18334254825.622852	-179.18853328649078
18675458427.61074	-223.1537890767854
19023011886.689457	-272.3687728096741
19377033374.77993	-319.14614363763474
19737643263.002556	-371.5246999203798
20104964162.60493	-426.72402598560905
20479120966.650833	0.0
20860240892.48505	0.0
21248453524.988873	0.0
21643890860.6402	0.0
22046687352.39403	0.0
22456979955.397717	0.0
22874908173.55704	0.0
23300614106.969296	0.0
23734242500.238663	0.0
24175940791.691235	0.0
24625859163.50544	0.0
25084150592.775414	0.0
25550970903.525124	0.0
26026478819.690044	0.0
26510836019.085308	0.0
27004207188.3777	0.0
27506760079.080673	0.0
28018665564.59201	0.0
28540097698.292374	0.0
29071233772.725693	0.0
29612254379.880314	0.0
30163343472.591972	0.0
30724688427.0901	0.0
31296480106.707504	0.0
31878912926.77636	0.0
32472184920.731255	0.0
33076497807.442425	0.0
33692057059.802742	0.0
34319071974.590427	0.0
34957755743.632645	0.0
35608325526.29274	0.0
36271002523.30648	0.0
36946012051.9931	0.0
37633583622.865326	0.0
38333951017.66589	0.0
39047352368.85556	0.0
39774030240.58037	0.0
40514231711.14655	0.0
41268208457.02952	0.0
42036216838.44701	0.0
42818517986.52407	0.0
43615377892.080055	0.0
44427067496.06892	0.0
45253862781.70167	0.0
46096044868.284195	0.0
46953900106.80053	0.0
47827720177.27486	0.0
48717802187.94641	0.0
49624448776.28913	0.0
50547968211.91225	0.0
51488674501.37487	0.0
52446887494.95119	0.0
53422932995.38363	0.0
54417142868.658875	0.0
55429855156.84652	0.0
56461414193.03661	0.0
57512170718.41614	0.0
58582482001.52548	0.0
59672711959.7331	0.0
60783231282.972115	0.0
61914417559.77835	0.0
63066655405.67406	0.0
64240336593.94204	0.0
65435860188.83229	0.0
66653632681.24893	0.0
67894068126.96098	0.0
69157588287.38525	0.0
70444622772.99051	0.0
71755609189.36922	0.0
73090993286.02888	0.0
74451229107.95128	0.0
75836779149.97191	0.0
77248114514.03416	0.0
78685715069.36844	0.0
80150069615.65381	0.0
81641676049.21455	0.0
83161041532.30962	0.0
84708682665.5742	0.0
86285125663.66887	0.0
87890906534.19963	0.0
89526571259.96382	0.0
91192675984.59299	0.0
92889787201.64517	0.0
94618481947.21992	0.0
96379347996.15796	0.0
98172984061.88821	0.0
100000000000.0	0.0
