# Frequency (Hz)	Real Part (Ohm)
1000.0	-0.8462006167351735
1018.6101701559753	-0.8461994553385047
1037.566678745186	-0.846198272328046
1056.875971184804	-0.8461970673015614
1076.544612842316	-0.8461958398493284
1096.5792912678098	-0.8461945895540007
1116.9868184678226	-0.8461933159904644
1137.7741332214914	-0.8461920187256939
1158.9483034398106	-0.8461906973186053
1180.5165285688056	-0.8461893513199066
1202.4861420374123	-0.8461879802719424
1224.8646137509306	-0.8461865837085418
1247.6595526308697	-0.8461851611548594
1270.8787092020582	-0.846183712127211
1294.529978227916	-0.8461822361329111
1318.6214013947485	-0.8461807326701065
1343.1611700460153	-0.8461792012276028
1368.1576279674719	-0.846177641284694
1393.6192742241421	-0.8461760523109816
1419.5547660501015	-0.8461744337661984
1445.9729217920196	-0.8461727851000218
1472.8827239075017	-0.8461711057518866
1500.2933220192183	-0.8461693951507968
1528.2140360258693	-0.8461676527151297
1556.654359271062	-0.8461658778524387
1585.6239617711371	-0.8461640699592511
1615.1326935030913	-0.8461622284208635
1645.1905877536624	-0.8461603526111329
1675.8078645307671	-0.8461584418922642
1706.994934038408	-0.8461564956145923
1738.7624002162504	-0.8461545131163617
1771.1210643450886	-0.8461524937235012
1804.0819287193829	-0.8461504367493964
1837.6562003881704	-0.8461483414946535
1871.8552949655793	-0.8461462072468633
1906.690840512252	-0.846144033280359
1942.1746814890264	-0.8461418188559674
1978.3188827841643	-0.8461395632207611
2015.1357338155585	-0.8461372656078003
2052.6377527092523	-0.8461349252358712
2090.83769055575	-0.8461325413092227
2129.748535745521	-0.8461301130172927
2169.3835183851843	-0.8461276395344377
2209.756114795903	-0.8461251200196452
2250.880052095462	-0.846122553616254
2292.7693128656488	-0.8461199394516586
2335.438139906479	-0.8461172766370156
2378.9010410788933	-0.8461145642669384
2423.1727942376006	-0.8461118014191935
2468.2684522556924	-0.8461089871543813
2514.2033481427966	-0.8461061205156222
2560.9931002584594	-0.8461032005282281
2608.6536176225477	-0.846100226199372
2657.201105324507	-0.8460971965177495
2706.652070033241	-0.8460941104532363
2757.0233256095826	-0.8460909669565378
2808.3319988231724	-0.8460877649588303
2860.595535175742	-0.8460845033714012
2913.8317048327885	-0.8460811810852747
2968.058608665602	-0.8460777969708383
3023.2946844057765	-0.8460743498774566
3079.5587129142264	-0.84607083863308
3136.8698245668766	-0.8460672620438484
3195.2475057592137	-0.846063618893683
3254.711605531848	-0.8460599079438725
3315.282342319423	-0.8460561279326548
3376.9803108250912	-0.8460522775747852
3439.8264890229248	-0.8460483555611003
3503.8422452906757	-0.8460443605580733
3569.0493456752297	-0.8460402912073608
3635.4699612933177	-0.8460361461253383
3703.126675869927	-0.8460319239026345
3772.0424934169973	-0.8460276231036478
3842.240846055061	-0.8460232422660597
3913.745601980384	-0.8460187799003391
3986.581073580439	-0.8460142344892336
4060.7720257003652	-0.8460096044872528
4136.343684063274	-0.8460048883201481
4213.321743847289	-0.8460000843843715
4291.732378422157	-0.8459951910465315
4371.602248248502	-0.8459902066428425
4452.958509942656	-0.8459851294785528
4535.828825510186	-0.8459799578273715
4620.241371751313	-0.8459746899308813
4706.224849841282	-0.8459693239979419
4793.808495089107	-0.845963858204077
4883.02208687788	-0.845958290690858
4973.895958790063	-0.845952619565271
5066.461008921268	-0.8459468428990717
5160.7487103859075	-0.8459409587281315
5256.791122018419	-0.8459349650517688
5354.620899273607	-0.8459288598320694
5454.271305329837	-0.8459226409931929
5555.7762223988775	-0.8459163064206662
5659.170163246243	-0.8459098539606666
5764.488282925873	-0.8459032814192893
5871.766390733255	-0.8458965865617977
5981.040962380944	-0.8458897671118697
6092.349152400711	-0.8458828207508177
6205.7288067765	-0.8458757451168052
6321.218475812449	-0.8458685378040389
6438.857427240419	-0.8458611963619566
6558.685659571435	-0.8458537182943875
6680.743915695614	-0.8458461010587079
6805.073696735207	-0.8458383420649772
6931.7172761554075	-0.845830438675052
7060.717714137772	-0.8458223882016964
7192.118872221193	-0.8458141879076612
7325.9654282152305	-0.8458058350047593
7462.302891391108	-0.845797326652912
7601.17761795533	-0.8457886599591901
7742.63682681127	-0.8457798319768226
7886.728615614156	-0.8457708397042017
8033.501977124734	-0.8457616800838574
8183.006815867389	-0.8457523500014194
8335.293965098195	-0.8457428462845598
8490.415204088747	-0.8457331657019119
8648.423275731726	-0.8457233049619742
8809.37190447399	-0.8457132607119886
8973.31581458352	-0.8457030295368017
9140.310748756232	-0.8456926079577033
9310.413487069076	-0.8456819924312444
9483.681866285928	-0.8456711793480325
9660.174799522645	-0.8456601650315018
9839.952296278227	-0.845648945736666
10023.075482838643	-0.8456375176488448
10209.606623060476	-0.8456258768823642
10399.609139541202	-0.8456140194792385
10593.147635183701	-0.8456019414078233
10790.287915161836	-0.845589638561444
10991.097009294961	-0.8455771067570002
11195.643194838794	-0.8455643417335431
11403.996019700331	-0.8455513391508283
11616.226326085018	-0.8455380945878359
11832.40627458378	-0.8455246035412728
12052.609368708414	-0.8455108614240374
12276.910479883603	-0.8454968635636615
12505.385872903913	-0.8454826052007232
12738.113231864785	-0.8454680814872241
12975.171686575868	-0.8454532874849451
13216.641839466038	-0.8454382181637664
13462.60579298911	-0.8454228683999568
13713.147177539457	-0.8454072329744307
13968.351179887397	-0.8453913065709752
14228.30457214352	-0.8453750837744414
14493.095741262152	-0.8453585590689033
14762.81471909391	-0.8453417268357841
15037.553212997384	-0.8453245813519418
15317.404637020798	-0.8453071167877284
15602.46414366368	-0.8452893272050027
15892.828656229764	-0.8452712065551161
16188.596901781992	-0.8452527486768506
16489.86944471065	-0.845233947294331
16796.74872092653	-0.8452147960148833
17109.339072690134	-0.8451952883268662
17427.746784089173	-0.8451754175974557
17752.08011717636	-0.8451551770703898
18082.44934877952	-0.8451345598636714
18418.96680799711	-0.8451135589672276
18761.746914391195	-0.8450921672405277
19110.90621689136	-0.8450703774101539
19466.563433422634	-0.8450481820673288
19828.839491270715	-0.8450255736653977
20197.857568198782	-0.8450025445172595
20573.743134329117	-0.8449790867927558
20956.623994804308	-0.8449551925160078
21346.630333242454	-0.8449308535627035
21743.8947560008	-0.8449060616573366
22148.552337263594	-0.8448808083703925
22560.74066496859	-0.8448550851154821
22980.599887588487	-0.8448288831464199
23408.272761782944	-0.8448021935542553
23843.904700937204	-0.8447750072642394
24287.643824604504	-0.84474731503274
24739.641008868115	-0.8447191074441008
25200.049937640895	-0.8446903749074369
25669.02715491952	-0.8446611076533769
26146.73211801092	-0.8446312957307391
26633.327251749808	-0.8446009290031476
27128.978003724646	-0.8445699971455892
27633.85290053167	-0.8445384896408985
28148.123605075813	-0.8445063957761838
28671.9649749377	-0.8444737046391858
29205.555121827452	-0.844440405114566
29749.075472144435	-0.8444064858801269
30302.71082866393	-0.8443719354029635
30866.649433372746	-0.8443367419355409
31441.083031472648	-0.8443008935117009
32026.206936576502	-0.8442643779425939
32622.220097116733	-0.844227182812532
33229.325163989684	-0.8441892954747712
33847.72855945983	-0.8441507030472072
34477.64054734464	-0.844111392408
35119.275304507275	-0.8440713501911083
35772.850993678774	-0.8440305627817469
36438.58983763541	-0.8439890163117569
37116.71819475767	-0.8439466966548905
37807.46663599349	-0.8439035894220094
38511.07002325569	-0.8438596799561892
39227.76758927724	-0.8438149533277387
39957.803018952654	-0.8437693943291222
40701.42453219439	-0.8437229874697896
41458.88496832911	-0.8436757169709085
42230.44187206672	-0.8436275667599996
43016.357581068	-0.8435785204654722
43816.89931514195	-0.843528561411059
44632.33926710398	-0.8434776726101418
45462.95469532399	-0.8434258367599803
46309.02801799737	-0.8433730362358277
47170.84690917022	-0.8433192530849358
48048.70439655134	-0.8432644690204546
48942.898961145314	-0.8432086654152116
49853.73463873893	-0.8431518232953793
50781.5211232767	-0.8430939233340249
51726.57387216025	-0.8430349458445383
52689.21421350677	-0.8429748707739363
53669.76945540476	-0.8429136776960486
54668.57299720181	-0.842851345804569
55685.96444286409	-0.8427878539059833
56722.28971644549	-0.8427231804123606
57777.90117970507	-0.8426573033340176
58853.15775191451	-0.8425902002720371
59948.42503189409	-0.8425218484106551
61064.07542232036	-0.8424522245095021
62200.48825634718	-0.8423813048957017
63358.04992658254	-0.8423090654558211
64537.15401646702	-0.8422354816276729
65738.20143409586	-0.8421605283919612
66961.60054853215	-0.8420841802637796
68207.76732865692	-0.8420064112839419
69477.1254846024	-0.8419271950101558
70770.10661181889	-0.8418465045080362
72087.15033782135	-0.8417643123419415
73428.70447166757	-0.841680590565651
74795.2251562183	-0.8415953107128575
76187.17702322999	-0.8415084437874926
77605.0333513357	-0.841419960253866
79049.2762269642	-0.8413298300266222
80520.3967082547	-0.8412380224605138
82018.89499202212	-0.8411445063399782
83545.28058382872	-0.8410492498685266
85100.07247122246	-0.8409522206579333
86683.79930019774	-0.8408533857172212
88296.99955494083	-0.8407527114414444
89940.22174092053	-0.8406501636002656
91614.0245713852	-0.8405457073263127
93318.97715733238	-0.8404393071033278
95055.6592010119	-0.8403309267540892
96824.66119303113	-0.8402205294281088
98626.5846131283	-0.8401080775891074
100462.04213468131	-0.839993533002248
102331.6578330245	-0.8398768567211369
104236.06739764012	-0.8397580090745809
106175.9183482999	-0.8396369496530999
108151.87025522892	-0.8395136372951861
110164.59496336569	-0.8393880300733094
112214.77682079803	-0.8392600852796606
114303.11291144787	-0.8391297594116314
116430.31329208757	-0.8389970081570226
118597.10123376705	-0.8388617863789775
120804.21346773289	-0.8387240481006335
123052.40043592616	-0.8385837464894927
125342.42654613995	-0.8384408338414956
127675.07043192645	-0.8382952615648017
130051.12521734099	-0.8381469801632679
132471.39878661174	-0.8379959392196218
134936.71405883064	-0.8378420873783128
137447.90926775365	-0.8376853723280591
140005.8382468096	-0.8375257407840535
142611.37071941298	-0.8373631384698522
145265.39259467812	-0.8371975100989155
147968.80626863963	-0.8370287993558132
150722.53093107554	-0.8368569488770745
153527.5028780421	-0.8366819002316856
156384.6758302248	-0.83650359390122
159295.0212572123	-0.8363219692596048
162259.5287078087	-0.8361369645525043
165279.2061464897	-0.8359485168763252
168355.08029612005	-0.8357565621568269
171488.19698705408	-0.8355610351273363
174679.62151272458	-0.8353618693065566
177930.43899185772	-0.8351589969759632
181241.75473742394	-0.834952349156778
184614.69463245457	-0.8347418555865145
188050.40551285836	-0.8345274446950923
191550.05555735278	-0.8343090435804975
195114.83468466165	-0.8340865779839974
198745.9549580986	-0.8338599722648924
202444.65099768018	-0.8336291493747976
206212.18039991445	-0.8333940308314409
210049.82416539153	-0.8331545366919867
213958.88713434216	-0.8329105855258453
217940.6984302958	-0.8326620943869923
221996.61191199525	-0.832408978785763
226128.00663372796	-0.8321511526601257
230336.28731421314	-0.8318885283464196
234622.88481422624	-0.8316210165495485
238989.25662310526	-0.8313485263126188
243436.8873543108	-0.8310709649860134
247967.289250216	-0.8307882381958918
252582.00269627848	-0.8305002498120988
257282.5967447932	-0.8302069019154795
262070.66964838552	-0.8299080947645896
266947.8494034318	-0.8296037267617783
271915.7943036019	-0.8292936944186444
276976.1935036891	-0.8289778923208503
282130.76759394706	-0.8286562130922811
287381.2691851069	-0.8283285473585328
292729.4835042813	-0.8279947837097249
298177.22900196735	-0.8276548086626211
303726.35797033116	-0.8273085066220415
309378.7571730137	-0.8269557598415618
315136.34848664823	-0.8265964483834746
321001.08955431683	-0.8262304500780143
326974.9744511768	-0.8258576404818122
333060.03436245886	-0.825477892835589
339258.33827409917	-0.825091078021053
345571.9936762143	-0.8246970645169998
352003.14727966755	-0.8242957183545929
358553.9857459817	-0.8238869030718116
365226.7364308176	-0.823470479667056
372023.6681413066	-0.82304630655188
378947.09190746717	-0.8226142395028555
385999.3617679763	-0.82217413161253
393182.87557057705	-0.8217258332394787
400500.07578736113	-0.8212691919574238
407953.4503452449	-0.8208040525034099
415545.53347188793	-0.8203302567250106
423278.90655735444	-0.8198476435265555
431156.19903182285	-0.8193560488143581
439180.0892596086	-0.818855305440919
447353.3054498463	-0.8183452431480955
455678.6265841069	-0.8178256885092127
464158.8833612772	-0.8172964648700953
472796.9591600391	-0.8167573922890025
481595.7910192351	-0.8162082874754495
490558.37063650455	-0.8156489637278831
499687.7453854889	-0.8150792308702015
508987.01935196744	-0.8144988951870955
518459.3543892913	-0.813907759358179
528107.971193433	-0.813305622390902
537936.1503980698	-0.8126922795522059
547947.2336900292	-0.812067522298918
558144.6249454955	-0.8114311382068398
568531.7913873753	-0.8107829108985238
579112.2647641759	-0.8101226199697004
589889.6425508494	-0.8094500409143389
600867.5891719693	-0.808764945048314
612049.837247669	-0.8080670994316492
623440.1888627864	-0.8073562667893156
635042.5168595962	-0.8066322054305557
646860.7661546321	-0.8058946691667062
658898.9550799957	-0.8051434072274901
671161.1767496273	-0.8043781641757535
683651.6004510239	-0.8035986798206128
696374.4730628222	-0.8028046891289897
709334.1204987989	-0.8019959221354931
722534.9491787221	-0.8011721038506313
735981.4475265756	-0.80033295416731
749678.1874966876	-0.7994781877655959
763629.8261282241	-0.7986075140157027
777841.1071286482	-0.7977206368791734
792316.8624866261	-0.7968172548082254
807062.014114949	-0.7958970606432222
822081.5755240541	-0.7949597415082307
837380.653526649	-0.7940049787046469
852964.4499741016	-0.7930324476028303
868838.2635251193	-0.7920418175317265
885007.4914473438	-0.7910327516664379
901477.6314524917	-0.7900049069136974
918254.2835656282	-0.7889579337952146
935343.1520292377	-0.7878914763288484
952750.04724273	-0.7868051719075693
970480.8877380306	-0.785698651176168
988541.7021919574	-0.7845715379056749
1006938.6314760271	-0.7834234488654327
1025677.9307444209	-0.7822539936927977
1044765.9715608052	-0.7810627747604095
1064209.2440647245	-0.7798493870409974
1084014.359178331	-0.7786134179696613
1104188.0508541602	-0.7773544473036001
1124737.1783647507	-0.7760720469792223
1145668.7286348727	-0.7747657809665996
1166989.8186171474	-0.7734352051212134
1188707.6977119034	-0.7720798670329386
1210829.7502320395	-0.7706993058722222
1233363.4979137748	-0.7692930522333943
1256316.6024741214	-0.7678606279750653
1279696.8682159416	-0.7664015460575537
1303512.244681509	-0.7649153103772848
1327770.8293554292	-0.763401415598115
1352480.870417874	-0.7618593469795064
1377650.769549055	-0.7602885802015131
1403289.084785873	-0.7586885811865065
1429404.533431761	-0.7570588059175807
1456005.9950206485	-0.755398700253584
1483102.5143361029	-0.7537076997407044
1510703.3044866556	-0.7519852294205454
1538817.7500383463	-0.7502307036346401
1567455.410205595	-0.7484435258253154
1596626.022101425	-0.7466230883328608
1626339.5040481905	-0.744768772188913
1656605.9589499151	-0.7428799469060035
1687435.6777273756	-0.7409559702631842
1718839.1428171457	-0.7389961880876658
1750827.0317357269	-0.7369999340323918
1783410.2207100063	-0.7349665293494754
1816599.7883753285	-0.7328952826594138
1850407.019542302	-0.7307854897160154
1884843.4090337954	-0.728636433166946
1919920.6655932867	-0.7264473823098235
1955650.715865947	-0.7242175928437704
1992045.7084538713	-0.721946306616342
2029118.018046678	-0.719632751365748
2066880.2496290822	-0.7175147929767417
2105345.242766708	-0.7155961691242446
2144526.0759716653	-0.7136418393553877
2184436.0711494284	-0.7116511391769914
2225088.7981283693	-0.7096233917295451
2266498.079273693	-0.7075579075570692
2308677.994187172	-0.705453984372688
2351642.884494346	-0.7033109068198515
2395407.3587208795	-0.7011279462290986
2439986.29725955	-0.6989043603703081
2485394.8574297987	-0.6966393932003293
2531648.478631358	-0.6943322746059192
2578762.8875937983	-0.6919822201418975
2626754.1037238385	-0.6895884307644238
2675638.4445520453	-0.6871500925593182
2725432.531281028	-0.6846663764653179
2776153.294436804	-0.6821364379921889
2827817.979625338	-0.6795594169335915
2880444.1533962977	-0.6769344370745973
2934049.7092157872	-0.6742606058937715
2988652.8735503824	-0.6715370142597019
3044272.212064306	-0.6687627361218871
3100926.6359319235	-0.6659368281958679
3158635.408267819	-0.6630583296424996
3217418.1506763715	-0.66012626174126
3277294.849923382	-0.6571396275574691
3338285.8647317644	-0.654097411603324
3400411.9327037027	-0.650998579492622
3463694.1773717343	-0.6478420775890544
3528154.115380883	-0.6446268326479634
3593813.6638046256	-0.6413517514514261
3660695.147596906	-0.6380157204365464
3728821.30718283	-0.6346176053168344
3798215.306190736	-0.6311562506965345
3868900.7393279755	-0.627630479677781
3940901.6404034477	-0.6240390934604375
4014242.490499326	-0.620380870934493
4088948.226294856	-0.616654568264873
4165044.248545185	-0.6131102306585172
4242556.430717777	-0.609524686303934
4321511.127789762	-0.6058724143588101
4401935.185208879	-0.6021521730113317
4483855.948021182	-0.5983626973393559
4567301.270168747	-0.5945026988803219
4652299.523960189	-0.5905708651931638
4738879.609717651	-0.5865658594120629
4827070.965603188	-0.5824863197918992
4916903.577628021	-0.5783308592452474
5008407.989848212	-0.5740980648707453
5101615.314749834	-0.5697864974726984
5196557.243827658	-0.5653946910717348
5293266.058360566	-0.560921152406357
5391774.640387494	-0.5563643604252188
5492116.483887789	-0.5517227657699444
5594325.706169377	-0.5469947902483407
5698437.059469136	-0.542178826297787
5804485.942768984	-0.5372732364386481
5912508.413831869	-0.5322763527175158
6022541.201461928	-0.5271864761400827
6134621.717992506	-0.5220018760934716
6248788.072006888	-0.516061612066959
6365079.081295578	-0.5099542714621372
6483534.286054714	-0.5037332722094608
6604193.962330305	-0.4973964991021502
6727099.135712337	-0.4909417975690738
6852291.595284058	-0.4843669729421604
6979813.907830667	-0.477669789710194
7109709.432312424	-0.4708479707587165
7242022.334607315	-0.4638991965957771
7376797.602527731	-0.4568211045632905
7514081.061116962	-0.4496112880337001
7653919.388230155	-0.4422672955916995
7796360.130405221	-0.43478663020073094
7941451.71902934	-0.42716674835395485
8089243.486805938	-0.4194050592094426
8239785.684528511	-0.4108932330075088
8393129.498166373	-0.40092374818888915
8549327.066268368	-0.3907687295614295
8708431.497690724	-0.38042472430937374
8870496.889654404	-0.3698882153594835
9035578.34613892	-0.35915562018518665
9203731.99661823	-0.3482232895884792
9375015.015145289	-0.3370875064591668
9549485.639791965	-0.32574448451099813
9727203.192450536	-0.31419036699429104
9908228.099003788	-0.3024212253845957
10092621.909870485	-0.29043305804695285
10280447.320933098	-0.2777012029275317
10471768.194855202	-0.2628512411042464
10666649.582795387	-0.24772491896462007
10865157.746525373	-0.23231709339614115
11067360.180959744	-0.2166225255720974
11273325.63710487	-0.20063587917032555
11483124.145435112	-0.18435171855879312
11696827.039703846	-0.1677645069474331
11914506.981197748	-0.15086860450557232
12136237.983442418	-0.13365826644432793
12362095.43736769	-0.11557369557541013
12592156.13694151	-0.0960203651774959
12826498.3052806	-0.07610314397376039
13065201.621247198	-0.05581525989438939
13308347.24654076	-0.03514981484019399
13556017.853293689	-0.014099782337193563
13808297.652180923	0.007341994852476663
14065272.421052365	0.029182807164093036
14327029.534098294	0.05143008070917325
14593657.991557576	0.07413692626708143
14865248.449978571	0.09726774320779794
15141893.25304352	0.1208290285876282
15423686.462966274	0.14482879349747058
15710723.89247449	0.1692751981159885
16003103.137387017	0.19417655448416127
16300923.60979741	0.21954132933145773
16604286.571875297	0.24425464918557255
16913295.17029647	0.26900603073817286
17228054.471313924	0.2942180397130622
17548671.49648152	0.31989924846495044
17875255.259042356	0.3460583888815204
18207916.800994623	0.3727043553523766
18546769.230846975	0.3991440523753865
18891927.762076642	0.4247073019862832
19243509.75230332	0.4507462880221814
19601634.743191857	0.4772698640188944
19966424.501097932	0.5042870482780507
20338003.0584698	0.5318070269334053
20716496.75602067	0.5525860661663682
21102034.285685964	0.5694007928780052
21494746.734379806	0.5865284445148715
21894767.628566206	0.6039748446630712
22302232.979659364	0.6217459252866387
22717281.330269028	0.640112459569666
23140053.801306542	0.6591366137832474
23570694.139967278	0.6785148107438154
24009348.768606517	0.6982536392471362
24456166.83452444	0.7183598107075835
24911300.26067791	0.7403220271487878
25374903.797335718	0.7632199566813954
25847135.07469564	0.786544020578825
26328154.6564802	0.8103021492741141
26818126.094530128	0.835351784969964
27317215.98441379	0.8621613726511993
27825594.022071257	0.88946989132099
28343433.061513092	0.9172866261699334
28870909.173592348	0.945948639152007
29408201.705870606	0.9756847499708231
29955493.34359816	1.0059742548717574
30512970.17182871	1.0368274526128358
31080821.738690637	1.0676326674065812
31659241.119835205	1.0986545899320546
32248424.98408439	1.1302538357142926
32848573.66030047	1.1621451959916738
33459891.20549975	1.1927598819749852
34082585.47423452	1.2239443124737175
34716868.189265594	1.2557090905302482
35362955.01355039	1.2864501756570204
36021065.62357074	1.3174755090379302
36691423.78402494	1.3490782291522008
37374257.42391064	1.3809834557677927
38069798.71402284	1.4133863793176435
38778284.145894535	1.4463923267883063
39499954.61220647	1.481110498168941
40235055.48869293	1.516721588269434
40983836.717572615	1.5528489216208277
41746552.89253135	1.5856989865744977
42523463.34528678	1.6191603968265902
43314832.23376403	1.6537518933048365
44120928.631911896	1.6897878352887672
44942026.62119142	1.7264944122847512
45778405.38376617	1.763485607938113
46630349.29742727	1.8011036111751426
47498148.03228505	1.8385030393375408
48382096.649259575	1.875494344915381
49282495.700405136	1.9128331279908108
50199651.33110079	1.9488909786198139
51133875.38414321	1.9856198719844826
52085485.50577665	2.021961076432621
53054805.25369574	2.05890275031368
54042164.20705915	2.097077302566349
55047898.078549676	2.1360935873015805
56072348.82852027	2.177274421177633
57115864.78126435	2.219678449628527
58178800.74344935	2.264182183328798
59261518.124755524	2.3098692574989754
60364385.060758635	2.356532441655005
61487776.53810017	2.4034198035987915
62632074.521986924	2.4375633569739716
63797668.086062826	2.4716954181804858
64984953.54469889	2.5046831052337852
66194334.58774388	2.5373580506200737
67426222.41778335	2.5698653145385504
68681035.88995308	2.6030180855445217
69959201.65435374	2.6372086382253714
71261154.30111745	2.6732355293127616
72587336.50817245	2.7112501634484656
73938199.19175874	2.7506988375587302
75314201.65974376	2.791522816851594
76715811.76779303	2.8323899007037805
78143506.07844542	2.873148724375679
79597770.02314977	2.9128850773660915
81079098.06731695	2.951664726037151
82587993.87844272	2.985765485323852
84124970.49736118	3.014309847936189
85690550.51268348	3.0444815438239496
87285266.23848371	3.076835271374303
88909659.89529167	3.1108871687960544
90564283.79445294	3.1460859892751354
92249700.52592175	3.1815165159249963
93966483.1495469	3.2157311524718963
95715215.38991855	3.2486084261751196
97496491.83484097	3.2810156196119875
99310918.137498	3.314097185338211
101159111.22238298	3.348980126432686
103041699.49505854	3.3835263192964735
104959323.05582266	3.4147329211767814
106912633.91734771	3.44635712508834
108902296.22637327	3.4769396862394144
110928986.48952228	3.5059229593997996
112993393.80332194	3.534156802154162
115096220.0885031	3.5633981401748924
117238180.32865998	3.595056940810219
119420002.8133535	3.6291011844729635
121642429.3857368	3.664018612169567
123906215.69479132	3.695519096969207
126212131.45225461	3.7223677907651798
128560960.69432965	3.748570730794753
130953502.04826704	3.776221572187798
133390569.00390586	3.8068412157658575
135872990.19027063	3.839246361427396
138401609.65731302	3.871088423194234
140977287.16289678	3.901051269127721
143600898.46512637	3.9297454297451484
146273335.620113	3.9572351763733584
148995507.28528506	3.98764925044169
151768339.02834037	4.01949910549351
154592773.64194787	4.04981493420947
157469771.464309	4.078297203479751
160400310.70568198	4.107447035674654
163385387.7809857	4.139681991020475
166426017.64859018	4.17209973633325
169523234.15541214	4.202999871352456
172678090.38843596	4.23175508743993
175891659.03277326	4.261345937003757
179165032.73638958	4.2945640157583975
182499324.48161504	4.329111028513301
185895667.96356884	4.360701417300916
189355217.9756299	4.390402174674866
192879150.80207777	4.422868605076481
196468664.61804405	4.458328530880178
200124979.89690349	4.492191569959159
203849339.82524642	4.524224587083742
207643010.7255779	4.5580201995168625
211507282.48687947	4.594709869634996
215443469.00318778	4.629944526781313
219452908.62033114	4.663387514967244
223536964.59097967	4.700114069893041
227697025.53816846	4.738814700994727
231934505.92744276	4.7746114408023335
236250846.54779404	4.810555422120822
240647515.00154218	4.850585388259265
245126006.20333397	4.890108797976457
249687842.8884332	4.9269789072524635
254334576.13046482	4.967535167833168
259067785.8688001	5.009418907676401
263889081.44575077	5.04855597674421
268800102.15376073	5.090418300682437
273802517.7927863	5.13418408736748
278898029.23804396	5.175117262465666
284088369.01832956	5.21912194840486
289375301.90509474	5.264606327764757
294760625.51248586	5.307148650920033
300246170.90855557	5.353766079102439
305833803.23784316	5.400391532961458
311525422.35554785	5.445295579113584
317322963.47349733	5.494574714965637
323228397.81813806	5.541318741248631
329243733.30077755	5.590315909608677
335371015.2002929	5.6403862373413345
341612326.8585518	5.688803865157606
347969790.3887688	5.741643646421112
354445567.3970436	5.791039465676097
361041859.71733445	5.844262245244837
367760910.1601031	5.896547213674509
374605003.2748982	5.949848063759825
381576466.1271244	6.004125904253025
388677669.0892668	6.058482565898011
395911026.64684665	6.114362723905937
403278998.21937054	6.169464852076399
410784088.99656343	6.227228949207869
418428850.7901576	6.283459246456018
426215882.9015325	6.342252174146226
434147833.00551015	6.400329781293608
442227398.0505897	6.459635138203286
450457325.17594445	6.520066120969251
458840412.6454752	6.579551171154109
467379510.7992464	6.641911066158772
476077523.0226378	6.702322715098848
484937406.7335233	6.7658871854472205
493962174.38783056	6.82828888444878
503154894.5038046	6.891684815178835
512518692.7053333	6.9570468196545505
522056752.7846986	7.020480724836694
531772317.78509665	7.086863752161548
541668691.1033136	7.1530802491133345
551749237.6129117	7.219012662430449
562017384.8083189	7.286699256343009
572476623.970219	7.355350866515726
583130511.3526219	7.422854959648198
593982669.3920338	7.492177670430711
605036787.9391212	7.562549999005382
616296625.5132942	7.633098962982677
627766010.5806513	7.703287493587533
639448842.8556937	7.774921892132943
651349094.6272783	7.847812473864002
663470812.1092337	7.921044281617131
675818116.816111	7.994553098636271
688395206.964551	8.068081264863723
701206358.9007177	8.142762149441227
714255928.5543104	8.218404396806402
727548352.9196218	8.29475254632443
741088151.564157	8.371930782116602
754879928.1653447	8.449630829679762
768928372.0758306	8.527812110301955
783238259.9179205	8.60675120306833
797814457.2076613	8.686412808649825
812661920.0091945	8.76658834541932
827785696.619849	8.847551877289547
843190929.2866251	8.929312209407279
858882855.9546258	9.011754541489957
874866812.0479896	9.094758347803314
891148232.2840202	9.178458082294863
907732652.5210242	9.262873081273794
924625711.6405734	9.348119309336258
941833153.4647961	9.434334889524893
959360828.7093127	9.521516928702955
977214696.9725724	9.60949550984011
995400828.7621539	9.697839525277775
1013925407.5588143	9.786660608421256
1032794731.9189525	9.876814191831487
1052015217.6161569	9.968176073335282
1071593399.8226712	10.059623774187397
1091535935.3313932	10.15184222400107
1111849604.81927	10.245776783464176
1132541315.1528127	10.339601227057965
1153618101.7364762	10.434691578140816
1175087130.9048076	10.53085092375828
1196955702.3590453	10.627245363602178
1219231251.6491094	10.725348482840783
1241921352.7017846	10.823471485291883
1265033720.3959012	10.923300751424888
1288576213.185518	11.023463730939376
1312556835.7718453	11.124674664384791
1336983741.8249452	11.22717335644489
1361865236.7560828	11.329842560589652
1387209780.541618	11.434074440516298
1413025990.5995336	11.539476199604195
1439322644.7194095	11.645218536086261
1466108684.046983	11.751946637559232
1493393216.1242533	11.86003573822726
1521185517.9861016	11.96917676542007
1549495039.3146317	12.079312794305707
1578331405.6521196	12.190442363173114
1607704421.673822	12.302529378830178
1637624074.521689	12.415728882627727
1668100537.2000558	12.529910781038529
1699144172.034626	12.645239592460134
1730765534.1957276	12.761522099663296
1762975375.287204	12.8789398687444
1795784647.002097	12.997583430897135
1829204504.84629	13.117684021659244
1863246311.9315598	13.23891508745839
1897921642.8391035	13.360867847241169
1933242287.5550432	13.484482660832755
1969220255.4791734	13.609418500133321
2005867779.50823	13.73517955091508
2043197320.1952705	13.862792674507936
2081221569.9863415	13.991157595192574
2119953457.536069	14.121393365518827
2159406152.1035676	14.252792673858156
2199593068.0300703	14.385339316882634
2240527869.3000183	14.519733151465715
2282224474.186901	14.655554765416584
2324697059.9856453	14.79270637990168
2367960067.833079	14.931405083365211
2412028207.618002	15.071729920151817
2456916462.98279	15.21379258323444
2502640096.417922	15.357593924822131
2549214654.4514203	15.50320149139402
2596655972.9348726	15.650666993328285
2644980182.4277143	15.799791436726778
2694203713.6818824	15.950879570235259
2744343303.2283683	16.10425631317748
2795415999.067865	16.259514053169248
2847439166.467248	16.41710222048493
2900430493.8639855	16.57704650435424
2954407998.8803797	16.739335449032748
3009390034.449724	16.903733097663782
3065395295.056536	17.07086403558149
3122442823.092858	17.2412944998851
3180552015.3329134	17.412996653716863
3239742629.5281954	17.586630451571686
3300034791.1252885	17.76447338255196
3361449000.1087756	17.946149912804202
3424006137.9714255	18.1178407463152
3487727474.8141704	18.351753058520107
3552634676.5781393	20.032256983250555
3618749812.411284	23.659441739769598
3686095362.172169	22.48248665283538
3754694224.0733366	21.28759816280612
3824569722.4669914	20.399264975880676
3895745615.7755013	20.89403133628497
3968246104.569486	22.012884011984653
4042095839.7963185	22.13082978770971
4117319931.1616793	21.658636349872733
4193943955.6671777	21.944990802452136
4271993966.3067765	22.993530468019088
4351496500.925055	22.762706828005257
4432478591.24041	22.619315127117005
4514967772.036102	23.868506731413845
4598992090.5224285	23.54646408247155
4684580115.873045	23.755909046618193
4771760948.93875	25.054166678573168
4860564232.142149	24.396085405826508
4951020159.556352	25.706679943638537
5043159487.171349	26.017806735446452
5137013543.351338	26.07229267388136
5232614239.486668	27.18462824842596
5329994080.844104	26.475343778999537
5429186177.618943	27.64539357657233
5530224256.192889	27.299698994291845
5633142670.601352	28.529073627842845
5737976414.21414	28.660482584341135
5844761131.63365	29.819325785615785
5953533130.81437	30.42756441063105
6064329395.40805	31.753524149817373
6177187597.338489	32.520664536412376
6292146109.610351	33.567376175419824
6409244019.35647	34.15675117141728
6528521141.127848	34.7814574336477
6650018030.431105	35.0175507234706
6773775997.517745	35.55494368122892
6899837121.430025	35.445064573850615
7028244264.308367	36.443893409614205
7159041085.964889	36.41447135609812
7292272058.728298	37.42484267350638
7427982482.564911	38.56455741609077
7566218500.481063	38.72779024590004
7707027114.212319	40.572889735211035
7850456200.20451	41.75905066482316
7996554525.89233	42.49983203715591
8145371766.280737	45.431931492362104
8296958520.834915	45.8927944103905
8451366330.684739	45.88420962156616
8608647696.149244	47.363286608440205
8768856094.587408	49.55889007181895
8932045998.58096	50.432479037083716
9098272894.455568	51.6609016021808
9267593301.146902	53.24512803530546
9440064789.417603	55.27581967591649
9615746001.432076	57.26548364374246
9794696670.695385	58.810298014193165
9976977642.36321	60.639437600076235
10162650893.929974	63.051314885807805
10351779556.301762	65.45938513681797
10544427935.261663	68.48880821834427
10740661533.334324	70.64964283370541
10940547072.057436	73.0102441169775
11144152514.667904	75.50295216095357
11351547089.20999	77.46147924758685
11562801312.07373	79.58643333803569
11777987011.97118	82.14007398940726
11997177354.358856	84.69247955517226
12220446866.31491	86.91129013867516
12447871461.87906	89.04070067807149
12679528467.864313	91.19062488243723
12915496650.148827	94.44875777436295
13155856240.457052	96.0929425111133
13400688963.639534	98.43847418376335
13650078065.460138	100.10189302977783
13904108340.90067	101.02175937297748
14162866162.991974	104.41685808556522
14426439512.18159	108.06413738446393
14694918006.248203	109.1772687698016
14968392930.772556	107.86425732604998
15246957270.1757	110.71775335352852
15530705739.334585	112.45441967192582
15819734815.786015	110.2858398059805
16114142772.530231	109.61452743989712
16414029711.444664	108.61224688772589
16719497597.319849	103.00117686524564
17030650292.528427	99.56076391710313
17347593592.339325	90.80268162463388
17670435260.889503	82.55675798576785
17999285067.824764	68.86608610101213
18334254825.622852	57.142566231116504
18675458427.61074	32.913526830328934
19023011886.689457	13.79523211131329
19377033374.77993	-12.255153272384058
19737643263.002556	-45.404162677898924
20104964162.60493	-85.29606663286775
20479120966.650833	0.0
20860240892.48505	0.0
21248453524.988873	0.0
21643890860.6402	0.0
22046687352.39403	0.0
22456979955.397717	0.0
22874908173.55704	0.0
23300614106.969296	0.0
23734242500.238663	0.0
24175940791.691235	0.0
24625859163.50544	0.0
25084150592.775414	0.0
25550970903.525124	0.0
26026478819.690044	0.0
26510836019.085308	0.0
27004207188.3777	0.0
27506760079.080673	0.0
28018665564.59201	0.0
28540097698.292374	0.0
29071233772.725693	0.0
29612254379.880314	0.0
30163343472.591972	0.0
30724688427.0901	0.0
31296480106.707504	0.0
31878912926.77636	0.0
32472184920.731255	0.0
33076497807.442425	0.0
33692057059.802742	0.0
34319071974.590427	0.0
34957755743.632645	0.0
35608325526.29274	0.0
36271002523.30648	0.0
36946012051.9931	0.0
37633583622.865326	0.0
38333951017.66589	0.0
39047352368.85556	0.0
39774030240.58037	0.0
40514231711.14655	0.0
41268208457.02952	0.0
42036216838.44701	0.0
42818517986.52407	0.0
43615377892.080055	0.0
44427067496.06892	0.0
45253862781.70167	0.0
46096044868.284195	0.0
46953900106.80053	0.0
47827720177.27486	0.0
48717802187.94641	0.0
49624448776.28913	0.0
50547968211.91225	0.0
51488674501.37487	0.0
52446887494.95119	0.0
53422932995.38363	0.0
54417142868.658875	0.0
55429855156.84652	0.0
56461414193.03661	0.0
57512170718.41614	0.0
58582482001.52548	0.0
59672711959.7331	0.0
60783231282.972115	0.0
61914417559.77835	0.0
63066655405.67406	0.0
64240336593.94204	0.0
65435860188.83229	0.0
66653632681.24893	0.0
67894068126.96098	0.0
69157588287.38525	0.0
70444622772.99051	0.0
71755609189.36922	0.0
73090993286.02888	0.0
74451229107.95128	0.0
75836779149.97191	0.0
77248114514.03416	0.0
78685715069.36844	0.0
80150069615.65381	0.0
81641676049.21455	0.0
83161041532.30962	0.0
84708682665.5742	0.0
86285125663.66887	0.0
87890906534.19963	0.0
89526571259.96382	0.0
91192675984.59299	0.0
92889787201.64517	0.0
94618481947.21992	0.0
96379347996.15796	0.0
98172984061.88821	0.0
100000000000.0	0.0
