# Frequency (Hz)	Real Part (Ohm)
1000.0	4.1259987070446655
1018.6101701559753	4.1423261369684
1037.566678745186	4.158957423141226
1056.875971184804	4.175898220379641
1076.544612842316	4.19315428873724
1096.5792912678098	4.210731495463197
1116.9868184678226	4.2286358169971905
1137.7741332214914	4.246873341001461
1158.9483034398106	4.265450268430673
1180.5165285688056	4.2843729156403185
1202.4861420374123	4.303647716534336
1224.8646137509306	4.323281224752714
1247.6595526308697	4.343280115899796
1270.8787092020582	4.36451385776872
1294.529978227916	4.386970949658105
1318.6214013947485	4.409845971848758
1343.1611700460153	4.4331467020947
1368.1576279674719	4.456881062895281
1393.6192742241421	4.481057124188902
1419.5547660501015	4.505683106096899
1445.9729217920196	4.530767381718461
1472.8827239075017	4.5563184799775795
1500.2933220192183	4.582345088522974
1528.2140360258693	4.608856056681979
1556.654359271062	4.6358603984694255
1585.6239617711371	4.663425631673117
1615.1326935030913	4.693800058786598
1645.1905877536624	4.724739759157051
1675.8078645307671	4.756255252615972
1706.994934038408	4.788357254770715
1738.7624002162504	4.821056680647904
1771.1210643450886	4.854364648404671
1804.0819287193829	4.88829248310894
1837.6562003881704	4.922851720590079
1871.8552949655793	4.958054111361205
1906.690840512252	4.993911624614476
1942.1746814890264	5.030436452290764
1978.3188827841643	5.067641013225022
2015.1357338155585	5.106894385302103
2052.6377527092523	5.148056236789295
2090.83769055575	5.189984117336599
2129.748535745521	5.232692282875169
2169.3835183851843	5.27619525464146
2209.756114795903	5.320507824114615
2250.880052095462	5.365645058045711
2292.7693128656488	5.411622303580635
2335.438139906479	5.458455193478269
2378.9010410788933	5.506159651425792
2423.1727942376006	5.554751897452919
2468.2684522556924	5.6042484534468695
2514.2033481427966	5.654745482938913
2560.9931002584594	5.7077035996607295
2608.6536176225477	5.761647275945876
2657.201105324507	5.8165948532255305
2706.652070033241	5.872565014268015
2757.0233256095826	5.929576789531159
2808.3319988231724	5.9876495636328455
2860.595535175742	6.0468030819419925
2913.8317048327885	6.107057457292199
2968.058608665602	6.1684331768203124
3023.2946844057765	6.230951108932288
3079.5587129142264	6.294632510398673
3136.8698245668766	6.359499033582113
3195.2475057592137	6.424955056975381
3254.711605531848	6.491144363960108
3315.282342319423	6.558565465210326
3376.9803108250912	6.627241284626918
3439.8264890229248	6.69719517272845
3503.8422452906757	6.768450914590628
3569.0493456752297	6.841032737933446
3635.4699612933177	6.914965321358907
3703.126675869927	6.9902738027419895
3772.0424934169973	7.0669837877777955
3842.240846055061	7.145121358687784
3913.745601980384	7.224713083087979
3986.581073580439	7.305363248137013
4060.7720257003652	7.382251739777261
4136.343684063274	7.460571139329966
4213.321743847289	7.540348076234864
4291.732378422157	7.621609675510081
4371.602248248502	7.704383566974956
4452.958509942656	7.78869789464447
4535.828825510186	7.874581326298494
4620.241371751313	7.962063063229184
4706.224849841282	8.05117285016969
4793.808495089107	8.141940985407723
4883.02208687788	8.234398331087279
4973.895958790063	8.328576323702098
5066.461008921268	8.417996233024612
5160.7487103859075	8.504466552865699
5256.791122018419	8.592546100072466
5354.620899273607	8.68226482264002
5454.271305329837	8.773653225900734
5555.7762223988775	8.866742382896405
5659.170163246243	8.961563944943443
5764.488282925873	9.058150152394632
5871.766390733255	9.156533845601214
5981.040962380944	9.256748476078942
6092.349152400711	9.358828117881973
6205.7288067765	9.462807479188422
6321.218475812449	9.56718530451955
6438.857427240419	9.659547889574414
6558.685659571435	9.753629358053194
6680.743915695614	9.849461698668884
6805.073696735207	9.947077495449879
6931.7172761554075	10.046509938818883
7060.717714137772	10.147792836878
7192.118872221193	10.250960626903899
7325.9654282152305	10.356048387056786
7462.302891391108	10.46309184830743
7601.17761795533	10.57212740658604
7742.63682681127	10.68319213515726
7886.728615614156	10.796323797225524
8033.501977124734	10.901003242013541
8183.006815867389	11.00088963643884
8335.293965098195	11.102634933660669
8490.415204088747	11.206273728176361
8648.423275731726	11.311841258292754
8809.37190447399	11.419373418107554
8973.31581458352	11.528906769713748
9140.310748756232	11.640478555631091
9310.413487069076	11.754126711468958
9483.681866285928	11.869889878824887
9660.174799522645	11.987807418423097
9839.952296278227	12.107919423497602
10023.075482838643	12.228190116349527
10209.606623060476	12.336027953689042
10399.609139541202	12.445872671530683
10593.147635183701	12.557761618262095
10790.287915161836	12.671732837330751
10991.097009294961	12.787825080179157
11195.643194838794	12.906077819420775
11403.996019700331	13.026531262261079
11616.226326085018	13.14922636416851
11832.40627458378	13.274204842799746
12052.609368708414	13.401509192184141
12276.910479883603	13.531182697172191
12505.385872903913	13.663269448152777
12738.113231864785	13.78789577694226
12975.171686575868	13.909149232105761
13216.641839466038	14.032659234701857
13462.60579298911	14.15846777946224
13713.147177539457	14.28661764264768
13968.351179887397	14.417152396592465
14228.30457214352	14.55011642451943
14493.095741262152	14.68555493563074
14762.81471909391	14.823513980479518
15037.553212997384	14.964040466627473
15317.404637020798	15.107182174594065
15602.46414366368	15.25298777410233
15892.828656229764	15.399162495004479
16188.596901781992	15.534649758300155
16489.86944471065	15.672658462619717
16796.74872092653	15.813235532409673
17109.339072690134	15.956428765388447
17427.746784089173	16.10228684879814
17752.08011717636	16.25085937595873
18082.44934877952	16.40219686313026
18418.96680799711	16.556350766689036
18761.746914391195	16.713373500623245
19110.90621689136	16.87331845435433
19466.563433422634	17.036240010889955
19828.839491270715	17.202193565314765
20197.857568198782	17.35954371359809
20573.743134329117	17.51381082332292
20956.623994804308	17.670948870209198
21346.630333242454	17.83101128288602
21743.8947560008	17.994052484298322
22148.552337263594	18.16012791021134
22560.74066496859	18.329294028059323
22980.599887588487	18.501608356145084
23408.272761782944	18.677129483196854
23843.904700937204	18.855917088289008
24287.643824604504	19.0380319611337
24739.641008868115	19.22353602274997
25200.049937640895	19.408913262945365
25669.02715491952	19.580711150298065
26146.73211801092	19.75570622556681
26633.327251749808	19.933957988962774
27128.978003724646	20.115527048006133
27633.85290053167	20.30047513813335
28148.123605075813	20.488865143687878
28671.9649749377	20.680761119301444
29205.555121827452	20.87622831167342
29749.075472144435	21.075333181755372
30302.71082866393	21.27814342734839
30866.649433372746	21.484728006121312
31441.083031472648	21.69515715905678
32026.206936576502	21.89337946263793
32622.220097116733	22.08789425380197
33229.325163989684	22.286028998327378
33847.72855945983	22.487851064162257
34477.64054734464	22.693429072983534
35119.275304507275	22.9028329235293
35772.850993678774	23.116133815365068
36438.58983763541	23.333404273092267
37116.71819475767	23.55471817100769
37807.46663599349	23.780150758221172
38511.07002325569	24.0097786842414
39227.76758927724	24.243680025037452
39957.803018952654	24.47670184914444
40701.42453219439	24.692936363509755
41458.88496832911	24.913195038980977
42230.44187206672	25.13755276588105
43016.357581068	25.366085828254565
43816.89931514195	25.598871929805092
44632.33926710398	25.83599022031542
45462.95469532399	26.07752132255924
46309.02801799737	26.323547359713782
47170.84690917022	26.57415198328259
48048.70439655134	26.829420401537863
48942.898961145314	27.089439408492318
49853.73463873893	27.35429741340998
50781.5211232767	27.603126429445577
51726.57387216025	27.848051163894812
52689.21421350677	28.097533989327527
53669.76945540476	28.351659732592534
54668.57299720181	28.61051479918072
55685.96444286409	28.87418720260385
56722.28971644549	29.14276659432014
57777.90117970507	29.416344294216636
58853.15775191451	29.69501332165909
59948.42503189409	29.978868427119444
61064.07542232036	30.268006124392056
62200.48825634718	30.56252472340945
63358.04992658254	30.855132648706743
64537.15401646702	31.12748969297409
65738.20143409586	31.40491534817843
66961.60054853215	31.687503942031757
68207.76732865692	31.97535155770086
69477.1254846024	32.26855606647653
70770.10661181889	32.56721716105101
72087.15033782135	32.8714363894145
73428.70447166757	33.18131718938255
74795.2251562183	33.49696492376611
76187.17702322999	33.81848691619585
77605.0333513357	34.14599248761361
79049.2762269642	34.47959299344248
80520.3967082547	34.792082843731265
82018.89499202212	35.10057446728466
83545.28058382872	35.414807172444036
85100.07247122246	35.734887801715004
86683.79930019774	36.060925185960336
88296.99955494083	36.39303018140368
89940.22174092053	36.73131570732192
91614.0245713852	37.075896784438754
93318.97715733238	37.426890574033266
95055.6592010119	37.78441641777582
96824.66119303113	38.14859587830559
98626.5846131283	38.51955278056317
100462.04213468131	38.88706925105897
102331.6578330245	39.230105610869444
104236.06739764012	39.57952593570568
106175.9183482999	39.93544903224307
108151.87025522892	40.297995918169505
110164.59496336569	40.667289863332506
112214.77682079803	41.04345643165257
114303.11291144787	41.426623523816055
116430.31329208757	41.81692142076287
118597.10123376705	42.21448282798343
120804.21346773289	42.61944292063977
123052.40043592616	43.031939389526826
125342.42654613995	43.452112487888606
127675.07043192645	43.84453834193014
130051.12521734099	44.23308662370828
132471.39878661174	44.62886585512408
134936.71405883064	45.03201060538073
137447.90926775365	45.442657948037144
140005.8382468096	45.86094750761449
142611.37071941298	46.287021507070094
145265.39259467812	46.72102481615455
147968.80626863963	47.16310500066932
150722.53093107554	47.613412372640504
153527.5028780421	48.07210004142655
156384.6758302248	48.53932396577721
159295.0212572123	49.00091505786033
162259.5287078087	49.432972660972446
165279.2061464897	49.873070929595706
168355.08029612005	50.3213595018833
171488.19698705408	50.777990800780245
174679.62151272458	51.243120085848155
177930.43899185772	51.7169055060557
181241.75473742394	52.19950815355079
184614.69463245457	52.691092118433374
188050.40551285836	53.19182454454849
191550.05555735278	53.70187568631615
195114.83468466165	54.22141896662037
198745.9549580986	54.750631035774504
202444.65099768018	55.243436822960746
206212.18039991445	55.7328168060856
210049.82416539153	56.231304233967286
213958.88713434216	56.739068597702456
217940.6984302958	57.25628254264595
221996.61191199525	57.78312192711176
226128.00663372796	58.31976588216747
230336.28731421314	58.86639687253987
234622.88481422624	59.42320075865564
238989.25662310526	59.990366859835596
243436.8873543108	60.56808801866509
247967.289250216	61.15656066656322
252582.00269627848	61.73630261501325
257282.5967447932	62.280482725685935
262070.66964838552	62.83479012081381
266947.8494034318	63.399413270883585
271915.7943036019	63.9745441538503
276976.1935036891	64.56037832041092
282130.76759394706	65.15711496049441
287381.2691851069	65.76495697098822
292729.4835042813	66.38411102472516
298177.22900196735	67.01478764075503
303726.35797033116	67.65720125592254
309378.7571730137	68.31157029777884
315136.34848664823	68.97811725884894
321001.08955431683	69.59697438122714
326974.9744511768	70.2133522802738
333060.03436245886	70.841201076902
339258.33827409917	71.48073424646769
345571.9936762143	72.13216923713946
352003.14727966755	72.79572754383304
358553.9857459817	73.47163478352273
365226.7364308176	74.16012077195266
372023.6681413066	74.86141960177726
378947.09190746717	75.57576972215516
385999.3617679763	76.30341401982406
393182.87557057705	77.04459990168579
400500.07578736113	77.77272969723387
407953.4503452449	78.45812859047132
415545.53347188793	79.1562828737367
423278.90655735444	79.86742992700864
431156.19903182285	80.59181154794804
439180.0892596086	81.3296740341109
447353.3054498463	82.08126826669296
455678.6265841069	82.84684979583172
464158.8833612772	83.62667892749583
472796.9591600391	84.42102081199299
481595.7910192351	85.23014553412257
490558.37063650455	86.05432820500837
499687.7453854889	86.89384905563907
508987.01935196744	87.6709930898026
518459.3543892913	88.44732545619253
528107.971193433	89.23810550001846
537936.1503980698	90.04360209501598
547947.2336900292	90.86408911870653
558144.6249454955	91.69984554551856
568531.7913873753	92.55115554164269
579112.2647641759	93.4183085616501
589889.6425508494	94.30159944691108
600867.5891719693	95.2013285258441
612049.837247669	96.11780171603014
623440.1888627864	97.05133062822914
635042.5168595962	97.96582230626794
646860.7661546321	98.82908699870111
658898.9550799957	99.70841719395023
671161.1767496273	100.604111873756
683651.6004510239	101.51647558396097
696374.4730628222	102.44581853805687
709334.1204987989	103.39245672266176
722534.9491787221	104.35671200495841
735981.4475265756	105.33891224213218
749678.1874966876	106.3393913928472
763629.8261282241	107.35848963079444
777841.1071286482	108.39655346035552
792316.8624866261	109.4539358344176
807062.014114949	110.42984478644948
822081.5755240541	111.40764077680114
837380.653526649	112.40363371691099
852964.4499741016	113.41816225511042
868838.2635251193	114.45157134203394
885007.4914473438	115.50421234790574
901477.6314524917	116.57644318200994
918254.2835656282	117.66862841438333
935343.1520292377	118.78113939977304
952750.04724273	119.91435440390136
970480.8877380306	121.06865873207967
988541.7021919574	122.24444486021719
1006938.6314760271	123.39298905476653
1025677.9307444209	124.48027671811646
1044765.9715608052	125.58779898988995
1064209.2440647245	126.71593243959252
1084014.359178331	127.86506064475273
1104188.0508541602	129.035574321342
1124737.1783647507	130.2278714566225
1145668.7286348727	131.44235744446718
1166989.8186171474	132.67944522319758
1188707.6977119034	133.939555415988
1210829.7502320395	135.22311647388156
1233363.4979137748	136.53056482146806
1256316.6024741214	137.86234500527345
1279696.8682159416	139.0878461203191
1303512.244681509	140.31938662577795
1327770.8293554292	141.57384630959734
1352480.870417874	142.85165170158643
1377650.769549055	144.1532372693468
1403289.084785873	145.4790455659956
1429404.533431761	146.82952738063926
1456005.9950206485	148.20514189164595
1483102.5143361029	149.60635682277155
1510703.3044866556	151.03364860219062
1538817.7500383463	152.48750252448676
1567455.410205595	153.96841291565875
1596626.022101425	155.410902389741
1626339.5040481905	156.78034853153
1656605.9589499151	158.1752802990373
1687435.6777273756	159.5961719840937
1718839.1428171457	161.04350670518224
1750827.0317357269	162.51777657170302
1783410.2207100063	164.0194828512953
1816599.7883753285	165.54913614027538
1850407.019542302	167.10725653724285
1884843.4090337954	168.69437381992142
1919920.6655932867	170.3110276252883
1955650.715865947	171.95776763305597
1992045.7084538713	173.63515375257123
2029118.018046678	175.174069636783
2066880.2496290822	176.7252031939095
2105345.242766708	178.30520361046896
2144526.0759716653	179.9146081036267
2184436.0711494284	181.55396388825235
2225088.7981283693	183.2238283629758
2266498.079273693	184.92476929971133
2308677.994187172	186.65736503670493
2351642.884494346	188.42220467517512
2395407.3587208795	190.21988827961565
2439986.29725955	192.05102708182122
2485394.8574297987	193.91624368871504
2531648.478631358	195.7278952836537
2578762.8875937983	197.4527219638424
2626754.1037238385	199.20964796203936
2675638.4445520453	200.99927065201402
2725432.531281028	202.82219852476408
2776153.294436804	204.6790513954083
2827817.979625338	206.57046061392944
2880444.1533962977	208.4970692798422
2934049.7092157872	210.45953246085142
2988652.8735503824	212.45851741558403
3044272.212064306	214.49470382046368
3100926.6359319235	216.56878400080697
3158635.408267819	218.68146316622406
3217418.1506763715	220.61393349092756
3277294.849923382	222.56759697083757
3338285.8647317644	224.55761846053645
3400411.9327037027	226.5846745887722
3463694.1773717343	228.64945457647062
3528154.115380883	230.7526604710745
3593813.6638046256	232.89500738525004
3660695.147596906	235.07722374003174
3728821.30718283	237.3000515124926
3798215.306190736	239.56424648802684
3868900.7393279755	241.87057851732186
3940901.6404034477	244.21983177811822
4014242.490499326	246.4951065003721
4088948.226294856	248.66753805697485
4165044.248545185	250.88039893449871
4242556.430717777	253.13444152948455
4321511.127789762	255.43043224070186
4401935.185208879	257.76915172973173
4483855.948021182	260.15139518639904
4567301.270168747	262.5779725991484
4652299.523960189	265.0497090304454
4738879.609717651	267.5674448973096
4827070.965603188	270.13203625706416
4916903.577628021	272.74435509840373
5008407.989848212	275.40528963788296
5101615.314749834	277.83194236890205
5196557.243827658	280.2925960091031
5293266.058360566	282.79904283224346
5391774.640387494	285.35213505724886
5492116.483887789	287.9527407629861
5594325.706169377	290.6017441834153
5698437.059469136	293.3000460082426
5804485.942768984	296.04856368916234
5912508.413831869	298.84823175180003
6022541.201461928	301.7000021134644
6134621.717992506	304.6048444068047
6248788.072006888	307.56374630950035
6365079.081295578	310.42127230552956
6483534.286054714	313.1574666259383
6604193.962330305	315.9445819882303
6727099.135712337	318.7835660416587
6852291.595284058	321.67538407139136
6979813.907830667	324.6210193267178
7109709.432312424	327.6214733553627
7242022.334607315	330.6777663440265
7376797.602527731	333.7909374652555
7514081.061116962	336.9620452307753
7653919.388230155	340.1921678513947
7796360.130405221	343.48240360360774
7941451.71902934	346.8338712030234
8089243.486805938	349.8810599528652
8239785.684528511	352.98027333207386
8393129.498166373	356.1371635996196
8549327.066268368	359.35280413220744
8708431.497690724	362.6282882822679
8870496.889654404	365.9647297497038
9035578.34613892	369.3632629605642
9203731.99661823	372.82504345275976
9375015.015145289	376.35124826895736
9549485.639791965	379.94307635678916
9727203.192450536	383.60174897650666
9908228.099003788	387.328510116222
10092621.909870485	390.91726552123407
10280447.320933098	394.3635262605053
10471768.194855202	397.87392249853633
10666649.582795387	401.44964780787194
10865157.746525373	405.0919179736454
11067360.180959744	408.80197140695833
11273325.63710487	412.5810695659525
11483124.145435112	416.4304973847217
11696827.039703846	420.35156371020133
11914506.981197748	424.34560174719104
12136237.983442418	428.413969511659
12362095.43736769	432.5580502924804
12592156.13694151	436.7734626147863
12826498.3052806	440.60563394975287
13065201.621247198	444.5091226453301
13308347.24654076	448.4852559297343
13556017.853293689	452.53538573112377
13808297.652180923	456.6608891372708
14065272.421052365	460.86316886378535
14327029.534098294	465.14365373105323
14593657.991557576	469.5037991500515
14865248.449978571	473.9450876172018
15141893.25304352	478.4690292184375
15423686.462966274	483.07716214264786
15710723.89247449	487.7710532046791
16003103.137387017	492.2781307005077
16300923.60979741	496.6187319207434
16604286.571875297	501.04011246826695
16913295.17029647	505.54377566010425
17228054.471313924	510.13125279026684
17548671.49648152	514.8041036504088
17875255.259042356	519.5639170601711
18207916.800994623	524.4123114073998
18546769.230846975	529.3509351984137
18891927.762076642	534.3814676185146
19243509.75230332	539.5056191029294
19601634.743191857	544.7251319183736
19966424.501097932	550.0199064071586
20338003.0584698	554.846570459621
20716496.75602067	559.7630595513856
21102034.285685964	564.7710453417184
21494746.734379806	569.8722305997475
21894767.628566206	575.0683497834254
22302232.979659364	580.3611696292627
22717281.330269028	585.7524897530357
23140053.801306542	591.244143261678
23570694.139967278	596.8379973765534
24009348.768606517	602.5359540683341
24456166.83452444	608.3399507036904
24911300.26067791	614.251960704016
25374903.797335718	619.9123199999316
25847135.07469564	625.3793639161573
26328154.6564802	630.9481504499141
26818126.094530128	636.6205730486265
27317215.98441379	642.3985603970982
27825594.022071257	648.2840770732832
28343433.061513092	654.2791242162681
28870909.173592348	660.3857402066768
29408201.705870606	666.6060013597443
29955493.34359816	672.9420226312857
30512970.17182871	679.3959583368016
31080821.738690637	685.970002883973
31659241.119835205	692.6204844511007
32248424.98408439	698.6997400154767
32848573.66030047	704.8921315603279
33459891.20549975	711.1997645655008
34082585.47423452	717.6247836941812
34716868.189265594	724.1693735221018
35362955.01355039	730.8357592803211
36021065.62357074	737.6262076118271
36691423.78402494	744.5430273422169
37374257.42391064	751.5885702647273
38069798.71402284	758.765231939867
38778284.145894535	766.0754525099331
39499954.61220647	773.5217175286865
40235055.48869293	780.6304357079314
40983836.717572615	787.5162724124604
41746552.89253135	794.5302557097269
42523463.34528678	801.6747704296268
43314832.23376403	808.9522457841467
44120928.631911896	816.3651561933193
44942026.62119142	823.9160221265577
45778405.38376617	831.6074109596385
46630349.29742727	839.4419378476387
47498148.03228505	847.4222666141171
48382096.649259575	855.5511106568395
49282495.700405136	863.8312338703682
50199651.33110079	872.1845228254709
51133875.38414321	879.841469142011
52085485.50577665	887.6409125323777
53054805.25369574	895.5855048913602
54042164.20705915	903.6779474659631
55047898.078549676	911.9209917738569
56072348.82852027	920.3174405389241
57115864.78126435	928.8701486442158
58178800.74344935	937.5820241026405
59261518.124755524	946.4560290457241
60364385.060758635	955.4951807307634
61487776.53810017	964.7025525667271
62632074.521986924	974.0812751592483
63797668.086062826	983.0089370527115
64984953.54469889	991.6818156834537
66194334.58774388	1000.5160980612561
67426222.41778335	1009.5147879373155
68681035.88995308	1018.6809449631503
69959201.65435374	1028.017685730911
71261154.30111745	1037.5281848330621
72587336.50817245	1047.2156759417724
73938199.19175874	1057.0834529084016
75314201.65974376	1067.1348708834398
76715811.76779303	1077.3733474573023
78143506.07844542	1087.8023638223422
79597770.02314977	1098.2944452381012
81079098.06731695	1107.9385930610456
82587993.87844272	1117.7622201159836
84124970.49736118	1127.7686665419626
85690550.51268348	1137.9613346385859
87285266.23848371	1148.3436900228307
88909659.89529167	1158.919262807397
90564283.79445294	1169.6916488009801
92249700.52592175	1180.6645107308896
93966483.1495469	1191.8415794884127
95715215.38991855	1203.2266553973582
97496491.83484097	1214.8236095062096
99310918.137498	1226.636384904316
101159111.22238298	1237.8484268236991
103041699.49505854	1248.7722255950034
104959323.05582266	1259.899318120194
106912633.91734771	1271.2334877306196
108902296.22637327	1282.7785881660718
110928986.48952228	1294.5385448850934
112993393.80332194	1306.5173563996825
115096220.0885031	1318.719095634827
117238180.32865998	1331.1479113133369
119420002.8133535	1343.808029366461
121642429.3857368	1356.7037543707452
123906215.69479132	1369.8394710116443
126212131.45225461	1383.0180048226398
128560960.69432965	1395.1652285023567
130953502.04826704	1407.5385140816757
133390569.00390586	1420.1420686110114
135872990.19027063	1432.9801774347084
138401609.65731302	1446.0572056480978
140977287.16289678	1459.3775995816736
143600898.46512637	1472.945888312897
146273335.620113	1486.7666852061316
148995507.28528506	1500.8446894812398
151768339.02834037	1515.184687811368
154592773.64194787	1529.791555950456
157469771.464309	1544.6702603910587
160400310.70568198	1558.7512915744007
163385387.7809857	1572.51040281444
166426017.64859018	1586.5255734558543
169523234.15541214	1600.8015688076705
172678090.38843596	1615.3432428621302
175891659.03277326	1630.1555399450924
179165032.73638958	1645.2434963971693
182499324.48161504	1660.6122422861292
185895667.96356884	1676.2670031511664
189355217.9756299	1692.2131017796528
192879150.80207777	1708.4559600169362
196468664.61804405	1725.0011006098346
200124979.89690349	1741.5540886507642
203849339.82524642	1756.8543282704952
207643010.7255779	1772.4393079529764
211507282.48687947	1788.314326759223
215443469.00318778	1804.4847823666826
219452908.62033114	1820.9561729045004
223536964.59097967	1837.7340988229325
227697025.53816846	1854.824264797571
231934505.92744276	1872.2324816689877
236250846.54779404	1889.9646684184934
240647515.00154218	1908.026854180649
245126006.20333397	1926.425180293227
249687842.8884332	1945.1659023853456
254334576.13046482	1962.850321668564
259067785.8688001	1980.1810728864277
263889081.44575077	1997.8343523333904
268800102.15376073	2015.8161623146723
273802517.7927863	2034.1326168394182
278898029.23804396	2052.7899436995194
284088369.01832956	2071.7944865871436
289375301.90509474	2091.1527072516465
294760625.51248586	2110.8711876966327
300246170.90855557	2130.9566324179177
305833803.23784316	2151.4158706831195
311525422.35554785	2172.255858853699
317322963.47349733	2193.0477472859934
323228397.81813806	2212.320009000883
329243733.30077755	2231.950930785578
335371015.2002929	2251.9471873649995
341612326.8585518	2272.315577681847
347969790.3887688	2293.0630272082994
354445567.3970436	2314.196590300741
361041859.71733445	2335.7234525983354
367760910.1601031	2357.650933466207
374605003.2748982	2379.9864884841218
381576466.1271244	2402.737711981453
388677669.0892668	2425.9123396193263
395911026.64684665	2449.5182510208415
403278998.21937054	2471.728842102237
410784088.99656343	2493.5592275964423
418428850.7901576	2515.795880279271
426215882.9015325	2538.446360852226
434147833.00551015	2561.5183707227584
442227398.0505897	2585.019754622817
450457325.17594445	2608.958503276156
458840412.6454752	2633.3427561152603
467379510.7992464	2658.1808040488268
476077523.0226378	2683.481092280779
484937406.7335233	2709.252223181718
493962174.38783056	2735.502959213835
503154894.5038046	2761.6201805336514
512518692.7053333	2785.8968498370596
522056752.7846986	2810.625312087024
531772317.78509665	2835.813975227151
541668691.1033136	2861.4714036743167
551749237.6129117	2887.606321230654
562017384.8083189	2914.2276140497283
572476623.970219	2941.3443336579376
583130511.3526219	2968.9657000321213
593982669.3920338	2997.1011047344687
605036787.9391212	3025.76011410574
616296625.5132942	3054.9524725179126
627766010.5806513	3084.688105687391
639448842.8556937	3112.584833953983
651349094.6272783	3140.0849060263154
663470812.1092337	3168.096759119222
675818116.816111	3196.6299175645713
688395206.964551	3225.694082943676
701206358.9007177	3255.2991373859218
714255928.5543104	3285.4551469288135
727548352.9196218	3316.1723649405303
741088151.564157	3347.4612356061643
754879928.1653447	3379.332397478873
768928372.0758306	3411.7966870970954
783238259.9179205	3444.8651426691126
797814457.2076613	3477.6737656165856
812661920.0091945	3508.2569264386616
827785696.619849	3539.4092450875446
843190929.2866251	3571.1413136872293
858882855.9546258	3603.4639214829626
874866812.0479896	3636.3880585096517
891148232.2840202	3669.924919328654
907732652.5210242	3704.0859068339955
924625711.6405734	3738.882636129499
941833153.4647961	3774.3269384780715
959360828.7093127	3810.4308653244025
977214696.9725724	3847.206692392651
995400828.7621539	3884.6669238602667
1013925407.5588143	3919.708943303823
1032794731.9189525	3954.3550386813013
1052015217.6161569	3989.6459037889863
1071593399.8226712	4025.593537901285
1091535935.3313932	4062.210163601118
1111849604.81927	4099.508230935755
1132541315.1528127	4137.5004216499865
1153618101.7364762	4176.199653498
1175087130.9048076	4215.6190846356185
1196955702.3590453	4255.77211809416
1219231251.6491094	4296.672406337635
1241921352.7017846	4338.333855904759
1265033720.3959012	4379.552982214689
1288576213.185518	4418.08647906662
1312556835.7718453	4457.337090851671
1336983741.8249452	4497.318163200758
1361865236.7560828	4538.04329010929
1387209780.541618	4579.526318559204
1413025990.5995336	4621.781353227165
1439322644.7194095	4664.822761280245
1466108684.046983	4708.665177260934
1493393216.1242533	4753.323508063083
1521185517.9861016	4798.812938000332
1549495039.3146317	4845.148933969022
1578331405.6521196	4892.3472507070355
1607704421.673822	4936.3724033286435
1637624074.521689	4980.0297352247
1668100537.2000558	5024.499537495888
1699144172.034626	5069.796930354156
1730765534.1957276	5115.937315401137
1762975375.287204	5162.936380864896
1795784647.002097	5210.810106934117
1829204504.84629	5259.574771191476
1863246311.9315598	5309.246954148275
1897921642.8391035	5359.843544881919
1933242287.5550432	5411.3817467784165
1969220255.4791734	5463.879083381752
2005867779.50823	5515.675275578251
2043197320.1952705	5564.23802036814
2081221569.9863415	5613.7045261018075
2119953457.536069	5664.091611924191
2159406152.1035676	5715.416409987403
2199593068.0300703	5767.6963712757815
2240527869.3000183	5820.949271539496
2282224474.186901	5875.1932173384175
2324697059.9856453	5930.446652198576
2367960067.833079	5986.728362883197
2412028207.618002	6044.057485780316
2456916462.98279	6102.453513409455
2502640096.417922	6161.936301049207
2549214654.4514203	6217.264737199928
2596655972.9348726	6272.2953395687
2644980182.4277143	6328.350070811326
2694203713.6818824	6385.447990140438
2744343303.2283683	6443.608511463817
2795415999.067865	6502.851409985385
2847439166.467248	6563.196828928959
2900430493.8639855	6624.665286387205
2954407998.8803797	6687.277682297989
3009390034.449724	6751.055305550547
3065395295.056536	6816.019841223979
3122442823.092858	6882.193377960381
3180552015.3329134	6947.3044886422385
3239742629.5281954	7008.533919215453
3300034791.1252885	7070.90283991019
3361449000.1087756	7134.432456831501
3424006137.9714255	7199.144370733646
3487727474.8141704	7265.060584364629
3552634676.5781393	7332.203509947337
3618749812.411284	7400.59597679991
3686095362.172169	7470.261239097996
3754694224.0733366	7541.222983781394
3824569722.4669914	7613.505338607914
3895745615.7755013	7687.132880357049
3968246104.569486	7762.1306431862995
4042095839.7963185	7831.703890740042
4117319931.1616793	7901.111804518901
4193943955.6671777	7971.811411383355
4271993966.3067765	8043.826749961535
4351496500.925055	8117.1823062444955
4432478591.24041	8191.903021911768
4514967772.036102	8268.014302811767
4598992090.5224285	8345.542027600104
4684580115.873045	8424.512556538575
4771760948.93875	8504.952740457898
4860564232.142149	8586.889929887338
4951020159.556352	8670.351984354145
5043159487.171349	8752.255150974124
5137013543.351338	8829.516939601242
5232614239.486668	8908.216583261268
5329994080.844104	8988.38084068102
5429186177.618943	9070.036968571763
5530224256.192889	9153.212730896832
5633142670.601352	9237.936408311642
5737976414.21414	9324.23680777938
5844761131.63365	9412.143272365744
5953533130.81437	9501.68569121585
6064329395.40805	9592.89450971693
6177187597.338489	9685.800739850065
6292146109.610351	9780.435970734527
6409244019.35647	9868.01343340673
6528521141.127848	9955.65004445906
6650018030.431105	10044.917587754966
6773775997.517745	10135.846415221034
6899837121.430025	10228.467443638332
7028244264.308367	10322.812165154497
7159041085.964889	10418.912657991374
7292272058.728298	10516.801597352018
7427982482.564911	10616.512266530572
7566218500.481063	10718.078568228908
7707027114.212319	10821.535036083962
7850456200.20451	10926.916846409511
7996554525.89233	11030.070250047102
8145371766.280737	11127.707201508669
8296958520.834915	11227.161193250447
8451366330.684739	11328.466040701232
8608647696.149244	11431.65618860068
8768856094.587408	11536.766722710956
8932045998.58096	11643.83338174623
9098272894.455568	11752.892569524187
9267593301.146902	11863.981367343762
9440064789.417603	11977.137546593156
9615746001.432076	12092.399581592585
9794696670.695385	12209.8066626759
9976977642.36321	12329.398709515692
10162650893.929974	12439.859517649495
10351779556.301762	12550.738600970391
10544427935.261663	12663.681162898629
10740661533.334324	12778.72560512223
10940547072.057436	12895.911043991107
11144152514.667904	13015.27732381714
11351547089.20999	13136.865030421592
11562801312.07373	13260.71550493483
11777987011.97118	13386.870857852684
11997177354.358856	13515.373983354426
12220446866.31491	13646.26857388733
12447871461.87906	13779.599135022521
12679528467.864313	13909.823913733882
12915496650.148827	14033.559174149348
13155856240.457052	14159.597168815439
13400688963.639534	14287.980752008385
13650078065.460138	14418.753575529756
13904108340.90067	14551.960103548634
14162866162.991974	14687.645627719863
14426439512.18159	14825.856282583622
14694918006.248203	14966.639061251764
14968392930.772556	15110.041831385917
15246957270.1757	15256.113351473106
15530705739.334585	15404.903287404095
15819734815.786015	15556.462229360252
16114142772.530231	15696.328018335542
16414029711.444664	15837.169184605233
16719497597.319849	15980.631428944169
17030650292.528427	16126.763530061244
17347593592.339325	16275.615174445358
17670435260.889503	16427.236973259456
17999285067.824764	16581.680479548806
18334254825.622852	16738.998205769687
18675458427.61074	16899.243641644123
19023011886.689457	17062.471272346902
19377033374.77993	17228.736597031217
19737643263.002556	17398.09614769891
20104964162.60493	17563.262548793922
20479120966.650833	17720.944809511013
20860240892.48505	17881.561563930638
21248453524.988873	18045.167423479907
21643890860.6402	18211.818015913865
22046687352.39403	18381.570004229616
22456979955.397717	18554.481105932275
22874908173.55704	18730.610112659477
23300614106.969296	18910.016910171278
23734242500.238663	19092.76249871187
24175940791.691235	19278.909013750454
24625859163.50544	19468.519747107894
25084150592.775414	19661.659168476515
25550970903.525124	19840.139652417656
26026478819.690044	20020.448002323305
26510836019.085308	20204.111921301235
27004207188.3777	20391.193857062906
27506760079.080673	20581.757419482205
28018665564.59201	20775.86740222366
28540097698.292374	20973.589804772862
29071233772.725693	21174.991854877153
29612254379.880314	21380.14203140369
30163343472.591972	21589.110087622917
30724688427.0901	21801.96707492555
31296480106.707504	22018.78536698072
31878912926.77636	22230.240479762993
32472184920.731255	22433.435462018733
33076497807.442425	22640.411937469096
33692057059.802742	22851.24028034587
34319071974.590427	23065.992174557243
34957755743.632645	23284.740638061205
35608325526.29274	23507.56004769238
36271002523.30648	23734.526164450846
36946012051.9931	23965.71615926183
37633583622.865326	24201.208639214547
38333951017.66589	24441.083674289646
39047352368.85556	24685.422824583715
39774030240.58037	24934.30916804052
40514231711.14655	25165.71506940963
41268208457.02952	25400.2529049628
42036216838.44701	25639.155529543623
42818517986.52407	25882.50417261866
43615377892.080055	26130.38157534855
44427067496.06892	26382.872018721064
45253862781.70167	26640.061352207438
46096044868.284195	26902.0370229523
46953900106.80053	27168.888105506503
47827720177.27486	27440.705332113354
48717802187.94641	27717.581123558684
49624448776.28913	27999.609620594812
50547968211.91225	28275.59643706099
51488674501.37487	28543.476733541316
52446887494.95119	28816.342327920574
53422932995.38363	29094.28599744094
54417142868.658875	29377.4022459448
55429855156.84652	29665.78733600723
56461414193.03661	29959.539321666234
57512170718.41614	30258.75808176201
58582482001.52548	30563.545353897032
59672711959.7331	30874.004769027786
60783231282.972115	31190.241886700656
61914417559.77835	31512.364230943116
63066655405.67406	31840.481326822974
64240336593.94204	32150.54930050353
65435860188.83229	32465.76259449629
66653632681.24893	32786.842061525684
67894068126.96098	33113.896872070145
69157588287.38525	33447.03822828918
70444622772.99051	33786.37940183344
71755609189.36922	34132.03577235821
73090993286.02888	34484.12486675395
74451229107.95128	34842.76639910653
75836779149.97191	35208.08231140119
77248114514.03416	35580.19681498434
78685715069.36844	35959.2364327966
80150069615.65381	36334.1787742676
81641676049.21455	36704.26714155108
83161041532.30962	37081.242916322444
84708682665.5742	37465.23427440698
86285125663.66887	37856.37177700381
87890906534.19963	38254.788415078445
89526571259.96382	38660.619654580536
91192675984.59299	39074.00348250445
92889787201.64517	39495.080453805764
94618481947.21992	39923.99373919166
96379347996.15796	40360.88917380084
98172984061.88821	40805.915306788374
100000000000.0	41259.223451834754
