Frequency [GHz]	Zx imag [Ohm/m]	Zy imag [Ohm/m]
1.000000000000000166e-10	1.184020692165255547e+07	2.890108103232410550e+07
1.032794731918951654e-10	1.184011440660047345e+07	2.890095259720401838e+07
1.066664958279539403e-10	1.184001885754206218e+07	2.890081995008859783e+07
1.101645949633656381e-10	1.183992017497789301e+07	2.890068295284658670e+07
1.137774133221491146e-10	1.183981825614548847e+07	2.890054146281675249e+07
1.175087130904807540e-10	1.183971299491229840e+07	2.890039533265932277e+07
1.213623798344240958e-10	1.183960428166518174e+07	2.890024441020255163e+07
1.253424265461399975e-10	1.183949200319627114e+07	2.890008853828426823e+07
1.294529978227915867e-10	1.183937604258507304e+07	2.889992755458821356e+07
1.336983741824946476e-10	1.183925627907671593e+07	2.889976129147500172e+07
1.380829765218092491e-10	1.183913258795621060e+07	2.889958957580756396e+07
1.426113707194128486e-10	1.183900484041856602e+07	2.889941222877084836e+07
1.472882723907502473e-10	1.183887290343467146e+07	2.889922906568561122e+07
1.521185517986104510e-10	1.183873663961276039e+07	2.889903989581608772e+07
1.571072389247450498e-10	1.183859590705533884e+07	2.889884452217140794e+07
1.622595287078087593e-10	1.183845055921142548e+07	2.889864274130043015e+07
1.675807864530767868e-10	1.183830044472393394e+07	2.889843434307987988e+07
1.730765534195724819e-10	1.183814540727207065e+07	2.889821911049555987e+07
1.787525525904235329e-10	1.183798528540853597e+07	2.889799681941632926e+07
1.846146946324547531e-10	1.183781991239140928e+07	2.889776723836075142e+07
1.906690840512252406e-10	1.183764911601052247e+07	2.889753012825600058e+07
1.969220255479172543e-10	1.183747271840810962e+07	2.889728524218893051e+07
2.033800305846981002e-10	1.183729053589361347e+07	2.889703232514894009e+07
2.100498241653915480e-10	1.183710237875239737e+07	2.889677111376242340e+07
2.169383518385184289e-10	1.183690805104817450e+07	2.889650133601851389e+07
2.240527869300018610e-10	1.183670735041898862e+07	2.889622271098581329e+07
2.314005380130653023e-10	1.183650006786647066e+07	2.889593494851985946e+07
2.389892566231049743e-10	1.183628598753821291e+07	2.889563774896097928e+07
2.468268452255692806e-10	1.183606488650298119e+07	2.889533080282223970e+07
2.549214654451423314e-10	1.183583653451856971e+07	2.889501379046716541e+07
2.632815465648021228e-10	1.183560069379204698e+07	2.889468638177689165e+07
2.719157943036017723e-10	1.183535711873212270e+07	2.889434823580639437e+07
2.808331998823172083e-10	1.183510555569340847e+07	2.889399900042944402e+07
2.900430493863991314e-10	1.183484574271227606e+07	2.889363831197192892e+07
2.995549334359813486e-10	1.183457740923407860e+07	2.889326579483314231e+07
3.093787571730138678e-10	1.183430027583139949e+07	2.889288106109466031e+07
3.195247505759212065e-10	1.183401405391307361e+07	2.889248371011635661e+07
3.300034791125284578e-10	1.183371844542366825e+07	2.889207332811924815e+07
3.408258547423451742e-10	1.183341314253309928e+07	2.889164948775455356e+07
3.520031472796679687e-10	1.183309782731607743e+07	2.889121174765872955e+07
3.635469961293320139e-10	1.183277217142104544e+07	2.889075965199380368e+07
3.754694224073336536e-10	1.183243583572823927e+07	2.889029272997275740e+07
3.877828414589456106e-10	1.183208846999654919e+07	2.888981049536919594e+07
4.005000757873611052e-10	1.183172971249881200e+07	2.888931244601108506e+07
4.136343684063274911e-10	1.183135918964511529e+07	2.888879806325779855e+07
4.271993966306778827e-10	1.183097651559375972e+07	2.888826681146001071e+07
4.412092863191189219e-10	1.183058129184947722e+07	2.888771813740193471e+07
4.556786265841064474e-10	1.183017310684845410e+07	2.888715146972521394e+07
4.706224849841281415e-10	1.182975153552974761e+07	2.888656621833395213e+07
4.860564232142136024e-10	1.182931613889265992e+07	2.888596177378020063e+07
5.019965133110081441e-10	1.182886646353957988e+07	2.888533750662935525e+07
5.184593543892912175e-10	1.182840204120384715e+07	2.888469276680464670e+07
5.354620899273606527e-10	1.182792238826211542e+07	2.888402688291023299e+07
5.530224256192902378e-10	1.182742700523074530e+07	2.888333916153201088e+07
5.711586478126431938e-10	1.182691537624566443e+07	2.888262888651555777e+07
5.898896425508497150e-10	1.182638696852517501e+07	2.888189531822035089e+07
6.092349152400710261e-10	1.182584123181515001e+07	2.888113769274955615e+07
6.292146109610343618e-10	1.182527759781602025e+07	2.888035522115455195e+07
6.498495354469890483e-10	1.182469547959098965e+07	2.887954708861335367e+07
6.711611767496282870e-10	1.182409427095482312e+07	2.887871245358211547e+07
6.931717276155404727e-10	1.182347334584260732e+07	2.887785044691877812e+07
7.159041085964887260e-10	1.182283205765779316e+07	2.887696017097800225e+07
7.393819919175865964e-10	1.182216973859887570e+07	2.887604069867641479e+07
7.636298261282244400e-10	1.182148569896397553e+07	2.887509107252718881e+07
7.886728615614152294e-10	1.182077922643262893e+07	2.887411030364298075e+07
8.145371766280743462e-10	1.182004958532400616e+07	2.887309737070613727e+07
8.412497049736117954e-10	1.181929601583083160e+07	2.887205121890517324e+07
8.688382635251186617e-10	1.181851773322814517e+07	2.887097075883635879e+07
8.973315814583522479e-10	1.181771392705614492e+07	2.886985486536923051e+07
9.267593301146878953e-10	1.181688376027622074e+07	2.886870237647500262e+07
9.571521538991863169e-10	1.181602636839929968e+07	2.886751209201644734e+07
9.885417021919573871e-10	1.181514085858562589e+07	2.886628277249817178e+07
1.020960662306046580e-09	1.181435423430370912e+07	2.886506406785698980e+07
1.054442793526168950e-09	1.181361403772174381e+07	2.886383415046931058e+07
1.089022962263730067e-09	1.181284956659130566e+07	2.886256389827061445e+07
1.124737178364752061e-09	1.181206002483508550e+07	2.886125198849159479e+07
1.161622632608501755e-09	1.181124459026863053e+07	2.885989705498307198e+07
1.199717735435884489e-09	1.181040241374417022e+07	2.885849768679336458e+07
1.239062156947916503e-09	1.180953261826636270e+07	2.885705242669902742e+07
1.279696868215940940e-09	1.180863429807903618e+07	2.885555976968733966e+07
1.321664183946605026e-09	1.180770651772199012e+07	2.885401816138910502e+07
1.365007806546013663e-09	1.180674831105685420e+07	2.885242599646000564e+07
1.409772871628966933e-09	1.180575868026101030e+07	2.885078161690888926e+07
1.456005995020649598e-09	1.180473659478852153e+07	2.884908331037122011e+07
1.503755321299737753e-09	1.180368099029696174e+07	2.884732930832592770e+07
1.553070573933460069e-09	1.180259076753908955e+07	2.884551778425377607e+07
1.604003107056820079e-09	1.180146479121814109e+07	2.884364685173531622e+07
1.656605958949914401e-09	1.180030188880559988e+07	2.884171456248647347e+07
1.710933907269014249e-09	1.179910084932019189e+07	2.883971890432972461e+07
1.767043526088946692e-09	1.179786042206683382e+07	2.883765779909872636e+07
1.824993244816152494e-09	1.179657931533423997e+07	2.883552910047421604e+07
1.884843409033795523e-09	1.179525619504978880e+07	2.883333059174897894e+07
1.946656343342262358e-09	1.179388968339031376e+07	2.883105998351948336e+07
2.010496416260498236e-09	1.179247835734730214e+07	2.882871491130180284e+07
2.076430107255774870e-09	1.179102074724505842e+07	2.882629293306941167e+07
2.144526075971667793e-09	1.178951533521027118e+07	2.882379152671017870e+07
2.214855233726359314e-09	1.178796055359137431e+07	2.882120808739997074e+07
2.287490817355702788e-09	1.178635478332609311e+07	2.881853992489016056e+07
2.362508465477946229e-09	1.178469635225543939e+07	2.881578426070611924e+07
2.439986297259550245e-09	1.178298353338241763e+07	2.881293822525390983e+07
2.520004993764092080e-09	1.178121454307362996e+07	2.880999885483200848e+07
2.602647881969005809e-09	1.177938753920189664e+07	2.880696308854511380e+07
2.688001021537606561e-09	1.177750061922797561e+07	2.880382776511666924e+07
2.776153294436799262e-09	1.177555181821935624e+07	2.880058961959691346e+07
2.867196497493770032e-09	1.177353910680409707e+07	2.879724527996291593e+07
2.961225437988034610e-09	1.177146038905754499e+07	2.879379126360718161e+07
3.058338032378433485e-09	1.176931350031975843e+07	2.879022397371101752e+07
3.158635408267817403e-09	1.176709620494135469e+07	2.878653969549902529e+07
3.262222009711669644e-09	1.176480619395543449e+07	2.878273459237075970e+07
3.369205705980266915e-09	1.176244108267313801e+07	2.877880470190547779e+07
3.479697903887691433e-09	1.175999840820037946e+07	2.877474593173591793e+07
3.593813663804627762e-09	1.175747562687312067e+07	2.877055405528672785e+07
3.711671819475765297e-09	1.175487011160854623e+07	2.876622470737314597e+07
3.833395101766601886e-09	1.175217914916936122e+07	2.876175337965535745e+07
3.959110266468459240e-09	1.174939993733837642e+07	2.875713541594373807e+07
4.088948226294862618e-09	1.174652958200044744e+07	2.875236600735018775e+07
4.223044187206674123e-09	1.174356509412870184e+07	2.874744018728039786e+07
4.361537789208003199e-09	1.174050338667192310e+07	2.874235282626194134e+07
4.504573251759458750e-09	1.173734127133988775e+07	2.873709862660270557e+07
4.652299523960189308e-09	1.173407545528323762e+07	2.873167211687420309e+07
4.804870439655131104e-09	1.173070253766451590e+07	2.872606764621389285e+07
4.962444877628916452e-09	1.172721900611670315e+07	2.872027937844073400e+07
5.125186927053329472e-09	1.172362123308564723e+07	2.871430128597768024e+07
5.293266058360561204e-09	1.171990547205253504e+07	2.870812714357490465e+07
5.466857299720180771e-09	1.171606785363246314e+07	2.870175052182720974e+07
5.646141419303669251e-09	1.171210438154510222e+07	2.869516478047874570e+07
5.831305113526221869e-09	1.170801092845316604e+07	2.868836306150827557e+07
6.022541201461928965e-09	1.170378323166445643e+07	2.868133828198757768e+07
6.220048825634711276e-09	1.169941688869292662e+07	2.867408312670570984e+07
6.424033659394191079e-09	1.169490735267418064e+07	2.866659004055134207e+07
6.634708121092347870e-09	1.169024992763062008e+07	2.865885122064529732e+07
6.852291595284060743e-09	1.168543976358132251e+07	2.865085860821506381e+07
7.077010661181889919e-09	1.168047185149154253e+07	2.864260388020284846e+07
7.309099328602911004e-09	1.167534101805658266e+07	2.863407844059840962e+07
7.548799281653435948e-09	1.167004192031460069e+07	2.862527341148765385e+07
7.796360130405233414e-09	1.166456904008275829e+07	2.861617962380766496e+07
8.052039670825474778e-09	1.165891667821088992e+07	2.860678760779859126e+07
8.316104153230961616e-09	1.165307894864672236e+07	2.859708758314231783e+07
8.588828559546249041e-09	1.164704977230648510e+07	2.858706944877783582e+07
8.870496889654407999e-09	1.164082287074447609e+07	2.857672277238253877e+07
9.161402457138517586e-09	1.163439175961505622e+07	2.856603677950860932e+07
9.461848194721997291e-09	1.162774974192020483e+07	2.855500034236309305e+07
9.772146969725725887e-09	1.162088990103564784e+07	2.854360196822004765e+07
1.009262190987047331e-08	1.161410348669218272e+07	2.853202560988248885e+07
1.042360673976401127e-08	1.160785264424524643e+07	2.852056713597533479e+07
1.076544612842315905e-08	1.160139680709599517e+07	2.850873288448819891e+07
1.111849604819270880e-08	1.159472925249812379e+07	2.849651053189608082e+07
1.148312414543511117e-08	1.158784303723466024e+07	2.848388735052727908e+07
1.185971012337669343e-08	1.158073099038769305e+07	2.847085019530953094e+07
1.224864613750930795e-08	1.157338570587098598e+07	2.845738549008142203e+07
1.265033720395903769e-08	1.156585927196097933e+07	2.844353147903438285e+07
1.306520162124721228e-08	1.155843003795502149e+07	2.842952412732021138e+07
1.349367140588306343e-08	1.155075716421147622e+07	2.841505740826167539e+07
1.393619274224142065e-08	1.154283266063046269e+07	2.840011625702987239e+07
1.439322644719406651e-08	1.153464827507891878e+07	2.838468511474886164e+07
1.486524844997857277e-08	1.152619548479729146e+07	2.836874791229353845e+07
1.535275028780422776e-08	1.151746548752441071e+07	2.835228805355615914e+07
1.585623961771137302e-08	1.150845653673954122e+07	2.833529549685764313e+07
1.637624074521687477e-08	1.149966716650674120e+07	2.831824346975431964e+07
1.691329517029648562e-08	1.149058955123342201e+07	2.830063222599346936e+07
1.746796215127245689e-08	1.148121423800074868e+07	2.828244342621472478e+07
1.804081928719382751e-08	1.147153146388395689e+07	2.826365812962330878e+07
1.863246311931559514e-08	1.146153114578577131e+07	2.824425677426615357e+07
1.924350975230330612e-08	1.145120286993645132e+07	2.822421915666120499e+07
1.987459549580983990e-08	1.144053588104946725e+07	2.820352441075859964e+07
2.052637752709252173e-08	1.143010816219431534e+07	2.818277869910682365e+07
2.119953457536071000e-08	1.141942120969710127e+07	2.816144080262121931e+07
2.189476762856620985e-08	1.140838378145771101e+07	2.813940313554064929e+07
2.261280066337277307e-08	1.139698438371813670e+07	2.811664274907606095e+07
2.335438139906479724e-08	1.138521114578565396e+07	2.809313594183898345e+07
2.412028207618007283e-08	1.137305180767135881e+07	2.806885823516030610e+07
2.491130026067788373e-08	1.136049370732329413e+07	2.804378434759948775e+07
2.572825967447932303e-08	1.134815897779710777e+07	2.801863255653930455e+07
2.657201105324503850e-08	1.133564318627623469e+07	2.799291777750251815e+07
2.744343303228365032e-08	1.132271694272768311e+07	2.796635968918086588e+07
2.834343306151309448e-08	1.130936678648723848e+07	2.793893063547242060e+07
2.927294835042816131e-08	1.129557881545180827e+07	2.791060205330081657e+07
3.023294684405776334e-08	1.128133867160256952e+07	2.788134444287125766e+07
3.122442823092858392e-08	1.126663152605330572e+07	2.785112733695106208e+07
3.224842498408442807e-08	1.125209986577933840e+07	2.782076439484966546e+07
3.330600343624588813e-08	1.123752419929568656e+07	2.778996144357671216e+07
3.439826489022924478e-08	1.122247052773716114e+07	2.775814831777445227e+07
3.552634676578139226e-08	1.120692317505548149e+07	2.772529188904000819e+07
3.669142378402493899e-08	1.119086595111055300e+07	2.769135794253339618e+07
3.789470919074667737e-08	1.117428213481098972e+07	2.765631114134815335e+07
3.913745601980383687e-08	1.115715445670169033e+07	2.762011498971341923e+07
4.042095839796305955e-08	1.114010778916271962e+07	2.758363384216715768e+07
4.174655289253134782e-08	1.112323441567576677e+07	2.754698414437569678e+07
4.311561990318228626e-08	1.110580768442874029e+07	2.750913252957025915e+07
4.452958509942655287e-08	1.108780944820224494e+07	2.747003958120457456e+07
4.598992090522439315e-08	1.106922096464368701e+07	2.742966459007731453e+07
4.749814803228499868e-08	1.105002287675004639e+07	2.738796551193980873e+07
4.905583706365045989e-08	1.103019519271057658e+07	2.734489892371351272e+07
5.066461008921269181e-08	1.101028902877767757e+07	2.730129296488635615e+07
5.232614239486661694e-08	1.099087982794488035e+07	2.725801248088189214e+07
5.404216420705915059e-08	1.097083410757401027e+07	2.721331262500718608e+07
5.581446249454960394e-08	1.095013099317745492e+07	2.716714684934224561e+07
5.764488282925879445e-08	1.092874892569437623e+07	2.711946707944054529e+07
5.953533130814369715e-08	1.090666563904031925e+07	2.707022366426696256e+07
6.148777653810024108e-08	1.088385813692055270e+07	2.701936532449398935e+07
6.350425168595962148e-08	1.086072496761214174e+07	2.696753715867089108e+07
6.558685659571428548e-08	1.083854986647507735e+07	2.691684702977338061e+07
6.773775997517751128e-08	1.081564753884094767e+07	2.686449453168773651e+07
6.995920165435375620e-08	1.079199413551173732e+07	2.681042514746208861e+07
7.225349491787214948e-08	1.076756502516137436e+07	2.675458257227573544e+07
7.462302891391107044e-08	1.074233476868605427e+07	2.669690865480648354e+07
7.707027114212294845e-08	1.071627709271337837e+07	2.663734333667510748e+07
7.959777002314985573e-08	1.068953180531008542e+07	2.657612174663413689e+07
8.220815755240541849e-08	1.066437897961383127e+07	2.651728821031742916e+07
8.490415204088747078e-08	1.063840127374186367e+07	2.645652524394936860e+07
8.768856094587425811e-08	1.061157163596995547e+07	2.639376957238867134e+07
9.056428379445295063e-08	1.058386212741983496e+07	2.632895584540274367e+07
9.353431520292386860e-08	1.055524389296520688e+07	2.626201656961564347e+07
9.660174799522647250e-08	1.052568713118364662e+07	2.619288203822426125e+07
9.976977642363202159e-08	1.049516106332306750e+07	2.612148025840955228e+07
1.030416994950587396e-07	1.046662258664598130e+07	2.605343155032065511e+07
1.064209244064724761e-07	1.043738182779102959e+07	2.598359636333286017e+07
1.099109700929497372e-07	1.040718212608832307e+07	2.591147095010928810e+07
1.135154708920999096e-07	1.037599203326424211e+07	2.583698020329451188e+07
1.172381803286598596e-07	1.034377906970747001e+07	2.576004655240749940e+07
1.210829750232039531e-07	1.031050969064653851e+07	2.568058988306410238e+07
1.250538587290391570e-07	1.027614925121819414e+07	2.559852745355040953e+07
1.291549665014884007e-07	1.024374638985644653e+07	2.552002473914050311e+07
1.333905690039058854e-07	1.021109981068099476e+07	2.544060719555723667e+07
1.377650769549053468e-07	1.017738259569341317e+07	2.535858517492249608e+07
1.422830457214352017e-07	1.014255963367925957e+07	2.527387326410958916e+07
1.469491800624817218e-07	1.010659466196122952e+07	2.518638324889122695e+07
1.517683390283405561e-07	1.006945022863723151e+07	2.509602402207819745e+07
1.567455410205594968e-07	1.003108765358009376e+07	2.500270148864542693e+07
1.618859690178197646e-07	9.994527945860402659e+06	2.491287172342863679e+07
1.671949759731990056e-07	9.958392246956106275e+06	2.482357066874663532e+07
1.726780903884356132e-07	9.921071487493541092e+06	2.473134100991625711e+07
1.783410220710008120e-07	9.882526803729388863e+06	2.463608670414956287e+07
1.841896680799711039e-07	9.842718057394292206e+06	2.453770855896112323e+07
1.902301188668944219e-07	9.801603793895104900e+06	2.443610412887454405e+07
1.964686646180446931e-07	9.759141199146416038e+06	2.433116760874149576e+07
2.029118018046678038e-07	9.718165362155390903e+06	2.422925573330784589e+07
2.095662399480432992e-07	9.678531362503686920e+06	2.413003275514887646e+07
2.164389086064020114e-07	9.637597576458530501e+06	2.402755578602097929e+07
2.235369645909794139e-07	9.595321377873593941e+06	2.392171811216266826e+07
2.308677994187169850e-07	9.551658742689512670e+06	2.381240952016324550e+07
2.384390470093720426e-07	9.506564203089695424e+06	2.369951618219276890e+07
2.462585916350547006e-07	9.459990800152692944e+06	2.358292053746810928e+07
2.543345761304648365e-07	9.414388531844761223e+06	2.346834423528462276e+07
2.626754103723835758e-07	9.371334597016707063e+06	2.335946750656969100e+07
2.712897800372467241e-07	9.326868719937913120e+06	2.324702019472433627e+07
2.801866556459195443e-07	9.280944596340777352e+06	2.313088520343200862e+07
2.893753019050950594e-07	9.233514403421660885e+06	2.301094159623384103e+07
2.988652873550382326e-07	9.184528750040896237e+06	2.288706447059221938e+07
3.086664943337274455e-07	9.133936625289635733e+06	2.275912482782427967e+07
3.187891292677645596e-07	9.083563917454466224e+06	2.263153178877367079e+07
3.292437333007768907e-07	9.037266756045119837e+06	2.251360336570682749e+07
3.400411932703706463e-07	8.989451291638744995e+06	2.239180751161988452e+07
3.511927530450727317e-07	8.940067731895584613e+06	2.226601739514932036e+07
3.627100252330649086e-07	8.889064651549441740e+06	2.213610202553104609e+07
3.746050032748993774e-07	8.836388938856309280e+06	2.200192611619399115e+07
3.868900739327976195e-07	8.781985740286763757e+06	2.186334994388024881e+07
3.995780301895269929e-07	8.726782949081499130e+06	2.172267340705892444e+07
4.126820845702951630e-07	8.677524394684201106e+06	2.159663475493480638e+07
4.262158829015325345e-07	8.626650419200727716e+06	2.146646269900284708e+07
4.401935185208874400e-07	8.574108045329624787e+06	2.133202168539326265e+07
4.546295469532399562e-07	8.519842558393033221e+06	2.119317171478344128e+07
4.695390010680058238e-07	8.463797449359903112e+06	2.104976819661052153e+07
4.849374067335232931e-07	8.405914356000665575e+06	2.090166179850288108e+07
5.008407989848212921e-07	8.346133002112070099e+06	2.074869829077381268e+07
5.172657387216018967e-07	8.294091969624632969e+06	2.061528123083740100e+07
5.342293299538352136e-07	8.240560138886629604e+06	2.047803539315262064e+07
5.517492376129122323e-07	8.185272746110443026e+06	2.033628861501397192e+07
5.698437059469141914e-07	8.128172218109661713e+06	2.018989328928589076e+07
5.885315775191450570e-07	8.069199093600666150e+06	2.003869696809637174e+07
6.078323128297229089e-07	8.008291961282974109e+06	1.988254220408631116e+07
6.277660105806500796e-07	7.945387395888972096e+06	1.972126638645267859e+07
6.483534286054720147e-07	7.889757165265924297e+06	1.957866797096809745e+07
6.696160054853222944e-07	7.834071665769689716e+06	1.943593393200882152e+07
6.915758828738524922e-07	7.776559975245704874e+06	1.928851896850617602e+07
7.142559285543126448e-07	7.717162204248781316e+06	1.913626957079461589e+07
7.376797602527731619e-07	7.655816499275429174e+06	1.897902719490028173e+07
7.618717702322991504e-07	7.592458978353098035e+06	1.881662809744219482e+07
7.868571506936852863e-07	7.527023664517067373e+06	1.864890316511908546e+07
8.126619200091945450e-07	7.468077193161498755e+06	1.849802279004744813e+07
8.393129498166364485e-07	7.410831705574001186e+06	1.835159869350039959e+07
8.668379930019773693e-07	7.351708867567501962e+06	1.820037265796061605e+07
8.952657125996391396e-07	7.290647111938293092e+06	1.804418720512614027e+07
9.246257116405743783e-07	7.227582852402720600e+06	1.788287969223631173e+07
9.549485639791965964e-07	7.162450417382014915e+06	1.771628214270475507e+07
9.862658461312820294e-07	7.095181981615575030e+06	1.754422107119795680e+07
1.018610170155975315e-06	7.033289038697892800e+06	1.738620537739017233e+07
1.052015217616159169e-06	6.975144940726893954e+06	1.723801373528531194e+07
1.086515774652537176e-06	6.915094022650270723e+06	1.708496218800500035e+07
1.122147768207980340e-06	6.853073750813834369e+06	1.692689135626184195e+07
1.158948303439811928e-06	6.789019540788981132e+06	1.676363663396746106e+07
1.196955702359042833e-06	6.722864690118086524e+06	1.659502801682094485e+07
1.236209543736769070e-06	6.654540308854298666e+06	1.642088992527586967e+07
1.276750704319264407e-06	6.590164010828373954e+06	1.625710671115939505e+07
1.318621401394748678e-06	6.531821872671812773e+06	1.610909718700801209e+07
1.361865236756082925e-06	6.471566419734827243e+06	1.595623373019063286e+07
1.406527242105236574e-06	6.409334905372123234e+06	1.579835715728673525e+07
1.452653925946781372e-06	6.345062525178980082e+06	1.563530306449816003e+07
1.500293322019216825e-06	6.278682349507614039e+06	1.546690165644830652e+07
1.549495039314631713e-06	6.210125253770368174e+06	1.529297756936667114e+07
1.600310313738701654e-06	6.143812684794585221e+06	1.512497418401480466e+07
1.652792061464893799e-06	6.085979396437852643e+06	1.497902663906366378e+07
1.706994934038407828e-06	6.026249480893465690e+06	1.482829278350161202e+07
1.762975375287203917e-06	5.964560738781262189e+06	1.467261565155530348e+07
1.820791680099462520e-06	5.900848930909068324e+06	1.451183312980089337e+07
1.880504055128583443e-06	5.835047711377633736e+06	1.434577778834829479e+07
1.942174681489024486e-06	5.767088558491731063e+06	1.417427670648905821e+07
2.005867779508234000e-06	5.699455063804140314e+06	1.400372447521416284e+07
2.071649675602067297e-06	5.642809191606912762e+06	1.386156135789267533e+07
2.139588871343421664e-06	5.584305633216658607e+06	1.371473603924986161e+07
2.209756114795903333e-06	5.523883466312690638e+06	1.356309562364323810e+07
2.282224474186896537e-06	5.461479770643149503e+06	1.340648220125873014e+07
2.357069413996727979e-06	5.397029562503369525e+06	1.324473268367220089e+07
2.434368873543112862e-06	5.330465727065525018e+06	1.307767863401840068e+07
2.514203348142796913e-06	5.262173072238205932e+06	1.290630681983555667e+07
2.596655972934872394e-06	5.207332753285864368e+06	1.276942318486875296e+07
2.681812609453013329e-06	5.150693960775136016e+06	1.262805048778912984e+07
2.769761935036891063e-06	5.092197714247801341e+06	1.248204151100811176e+07
2.860595535175745131e-06	5.031783098997337744e+06	1.233124420897579938e+07
2.954407998880380251e-06	4.969387202635752037e+06	1.217550154984924756e+07
3.051297017182871440e-06	4.904945049580141902e+06	1.201465135196828470e+07
3.151363484866476280e-06	4.838389533390796743e+06	1.184852611496871524e+07
3.254711605531848180e-06	4.784171055102411658e+06	1.171379174890400469e+07
3.361449000108768764e-06	4.729945140671168454e+06	1.157913122319720685e+07
3.471686818926559579e-06	4.673940901913098060e+06	1.144005454164980166e+07
3.585539857459816780e-06	4.616100019158626907e+06	1.129641687761485949e+07
3.703126675869923221e-06	4.556362260160271078e+06	1.114806865489443764e+07
3.824569722466998750e-06	4.494665417370121926e+06	1.099485539197923616e+07
3.949995461220647668e-06	4.430945243160423823e+06	1.083661754118030332e+07
4.079534503452449404e-06	4.377347581578792073e+06	1.070394544681218080e+07
4.213321743847289341e-06	4.325972943622284569e+06	1.057694748877040483e+07
4.351496500925044872e-06	4.272913488186564296e+06	1.044578466674040444e+07
4.494202662119142613e-06	4.218113962134059519e+06	1.031032039512418211e+07
4.641588833612781958e-06	4.161517300315378234e+06	1.017041360903571546e+07
4.793808495089106764e-06	4.103064566144849174e+06	1.002591861740384251e+07
4.951020159556351225e-06	4.042694890227262862e+06	9.876684951257761568e+06
5.113387538414320594e-06	3.990146233331539202e+06	9.747066948245031759e+06
5.281079711934330620e-06	3.941941924980983138e+06	9.628372078488510102e+06
5.454271305329836335e-06	3.892156769260732457e+06	9.505784642298169434e+06
5.633142670601352205e-06	3.840738922705096193e+06	9.379176984001344070e+06
5.817880074344935696e-06	3.787634841655815020e+06	9.248417261491777375e+06
6.008675891719681185e-06	3.732789226504722610e+06	9.113369308936722577e+06
6.205728806776500758e-06	3.676144964107817970e+06	8.973892494981411844e+06
6.409244019356456972e-06	3.625034012059885543e+06	8.848208724460370839e+06
6.619433458774388568e-06	3.580199890088685323e+06	8.738167096090417355e+06
6.836516004510238809e-06	3.533895445106615312e+06	8.624516682018140331e+06
7.060717714137765353e-06	3.486072458264705259e+06	8.507139133083891124e+06
7.292272058728313350e-06	3.436681129389747977e+06	8.385912218899033032e+06
7.531420165974376510e-06	3.385670025125216227e+06	8.260709700562120415e+06
7.778411071286482598e-06	3.332986025371442083e+06	8.131401199200778268e+06
8.033501977124735881e-06	3.283649820536924992e+06	8.010397448976869695e+06
8.296958520834915102e-06	3.242275114581363741e+06	7.909103255127384327e+06
8.569055051268345481e-06	3.199543536235767882e+06	7.804487145345665514e+06
8.850074914473438512e-06	3.155410587233851198e+06	7.696440178289244883e+06
9.140310748756224233e-06	3.109830310000626836e+06	7.584849839913559146e+06
9.440064789417603028e-06	3.062755239794744644e+06	7.469599926306092180e+06
9.749649183484097127e-06	3.014136355281394441e+06	7.350570422678184696e+06
1.006938631476026946e-05	2.966851696083188057e+06	7.234844358302295208e+06
1.039960913954120295e-05	2.928929733123237267e+06	7.142179162116580643e+06
1.074066153333432437e-05	2.889764129554177169e+06	7.046475035663744435e+06
1.109289864895222712e-05	2.849314100515623577e+06	6.947632318040343933e+06
1.145668728634872662e-05	2.807537523618636653e+06	6.845548079990342259e+06
1.183240627458378028e-05	2.764390895081823692e+06	6.740116016720348038e+06
1.222044686631488820e-05	2.719829284428937361e+06	6.631226337199744768e+06
1.262121314522546164e-05	2.674808407159088645e+06	6.521223183987551369e+06
1.303512244681508904e-05	2.640254789354823064e+06	6.436902496022790670e+06
1.346260579298911035e-05	2.604567994917836972e+06	6.349816533701003529e+06
1.390410834090069648e-05	2.567710861624245532e+06	6.259874610590975732e+06
1.436008984651260800e-05	2.529645008524986450e+06	6.166983066224272363e+06
1.483102514336102853e-05	2.490330795978073962e+06	6.071045168562534265e+06
1.531740463702079875e-05	2.449727284370078705e+06	5.971961013266102411e+06
1.581973481578601704e-05	2.407792191483930219e+06	5.869627419659310952e+06
1.633853877809860416e-05	2.375789614860421047e+06	5.791596522653372958e+06
1.687435677727375848e-05	2.343433960884154774e+06	5.712710106048833579e+06
1.742774678408917511e-05	2.310017211909676902e+06	5.631236630559707060e+06
1.799928506782476860e-05	2.275504569610975683e+06	5.547091254283402115e+06
1.858956679635688644e-05	2.239860094460274093e+06	5.460186352949897759e+06
1.919920665593282809e-05	2.203046668302616104e+06	5.370431428674724884e+06
1.982883949127071257e-05	2.165025955703096930e+06	5.277733015719535761e+06
2.047912096665083489e-05	2.134649277799811680e+06	5.203701659671211615e+06
2.115072824868794552e-05	2.105435277100167703e+06	5.132513329928912222e+06
2.184436071149428344e-05	2.075263211079298286e+06	5.058990397996954620e+06
2.256074066496859061e-05	2.044101660241835518e+06	4.983056301222397946e+06
2.330061410696924993e-05	2.011918174698477378e+06	4.904631966100607067e+06
2.406475150015422205e-05	1.978679240374509711e+06	4.823635725932581350e+06
2.485394857429798490e-05	1.944350244110113708e+06	4.739983235781796277e+06
2.566902715491951889e-05	1.915646704392909072e+06	4.670050258663048968e+06
2.651083601908536550e-05	1.889359337748183170e+06	4.606011062323985621e+06
2.738025177927857720e-05	1.862209883961486863e+06	4.539871717708673328e+06
2.827817979625344298e-05	1.834170071116109611e+06	4.471563351017407142e+06
2.920555512182745176e-05	1.805210700125412783e+06	4.401014829752683640e+06
3.016334347259197422e-05	1.775301614326532697e+06	4.328152688645800576e+06
3.115254223555484670e-05	1.744411668076938950e+06	4.252901053154280409e+06
3.217418150676372115e-05	1.717400735912385862e+06	4.187101724265960976e+06
3.322932516398975161e-05	1.693812703694564523e+06	4.129643331587495748e+06
3.431907197459042598e-05	1.669451108283665264e+06	4.070300606324651279e+06
3.544455673970434785e-05	1.644290580882146256e+06	4.009011752295466606e+06
3.660695147596898513e-05	1.618304920729556587e+06	3.945712946728779003e+06
3.780746663599348950e-05	1.591467067818523850e+06	3.880338273802738637e+06
3.904735236885563870e-05	1.563749074715993833e+06	3.812819656003799289e+06
4.032789982193704951e-05	1.538425549492951017e+06	3.751132926762987860e+06
4.165044248545185317e-05	1.517307395425328286e+06	3.699688828137635253e+06
4.301635758106790800e-05	1.495496677156436024e+06	3.646557634089055471e+06
4.442706749606882658e-05	1.472970682228954043e+06	3.591684016775115393e+06
4.588404126454761567e-05	1.449705953336618142e+06	3.535010833891941234e+06
4.738879609717651733e-05	1.425678263897092082e+06	3.476479069169123191e+06
4.894289896114532395e-05	1.400862592823763378e+06	3.416027770913473330e+06
5.054796821191235987e-05	1.377200363836723380e+06	3.358384849771734327e+06
5.220567527846975100e-05	1.358327769121377263e+06	3.312405468094465788e+06
5.391774640387505993e-05	1.338836252721725963e+06	3.264918204921291675e+06
5.568596444286408510e-05	1.318705517267055809e+06	3.215873609682791866e+06
5.751217071841613668e-05	1.297914599739816971e+06	3.165220610091368668e+06
5.939826693920350535e-05	1.276441849645924522e+06	3.112906458957457449e+06
6.134621717992506365e-05	1.254264906469139038e+06	3.058876679261538666e+06
6.335804992658254750e-05	1.232220924797879066e+06	3.005169991040245164e+06
6.543586018883229940e-05	1.215379613736124244e+06	2.964132755240940489e+06
6.758181168161109969e-05	1.197985996392934583e+06	2.921749714294901118e+06
6.979813907830652742e-05	1.180021960031875176e+06	2.877976732883128338e+06
7.208715033782136410e-05	1.161468797914171359e+06	2.832768228280660696e+06
7.445122910795143767e-05	1.142307189818568295e+06	2.786077122889298014e+06
7.689283720758306707e-05	1.122517181922335643e+06	2.737854795213629492e+06
7.941451719029339520e-05	1.102078166022470687e+06	2.688051029229326639e+06
8.201889499202211654e-05	1.087024069305780111e+06	2.651362115237317514e+06
8.470868266557401581e-05	1.071520546918351436e+06	2.613577821275702678e+06
8.748668120479914808e-05	1.055508590670426609e+06	2.574554401522868313e+06
9.035578346138921401e-05	1.038971526609854074e+06	2.534251219180681277e+06
9.331897715733240167e-05	1.021892133966687485e+06	2.492626304778099060e+06
9.637934799615796556e-05	1.004252627220449736e+06	2.449636312466534786e+06
9.954008287621519404e-05	9.860346375792877516e+05	2.405236474881917238e+06
1.028044732093309733e-04	9.718994327408934478e+05	2.370781833627822809e+06
1.061759183482999177e-04	9.580933703155553667e+05	2.337128321789054666e+06
1.096579291267809898e-04	9.438345417741211131e+05	2.302371152051400859e+06
1.132541315152812739e-04	9.291080987731922651e+05	2.266474130249938928e+06
1.169682703970384685e-04	9.138987060219290433e+05	2.229399875241811853e+06
1.208042134677328878e-04	8.981905253127372125e+05	2.191109779979595914e+06
1.247659552630868559e-04	8.819671990282540210e+05	2.151563971308107022e+06
1.288576213185518274e-04	8.687337238868460990e+05	2.119302511188304983e+06
1.330834724654076035e-04	8.564482911554360762e+05	2.089350424045324558e+06
1.374479092677536609e-04	8.437599609510920709e+05	2.058416066234078724e+06
1.419554766050101292e-04	8.306555203591965837e+05	2.026467224451326067e+06
1.466108684046983103e-04	8.171213231511428021e+05	1.993470628967188997e+06
1.514189325304352018e-04	8.031432755739120767e+05	1.959391918979909737e+06
1.563846758302247630e-04	7.887068216736355098e+05	1.924195606834453763e+06
1.615132693503089671e-04	7.763505422921043355e+05	1.894068345862652408e+06
1.668100537200059119e-04	7.654246211607848527e+05	1.867426481497993227e+06
1.722805447131392292e-04	7.541403873749966733e+05	1.839910904333675513e+06
1.779304389918577296e-04	7.424860901672920445e+05	1.811492961192657007e+06
1.837656200388172322e-04	7.304495934069569921e+05	1.782143059224641183e+06
1.897921642839099502e-04	7.180183629621242872e+05	1.751830635089738062e+06
1.960163474319185771e-04	7.051794536474295892e+05	1.720524123131515691e+06
2.024446509976801894e-04	6.936700998321361840e+05	1.692458112066015368e+06
2.090837690555749911e-04	6.839577370469955495e+05	1.668771988764654379e+06
2.159406152103567479e-04	6.739268599280166673e+05	1.644309085399425821e+06
2.230223297965936195e-04	6.635670228830095148e+05	1.619043927676377119e+06
2.303362873142131230e-04	6.528674377593866084e+05	1.592950205878909212e+06
2.378901041078890991e-04	6.418169626099911984e+05	1.566000747470327420e+06
2.456916462982790305e-04	6.304040900904936716e+05	1.538167488797873491e+06
2.537490379733572054e-04	6.197071297551053576e+05	1.512079349958928768e+06
2.620706696483850184e-04	6.110766981517530512e+05	1.491029137816290604e+06
2.706652070033241614e-04	6.021632338576234179e+05	1.469288589609595947e+06
2.795415999067858812e-04	5.929574548914986663e+05	1.446835065952691948e+06
2.887090917359234942e-04	5.834497748720753007e+05	1.423645185006825021e+06
2.981772290019673471e-04	5.736302930352431722e+05	1.399694798132104566e+06
3.079558712914223133e-04	5.634887839239897439e+05	1.374958964740474476e+06
3.180552015332919840e-04	5.535667079894746421e+05	1.350757986790824216e+06
3.284857366030047169e-04	5.458999118325256277e+05	1.332056109291666420e+06
3.392583382740992125e-04	5.379816851509327535e+05	1.312740908733544173e+06
3.503842245290676185e-04	5.298037823480430525e+05	1.292792271351156058e+06
3.618749812411276696e-04	5.213576874150738586e+05	1.272189423753665527e+06
3.737425742391064479e-04	5.126346050630153040e+05	1.250910911292446777e+06
3.859993617679771628e-04	5.036254515637141303e+05	1.228934575719428714e+06
3.986581073580439268e-04	4.944388615557092126e+05	1.206525348176622996e+06
4.117319931161679482e-04	4.876296747405924834e+05	1.189913923016533256e+06
4.252346334528677710e-04	4.805971824692883529e+05	1.172757730621527415e+06
4.391800892596086085e-04	4.733340614992242190e+05	1.155038905496176565e+06
4.535828825510190908e-04	4.658327484240519698e+05	1.136738996250920929e+06
4.684580115873045679e-04	4.580854317975397571e+05	1.117838946387827164e+06
4.838209664925957392e-04	4.500840439991693711e+05	1.098319074456217233e+06
4.996877453854878855e-04	4.418202528329723864e+05	1.078159053557519102e+06
5.160748710385908026e-04	4.355461490319343284e+05	1.062851942853647517e+06
5.329994080844092930e-04	4.293014531821123092e+05	1.047616430553391459e+06
5.504789807854968417e-04	4.228519642059803591e+05	1.031881273711601505e+06
5.685317913873753860e-04	4.161909659678615863e+05	1.015630086619481444e+06
5.871766390733249843e-04	4.093115220782114775e+05	9.988459462033115560e+05
6.064329395408061141e-04	4.022064686704484629e+05	9.815113744017023128e+05
6.263207452198691922e-04	3.948684069409078802e+05	9.636083199649293674e+05
6.468607661546321112e-04	3.890011434983001091e+05	9.492929832093236037e+05
6.680743915695614441e-04	3.834567961947789299e+05	9.357652594932670472e+05
6.899837121430011690e-04	3.777306235077736201e+05	9.217938977044695057e+05
7.126115430111745839e-04	3.718166625225759344e+05	9.073643488512648037e+05
7.359814475265771296e-04	3.657087547722895979e+05	8.924615868117079372e+05
7.601177617955324041e-04	3.594005398247472476e+05	8.770700926862127380e+05
7.850456200204509452e-04	3.528854486591127934e+05	8.611738386370388325e+05
8.107909806731678154e-04	3.474119677695957362e+05	8.478186153663989389e+05
8.373806535266489033e-04	3.424899892139785225e+05	8.358087590533433249e+05
8.648423275731726865e-04	3.374065956911189714e+05	8.234050427221156424e+05
8.932045998580959026e-04	3.321564936404390610e+05	8.105945498390076682e+05
9.224970052592174194e-04	3.267342159004596760e+05	7.973639402760475641e+05
9.527500472427299482e-04	3.211341160156074911e+05	7.836994364193459041e+05
9.839952296278227113e-04	3.153503623563126312e+05	7.695868088218590710e+05
1.016265089392995313e-03	3.102555069147148170e+05	7.571548887497826945e+05
1.049593230558226731e-03	3.058864320219572401e+05	7.464936592200426385e+05
1.084014359178331072e-03	3.013740744893574738e+05	7.354827975259473315e+05
1.119564319483879432e-03	2.967137354011537391e+05	7.241108375743976794e+05
1.156280131207375458e-03	2.919005617419011542e+05	7.123659372448446229e+05
1.194200028133532475e-03	2.869295413428137545e+05	7.002358660575683462e+05
1.233363497913774571e-03	2.817954976623749826e+05	6.877079924375483533e+05
1.273811323186478358e-03	2.770626261472394108e+05	6.761589153820473002e+05
1.315585624045705277e-03	2.731846252484444412e+05	6.666956283685594099e+05
1.358729901902709343e-03	2.691794463497922989e+05	6.569219953943928704e+05
1.403289084785873256e-03	2.650429186828712118e+05	6.468278387469636509e+05
1.449309574126215073e-03	2.607707347000384179e+05	6.364026469383346848e+05
1.496839293077255632e-03	2.563584455887798395e+05	6.256355637591374107e+05
1.545927736419478674e-03	2.518014566389686661e+05	6.145153769735293463e+05
1.596626022101425152e-03	2.474129539141553396e+05	6.038062803018362029e+05
1.648986944471064796e-03	2.439710282128182880e+05	5.954068655593740987e+05
1.703065029252842687e-03	2.404162254808212165e+05	5.867319942621574737e+05
1.758916590327732569e-03	2.367448439462032984e+05	5.777726328863166273e+05
1.816599788375328683e-03	2.329530604383853497e+05	5.685194516559900949e+05
1.876174691439119486e-03	2.290369264069341298e+05	5.589628148278181907e+05
1.937703337477988952e-03	2.249923638097624935e+05	5.490927706568188732e+05
2.001249798969035112e-03	2.209300605240467703e+05	5.391794160767245339e+05
2.066880249629082268e-03	2.178753128748279996e+05	5.317246508518510964e+05
2.134663033324245458e-03	2.147203855953730526e+05	5.240254085999093368e+05
2.204668735239407457e-03	2.114619933215648052e+05	5.160736717623365112e+05
2.276970255381679901e-03	2.080967429466500471e+05	5.078611598468849552e+05
2.351642884494346396e-03	2.046211300878499751e+05	4.993793208047855296e+05
2.428764382460450386e-03	2.010315354370913119e+05	4.906193221251201467e+05
2.508415059277541159e-03	1.973242209920632595e+05	4.815720416371448082e+05
2.590677858688006548e-03	1.945660233139422198e+05	4.748408389290772611e+05
2.675638444552045497e-03	1.917660907665843552e+05	4.680077765090196626e+05
2.763385290053172599e-03	1.888743351819447416e+05	4.609506256387107424e+05
2.854009769829237483e-03	1.858877452481318905e+05	4.536620373974989052e+05
2.947606255124858923e-03	1.828032108980876801e+05	4.461344218588484218e+05
3.044272212064299925e-03	1.796175200709391211e+05	4.383599401866194676e+05
3.144108303147265162e-03	1.763273553671373811e+05	4.303304964721404831e+05
3.247218492073131874e-03	1.737466147843725339e+05	4.240322737050065189e+05
3.353710152002929105e-03	1.712618036073644762e+05	4.179681392125390121e+05
3.463694177371734288e-03	1.686955037139370688e+05	4.117051330550702405e+05
3.577285099367869762e-03	1.660450427034812164e+05	4.052367332896608859e+05
3.694601205199302477e-03	1.633076605347256991e+05	3.985562040879999404e+05
3.815764661271252300e-03	1.604805066515861254e+05	3.916565887220937293e+05
3.940901640403448279e-03	1.575606370147555135e+05	3.845307023199192481e+05
4.070142453219439092e-03	1.551518654634286067e+05	3.786520881916271755e+05
4.203621683844710293e-03	1.529467599962043460e+05	3.732704909002735512e+05
4.341478330055092809e-03	1.506693386863292835e+05	3.677124055684538907e+05
4.483855948021190328e-03	1.483172299551303731e+05	3.619720443181945011e+05
4.630902801799736956e-03	1.458879844486477377e+05	3.560434294596153195e+05
4.782772017727485517e-03	1.433790724870145204e+05	3.499203872660979396e+05
4.939621743878315659e-03	1.407878814301914535e+05	3.435965415453161113e+05
5.101615314749833284e-03	1.385446320421085984e+05	3.381218212318609003e+05
5.268921421350676766e-03	1.365877820882088854e+05	3.333460358200549963e+05
5.441714286865887221e-03	1.345667577646655554e+05	3.284136298059668625e+05
5.620173848083187887e-03	1.324794544902297785e+05	3.233194668589309440e+05
5.804485942768972118e-03	1.303236986644755234e+05	3.180582422036958742e+05
5.994842503189409637e-03	1.280972454043327598e+05	3.126244770963265910e+05
6.191441755977847815e-03	1.257977762063935515e+05	3.070125131189507083e+05
6.394488428556937588e-03	1.237129217339665047e+05	3.019243079864158062e+05
6.604193962330305243e-03	1.219764029725285800e+05	2.976862053897054284e+05
6.820776732865678482e-03	1.201829355438371422e+05	2.933091153544910485e+05
7.044462277299037498e-03	1.183306518316162983e+05	2.887884798249864834e+05
7.275483529196232965e-03	1.164176229716153321e+05	2.841195912651885301e+05
7.514081061116961897e-03	1.144418568429975421e+05	2.792975877567128045e+05
7.760503335133571261e-03	1.124012959938570712e+05	2.743174479358640965e+05
8.015006961565396618e-03	1.104672579205694346e+05	2.695972749685371527e+05
8.277856966198472027e-03	1.089262795953839668e+05	2.658363671227269224e+05
8.549327066268385539e-03	1.073347652991311334e+05	2.619521213123415073e+05
8.829699955494081307e-03	1.056910577181876142e+05	2.579404927018974558e+05
9.119267598459298088e-03	1.039934451877737883e+05	2.537973038066152076e+05
9.418331534647961592e-03	1.022401599095227866e+05	2.495182401422226103e+05
9.727203192450536648e-03	1.004293761105942103e+05	2.450988457320923917e+05
1.004620421346811079e-02	9.863831191024427244e+04	2.407275747905780154e+05
1.037566678745184892e-02	9.727086757346396917e+04	2.373901640825115901e+05
1.071593399822671176e-02	9.585857826624487643e+04	2.339433038849706645e+05
1.106736018095974550e-02	9.439997330980353581e+04	2.303834048312892846e+05
1.143031129114480994e-02	9.289353379484004108e+04	2.267067598424839089e+05
1.180516528568803167e-02	9.133769099983140768e+04	2.229095402669099276e+05
1.219231251649109671e-02	8.973082475745222473e+04	2.189877918933171604e+05
1.259215613694151040e-02	8.807477932276167849e+04	2.149460156740380917e+05
1.300511252173409960e-02	8.686133532545105845e+04	2.119844366949934338e+05
1.343161170046018073e-02	8.560809675754996715e+04	2.089257335272741620e+05
1.387209780541618330e-02	8.431375856678423588e+04	2.057667210091502639e+05
1.432702953409829491e-02	8.297697290203970624e+04	2.025041095223655284e+05
1.479688062686396362e-02	8.159634770978680172e+04	1.991345015665159735e+05
1.528214036025870790e-02	8.017044528447340417e+04	1.956543882210823358e+05
1.578331405652119712e-02	7.869778077137925720e+04	1.920601454914376372e+05
1.630092360979738114e-02	7.756469099574428401e+04	1.892946631014547602e+05
1.683550802961200632e-02	7.645259752069743990e+04	1.865804216202536481e+05
1.738762400216250711e-02	7.530403323826759879e+04	1.837771673173132585e+05
1.795784647002096959e-02	7.411780209810378437e+04	1.808819810410072678e+05
1.854676923084701279e-02	7.289266882570440066e+04	1.778918479069143941e+05
1.915500555573523833e-02	7.162735763607185800e+04	1.748036541582873615e+05
1.978318882784162180e-02	7.032055090518109500e+04	1.716141839235599327e+05
2.043197320195270367e-02	6.926210900742225931e+04	1.690308733869097487e+05
2.110203428568596662e-02	6.827526856595533900e+04	1.666223119394803362e+05
2.179406984302958289e-02	6.725606495676373015e+04	1.641347623650721798e+05
2.250880052095457357e-02	6.620343683843799226e+04	1.615656342692364997e+05
2.324697059985645492e-02	6.511628806316127884e+04	1.589122523062321416e+05
2.400934876860652198e-02	6.399348653524334804e+04	1.561718533930724370e+05
2.479672892502160150e-02	6.283386303221915296e+04	1.533415838322047202e+05
2.560993100258462246e-02	6.184742366000061884e+04	1.509339900986575813e+05
2.644980182427714502e-02	6.097173240822071239e+04	1.487966891237371310e+05
2.731721598441373688e-02	6.006732309659478051e+04	1.465892959363137488e+05
2.821307675939470697e-02	5.913325392404909508e+04	1.443095118810691347e+05
2.913831704832788722e-02	5.816855220339599327e+04	1.419549629188996332e+05
3.009390034449724305e-02	5.717221334843233490e+04	1.395231971547257563e+05
3.108082173869057552e-02	5.614319982781983708e+04	1.370116822842264082e+05
3.210010895543168735e-02	5.522578885541825730e+04	1.347725476646755124e+05
3.315282342319423453e-02	5.444873010337087908e+04	1.328759609682968003e+05
3.424006137971426222e-02	5.364618791786483052e+04	1.309171762196492491e+05
3.536295501355046084e-02	5.281732657653146453e+04	1.288941536502829113e+05
3.652267364308168368e-02	5.196128294971118885e+04	1.268047865980884671e+05
3.772042493416994519e-02	5.107716560163830582e+04	1.246468993135367346e+05
3.895745615775501186e-02	5.016405386215048929e+04	1.224182446939768415e+05
4.023505548869293208e-02	4.931247344874189730e+04	1.203397652615167171e+05
4.155455334718879262e-02	4.862293938368545059e+04	1.186567840422846639e+05
4.291732378422148664e-02	4.791079223381657357e+04	1.169186099051434867e+05
4.432478591240391480e-02	4.717529040908081515e+04	1.151234328131460934e+05
4.577840538376615892e-02	4.641566799917694880e+04	1.132693833696695947e+05
4.727969591600390820e-02	4.563113397598065058e+04	1.113545308717298030e+05
4.883022086877885498e-02	4.482087136981233198e+04	1.093768812994557229e+05
5.043159487171348238e-02	4.403178596132283565e+04	1.074509165501270472e+05
5.208548550577655339e-02	4.341991925603985874e+04	1.059574838012476102e+05
5.379361503980698012e-02	4.278798654618699220e+04	1.044150743257296708e+05
5.555776222398878250e-02	4.213532977252368437e+04	1.028220819449528790e+05
5.737976414214139564e-02	4.146126929493300122e+04	1.011768478060995840e+05
5.926151812475564939e-02	4.076510318468256446e+04	9.947765865471868892e+04
6.120498372476690374e-02	4.004610649347550498e+04	9.772274505063887045e+04
6.321218475812448445e-02	3.931611246719134942e+04	9.594098830874497071e+04
6.528521141127847927e-02	3.877316565344751871e+04	9.461575525843963260e+04
6.742622241778348235e-02	3.821241304450071766e+04	9.324706154551940563e+04
6.963744730628236568e-02	3.763327070407064457e+04	9.183348188920480607e+04
7.192118872221178738e-02	3.703513554584332451e+04	9.037354426701545890e+04
7.427982482564911282e-02	3.641738470545057498e+04	8.886572838188783498e+04
7.671581176779301847e-02	3.577937489185442973e+04	8.730846407902432838e+04
7.923168624866261389e-02	3.512044171745974018e+04	8.570012971082144941e+04
8.183006815867406580e-02	3.462326704921327473e+04	8.448660018421061977e+04
8.451366330684703665e-02	3.412567744847708673e+04	8.327205575258146564e+04
8.728526623848370525e-02	3.361176953017902997e+04	8.201768066191324033e+04
9.014776314524917955e-02	3.308100813946936250e+04	8.072216867642072611e+04
9.310413487069084393e-02	3.253284057123843741e+04	7.938417072266621108e+04
9.615746001432116941e-02	3.196669599456071228e+04	7.800229348471018602e+04
9.931091813749780284e-02	3.138198485826355682e+04	7.657509795319069235e+04
1.025677930744420957e-01	3.091714928688263899e+04	7.544048560163012007e+04
1.059314763518370006e-01	3.047560842582334226e+04	7.436272738625016063e+04
1.094054707205743548e-01	3.001958735059433820e+04	7.324962437912335736e+04
1.129933938033223922e-01	2.954861118645380702e+04	7.210001745727965317e+04
1.166989818617144986e-01	2.906218948527013345e+04	7.091270948462207161e+04
1.205260936870841404e-01	2.855981571479651393e+04	6.968646406529577507e+04
1.244787146187906202e-01	2.804096673119710249e+04	6.842000425617584551e+04
1.285609606943296512e-01	2.760740103461814215e+04	6.736169896595807222e+04
1.327770829355431892e-01	2.721559584287774123e+04	6.640531906752461509e+04
1.371314717753943091e-01	2.681094150490981337e+04	6.541757494670949382e+04
1.416286616299197443e-01	2.639301663640833431e+04	6.439743802224758110e+04
1.462733356201129931e-01	2.596138603388208503e+04	6.334384598082731827e+04
1.510703304486655796e-01	2.551560022145797120e+04	6.225570167085673893e+04
1.560246414366371071e-01	2.505519498282213681e+04	6.113187195995154616e+04
1.611414277253016558e-01	2.465167049425865480e+04	6.014687437211228826e+04
1.664260176485901910e-01	2.430399889114627513e+04	5.929820001751269592e+04
1.718839142817145671e-01	2.394492549101398617e+04	5.842169361496752390e+04
1.775208011717636092e-01	2.357407637498513941e+04	5.751644241992563184e+04
1.833425482562292541e-01	2.319106536161374243e+04	5.658150375462303782e+04
1.893552179756291254e-01	2.279549360473687557e+04	5.561590402643130074e+04
1.955650715865947520e-01	2.238694917813846769e+04	5.461863771401237318e+04
2.019785756819878764e-01	2.201212618923232367e+04	5.370367742261164676e+04
2.086024089248504632e-01	2.170361701578714201e+04	5.295057573759110528e+04
2.154434690031886424e-01	2.138499036670428541e+04	5.217277628470259515e+04
2.225088798128364853e-01	2.105591444208256507e+04	5.136946910726999340e+04
2.298059988758848760e-01	2.071604656073185106e+04	5.053981768630482111e+04
2.373424250023866422e-01	2.036503280332437498e+04	4.968295806940291368e+04
2.451260062033339959e-01	2.000250764384286231e+04	4.879799797107254562e+04
2.531648478631358112e-01	1.965497502069745315e+04	4.794963019634600641e+04
2.614673211801087360e-01	1.938121705546913290e+04	4.728133466500993381e+04
2.700420718837769907e-01	1.909848127116043906e+04	4.659112256088098366e+04
2.788980292380439652e-01	1.880647324260143796e+04	4.587827513582989923e+04
2.880444153396297668e-01	1.850488888902766848e+04	4.514205007057515468e+04
2.974907547214443726e-01	1.819341415742749086e+04	4.438168070167335827e+04
3.072468842708997450e-01	1.787172469550500682e+04	4.359637522315915703e+04
3.173229634734973104e-01	1.755003215170568001e+04	4.281105945513674669e+04
3.277294849923382269e-01	1.730711099535253015e+04	4.221801618681116088e+04
3.384772855945983316e-01	1.705622330479934317e+04	4.160552422348449181e+04
3.495775574363279015e-01	1.679710781969269374e+04	4.097294575041801727e+04
3.610418597173329913e-01	1.652949471171595724e+04	4.031962203590970603e+04
3.728821307182829670e-01	1.625310530360509438e+04	3.964487274532773154e+04
3.851107002325568907e-01	1.596765177894999761e+04	3.894799523264860181e+04
3.977403024058037140e-01	1.567283688247851569e+04	3.822826380876082112e+04
4.107840889965651554e-01	1.545477793670984829e+04	3.769588971650699386e+04
4.242556430717768223e-01	1.523215093988594708e+04	3.715236195639939251e+04
4.381689931514186065e-01	1.500222295038325501e+04	3.659100934910847718e+04
4.525386278170167031e-01	1.476475453410416230e+04	3.601124733354946511e+04
4.673795107992463338e-01	1.451949840477397629e+04	3.541247217811339942e+04
4.827070965603187935e-01	1.426619916643092620e+04	3.479406035197506571e+04
4.985373463873883915e-01	1.400459304747117494e+04	3.415536787578310759e+04
5.148867450137487589e-01	1.380052687254641023e+04	3.365713060410099570e+04
5.317723177850967042e-01	1.360297723055574897e+04	3.317479729842225061e+04
5.492116483887790057e-01	1.339894900101531675e+04	3.267664600128818711e+04
5.672228971644548423e-01	1.318822972038320950e+04	3.216215796590953687e+04
5.858248200152549323e-01	1.297059995743261425e+04	3.163079743333512670e+04
6.050367879391213011e-01	1.274583308474850128e+04	3.108201107454270095e+04
6.248788072006887795e-01	1.251369504273042185e+04	3.051522741423283878e+04
6.453715401646701322e-01	1.232319495937911233e+04	3.005008452544183092e+04
6.665363268124920859e-01	1.214789793072042630e+04	2.962205097723567451e+04
6.883952069645510319e-01	1.196685208300068916e+04	2.917998018356377725e+04
7.109709432312424360e-01	1.177986888523996822e+04	2.872341179672426370e+04
7.342870447166758296e-01	1.158675362363531167e+04	2.825187037203563159e+04
7.583677914997191127e-01	1.138730519879687199e+04	2.776486487273565217e+04
7.832382599179205096e-01	1.118131591633419885e+04	2.726188815864307253e+04
8.089243486805955952e-01	1.100387827395360182e+04	2.682860933273107730e+04
8.354528058382855171e-01	1.084832725290280723e+04	2.644875736802184474e+04
8.628512566366886016e-01	1.068767497781691054e+04	2.605644825996103464e+04
8.911482322840202919e-01	1.052175415443740167e+04	2.565127347987200847e+04
9.203731996618230715e-01	1.035039200213539334e+04	2.523281110148963853e+04
9.505565920101212152e-01	1.017341007398758120e+04	2.480062536159005685e+04
9.817298406188821325e-01	9.990624070951689646e+03	2.435426620621133043e+04
1.013925407558814440e+00	9.825690550719944440e+03	2.395148760786031198e+04
1.047176819485520438e+00	9.687661310508399765e+03	2.361438810845958869e+04
1.081518702552289213e+00	9.545105438367141687e+03	2.326623352134601009e+04
1.116986818467825104e+00	9.397874484615538677e+03	2.290666129788168109e+04
1.153618101736475943e+00	9.245815131205497892e+03	2.253529699974339019e+04
1.191450698119774998e+00	9.088769032064587009e+03	2.215175390900333514e+04
1.230524004359261570e+00	8.926572648203433346e+03	2.175563262542309531e+04
1.270878709202059476e+00	8.773548533243398197e+03	2.138190148028437397e+04
1.312556835771845343e+00	8.651067370033521001e+03	2.108273677928127654e+04
1.355601785329366038e+00	8.524569469911069973e+03	2.077376105210921014e+04
1.400058382468096108e+00	8.393923105065776326e+03	2.045465254879502754e+04
1.445972921792019639e+00	8.258992227709193685e+03	2.012507896766160411e+04
1.493393216124253353e+00	8.119636328402116305e+03	1.978469710928733548e+04
1.542368646296630619e+00	7.975710289735935476e+03	1.943315251911761152e+04
1.592950212572119773e+00	7.833979342372908832e+03	1.908696346896834075e+04
1.645190587753660783e+00	7.725294868610803860e+03	1.882145845443501821e+04
1.699144172034625866e+00	7.613046116667917886e+03	1.854724627412693735e+04
1.754867149648152269e+00	7.497116196996827966e+03	1.826404137887674005e+04
1.812417547374239657e+00	7.377384386688740960e+03	1.797154885500867749e+04
1.871855294965575345e+00	7.253726003759443302e+03	1.766946411723210258e+04
1.933242287555043237e+00	7.126012277312432161e+03	1.735747259146329816e+04
1.996642450109793465e+00	6.994948799561981104e+03	1.703729709479586018e+04
2.062121803999144465e+00	6.898506914450267686e+03	1.680165808397745059e+04
2.129748535745523252e+00	6.798902243570556493e+03	1.655829135496960589e+04
2.199593068030070597e+00	6.696031064211482771e+03	1.630694347932599158e+04
2.271728133026902796e+00	6.589786252103129300e+03	1.604735271748221203e+04
2.346228848142262624e+00	6.480057169863902345e+03	1.577924874619512957e+04
2.423172794237601124e+00	6.366729551788926983e+03	1.550235237704328028e+04
2.502640096417921622e+00	6.249685384860169506e+03	1.521637526569576585e+04
2.584713507469558191e+00	6.160129694175487202e+03	1.499752275422766979e+04
2.669478494034318139e+00	6.071744838548605003e+03	1.478152462772540093e+04
2.757023325609582631e+00	5.980461425275745569e+03	1.455844290056949467e+04
2.847439166467247595e+00	5.886184396935955192e+03	1.432804526797549443e+04
2.940820170587066684e+00	5.788815578725645537e+03	1.409009180678580924e+04
3.037263579703306071e+00	5.688253576224875360e+03	1.384433472562725365e+04
3.136869824566873799e+00	5.584393669810848223e+03	1.359051810687488978e+04
3.239742629528195472e+00	5.500717822377677294e+03	1.338599336896622663e+04
3.345989120549975215e+00	5.422288945248407799e+03	1.319427849148138012e+04
3.455719936762142730e+00	5.341288014118980755e+03	1.299627637598454385e+04
3.569049345675222806e+00	5.257630679167988092e+03	1.279178083419062568e+04
3.686095362172154388e+00	5.171229824344213739e+03	1.258057891592493070e+04
3.806979871402284221e+00	5.081995476648924523e+03	1.236245068736894427e+04
3.931828755705770284e+00	4.989834712443006538e+03	1.213716900203350997e+04
4.060772025700369880e+00	4.911834000695421310e+03	1.194647075364700868e+04
4.193943955667178258e+00	4.842239626983000562e+03	1.177630118996911551e+04
4.331483223376394243e+00	4.770362924441604264e+03	1.160055096106961901e+04
4.473533054498463279e+00	4.696129044709144182e+03	1.141903705052867190e+04
4.620241371751312442e+00	4.619460684791555650e+03	1.123157043995197273e+04
4.771760948938751135e+00	4.540278006563802592e+03	1.103795591213765329e+04
4.928249570040502903e+00	4.458498553630957758e+03	1.083799184778807830e+04
5.089870193519674402e+00	4.385941564461335474e+03	1.066055350523661400e+04
5.256791122018420026e+00	4.324186544356191007e+03	1.050949957180516685e+04
5.429186177618942288e+00	4.260406284922049053e+03	1.035349186512153028e+04
5.607234882852038638e+00	4.194534368978042949e+03	1.019236792751991379e+04
5.791122647641747001e+00	4.126502201209674240e+03	1.002595997357894885e+04
5.981040962380932413e+00	4.056238936737468066e+03	9.854094715399285633e+03
6.177187597338488878e+00	3.983671407343144438e+03	9.676593182151438668e+03
6.379766808606282424e+00	3.916308441111223146e+03	9.511803402102681503e+03
6.588989550799956518e+00	3.861509724716826440e+03	9.377708962564187459e+03
6.805073696735220778e+00	3.804913899108772512e+03	9.239216931829207169e+03
7.028244264308338707e+00	3.746462028572178042e+03	9.096183092073379157e+03
7.258733650817245753e+00	3.686093244611166938e+03	8.948458495887403842e+03
7.496781874966876202e+00	3.623744682563882634e+03	8.795889311171673398e+03
7.742636826811278183e+00	3.559351416138723835e+03	8.638316660944095929e+03
7.996554525892363152e+00	3.496921368696575882e+03	8.485536135128528258e+03
8.258799387844256046e+00	3.448295373444005691e+03	8.366487773142596780e+03
8.529644499741017682e+00	3.398074701712829210e+03	8.243535252039931947e+03
8.809371904473991322e+00	3.346207056515439035e+03	8.116550535968944132e+03
9.098272894455567084e+00	3.292638425798533262e+03	7.985401390176605673e+03
9.396648314954710202e+00	3.237313026198000443e+03	7.849951243306606557e+03
9.704808877380287413e+00	3.180173244949267428e+03	7.710059045181640613e+03
1.002307548283864236e+01	3.122409193484110801e+03	7.568634127451693530e+03
1.035177955630176250e+01	3.079260602069562083e+03	7.462933785915701264e+03
1.069126339173477191e+01	3.034696964166892940e+03	7.353767030015294949e+03
1.104188050854162562e+01	2.988671873705872713e+03	7.241020179620672025e+03
1.140399601970030830e+01	2.941137402741643655e+03	7.124575826492667147e+03
1.177798701197118092e+01	2.892044051545227376e+03	7.004312712020338950e+03
1.216424293857368077e+01	2.841340697057321904e+03	6.880105600949151267e+03
1.256316602474121602e+01	2.788974539651593659e+03	6.751825150967957597e+03
1.297517168657589615e+01	2.749686205092264117e+03	6.655519951730917455e+03
1.340068896363947992e+01	2.710142374316823407e+03	6.558582581863834093e+03
1.384016096573130383e+01	2.669301714212048864e+03	6.458466176939018624e+03
1.429404533431761060e+01	2.627121695607745096e+03	6.355066481354003372e+03
1.476281471909391030e+01	2.583558394600976499e+03	6.248275820471777479e+03
1.524695727017576097e+01	2.538566446816186726e+03	6.137982988494471101e+03
1.574697714643083479e+01	2.492099000165288999e+03	6.024073132659900693e+03
1.626339504048190676e+01	2.455356587658581248e+03	5.933947778228140123e+03
1.679674872092653359e+01	2.420267113907534622e+03	5.847858543399553128e+03
1.734759359233932585e+01	2.384026890271645243e+03	5.758946035193655007e+03
1.791650327363903017e+01	2.346598178216934230e+03	5.667117665116903481e+03
1.850407019542298315e+01	2.307942001584321588e+03	5.572277808260942038e+03
1.911090621689136171e+01	2.268018106002026343e+03	5.474327703724145067e+03
1.973764326300255334e+01	2.226784916966949368e+03	5.373165351767632274e+03
2.038493398252463962e+01	2.192506056138757231e+03	5.289016304987199874e+03
2.105345242766708225e+01	2.161369185532241318e+03	5.212549334709283357e+03
2.174389475600075627e+01	2.129211189601394381e+03	5.133574650640457548e+03
2.245697995539771696e+01	2.095998580814940397e+03	5.052010012979200837e+03
2.319345059274427712e+01	2.061696773427005155e+03	4.967770484891777414e+03
2.395407358720879643e+01	2.026270047461447348e+03	4.880768344063747463e+03
2.473964100886816908e+01	1.989681511515082775e+03	4.790912991350886841e+03
2.555097090352501965e+01	1.957770879356525484e+03	4.712504925641529553e+03
2.638890814457507972e+01	1.930141376226036073e+03	4.644572219197197228e+03
2.725432531281027693e+01	1.901605770947327983e+03	4.574411677856494862e+03
2.814812360507581346e+01	1.872134348143359830e+03	4.501950240371234941e+03
2.907123377272581166e+01	1.841696417929265408e+03	4.427112449469183957e+03
3.002461709085543262e+01	1.810260283953635735e+03	4.349820373277104409e+03
3.100926635931923414e+01	1.777793210391703269e+03	4.269993524166835414e+03
3.202620693657650008e+01	1.748146410417583184e+03	4.197068779990102485e+03
3.307649780744242918e+01	1.723629191690860807e+03	4.136704666310700304e+03
3.416123268585532458e+01	1.698307937348597079e+03	4.074360927705656650e+03
3.528154115380876732e+01	1.672156279258330187e+03	4.009972642906243891e+03
3.643858983763541204e+01	1.645146984551754258e+03	3.943472761568104943e+03
3.763358362286533065e+01	1.617251927265955601e+03	3.874792034448839786e+03
3.886776690892667574e+01	1.588442059054605807e+03	3.803858941295699424e+03
4.014242490499325555e+01	1.560948796195761133e+03	3.736145259864235413e+03
4.145888496832903058e+01	1.539193283012152506e+03	3.682492599236709793e+03
4.281851798652406416e+01	1.516724303605925797e+03	3.627080413987158863e+03
4.422273980505897129e+01	1.493518460043579125e+03	3.569851000977305830e+03
4.567301270168746896e+01	1.469551587062652288e+03	3.510744764709915671e+03
4.717084690917022272e+01	1.444798726907380342e+03	3.449700155269398238e+03
4.871780218794621931e+01	1.419234103339092144e+03	3.386653604227189589e+03
5.031548945038046838e+01	1.393780770068918173e+03	3.323870421383350731e+03
5.196557243827657402e+01	1.374475872735694793e+03	3.276168364075117552e+03
5.366976945540476152e+01	1.354537876469705679e+03	3.226901930585477658e+03
5.542985515684674169e+01	1.333946018961172285e+03	3.176019817616942419e+03
5.724766239702167070e+01	1.312678857005935924e+03	3.123469039394140964e+03
5.912508413831869092e+01	1.290714244175698013e+03	3.069194872487383236e+03
6.106407542232037144e+01	1.268029307755988839e+03	3.013140798826794708e+03
6.306665540567406225e+01	1.244600424927796666e+03	2.955248446847540890e+03
6.513490946272808912e+01	1.227370735574346099e+03	2.912577437067182018e+03
6.727099135712350630e+01	1.209678619912932845e+03	2.868759182102121486e+03
6.947712548460225435e+01	1.191406296061326657e+03	2.823503919212330857e+03
7.175560918936922405e+01	1.172534736247468345e+03	2.776764522108142501e+03
7.410881515641570161e+01	1.153044288688622373e+03	2.728492319005868467e+03
7.653919388230156073e+01	1.132914657127103510e+03	2.678637041943718032e+03
7.904927622696436629e+01	1.112124879694897345e+03	2.627146774435570023e+03
8.164167604921453858e+01	1.095996383478758844e+03	2.587112920277344529e+03
8.431909292866251349e+01	1.080297160652216235e+03	2.548123535416834329e+03
8.708431497690725109e+01	1.064083086021741337e+03	2.507855504132138776e+03
8.994022174092053490e+01	1.047337275160446325e+03	2.466266893556557989e+03
9.288978720164516290e+01	1.030042289921189422e+03	2.423314395646269531e+03
9.593608287093125853e+01	1.012180120277471133e+03	2.378953282081768975e+03
9.908228099003788714e+01	9.937321655687939028e+02	2.333137357690288354e+03
1.023316578330244937e+02	9.786721215931329425e+02	2.295656962929044766e+03
1.056875971184805252e+02	9.647412979097402967e+02	2.260946561253804703e+03
1.091535935331393290e+02	9.503536165982408193e+02	2.225097841260826044e+03
1.127332563710484834e+02	9.354940951351973126e+02	2.188073472106045301e+03
1.164303132920875612e+02	9.201472596493273386e+02	2.149834898690359751e+03
1.202486142037412122e+02	9.042971288078941825e+02	2.110342301510544075e+03
1.241921352701784684e+02	8.879271971746356940e+02	2.069554555193432861e+03
1.282649830528062580e+02	8.738966177232005066e+02	2.034528395929821500e+03
1.324713987866115019e+02	8.615349794572438213e+02	2.003608663338749921e+03
1.368157627967470660e+02	8.487679445782745233e+02	1.971674926406343957e+03
1.413025990599533657e+02	8.355822182130496003e+02	1.938693931132069793e+03
1.459365799155757486e+02	8.219640694865204296e+02	1.904631332959355632e+03
1.507225309310758803e+02	8.078993172232720781e+02	1.869451661011103852e+03
1.556654359271059036e+02	7.933733151800461201e+02	1.833118281152317422e+03
1.607704421673822139e+02	7.803287470241585879e+02	1.800435922021565830e+03
1.660428657187529780e+02	7.693595110097281804e+02	1.772873132461692876e+03
1.714881969870540956e+02	7.580305418408488549e+02	1.744406428607265525e+03
1.771121064345090304e+02	7.463300421651580336e+02	1.715006166831316250e+03
1.829204504846290149e+02	7.342458277392865966e+02	1.684641731352081024e+03
1.889192776207664224e+02	7.217653147408659606e+02	1.653281502351430618e+03
1.951148346846616732e+02	7.088755066644512226e+02	1.620892823047786351e+03
2.015135733815558865e+02	6.967704928788567713e+02	1.590436155367371384e+03
2.081221569986341819e+02	6.870367712014626704e+02	1.565844976530270060e+03
2.149474673437976264e+02	6.769838347310859490e+02	1.540447336575638474e+03
2.219966119119952452e+02	6.666012149041636121e+02	1.514216787827317376e+03
2.292769312865648885e+02	6.558780998434009462e+02	1.487126015264707576e+03
2.367960067833078881e+02	6.448033230988845617e+02	1.459146808078430468e+03
2.445616683452449251e+02	6.333653520199694640e+02	1.430250030293173950e+03
2.525820026962779821e+02	6.221516188927899975e+02	1.401896141463690583e+03
2.608653617622545084e+02	6.135141602731789590e+02	1.379934111314471693e+03
2.694203713681882277e+02	6.045934385136766878e+02	1.357251842274113642e+03
2.782559402207126027e+02	5.953801640755480094e+02	1.333825714301263133e+03
2.873812691851068735e+02	5.858647427721251688e+02	1.309631332741644428e+03
2.968058608665596125e+02	5.760372657779618066e+02	1.284643502924835957e+03
3.065395295056523537e+02	5.658874993103339648e+02	1.258836203927945462e+03
3.165924111983520675e+02	5.555159115691885745e+02	1.232459678099279245e+03
3.269749744511767631e+02	5.478510910864990819e+02	1.212822293718043966e+03
3.376980310825094875e+02	5.399349048708730834e+02	1.192540906580436740e+03
3.487727474814170705e+02	5.317591094504859939e+02	1.171594396788709673e+03
3.602106562357066082e+02	5.233151910110620975e+02	1.149960951823722780e+03
3.720236681413065867e+02	5.145943565300718774e+02	1.127618043830625766e+03
3.842240846055060501e+02	5.055875246201680397e+02	1.104542406159605207e+03
3.968246104569486192e+02	4.962853160723396968e+02	1.080710009137304496e+03
4.098383671757252955e+02	4.892068533577055973e+02	1.062433471799260815e+03
4.232789065573544462e+02	4.821817935085658746e+02	1.044273148616950948e+03
4.371602248248502747e+02	4.749263487049590822e+02	1.025517262504315568e+03
4.514967772036101792e+02	4.674329635340651521e+02	1.006146282134714284e+03
4.663034929742735812e+02	4.596938348053264463e+02	9.861400356568844927e+02
4.815957910192341274e+02	4.517009034246433998e+02	9.654776896891123670e+02
4.973895958790057534e+02	4.434458460020832149e+02	9.441377276245077610e+02
5.137013543351338285e+02	4.368295763486650003e+02	9.269070685730080186e+02
5.305480525369574707e+02	4.305948073518710544e+02	9.106186176990418062e+02
5.479472336900292930e+02	4.241555707772506025e+02	8.937959914452892463e+02
5.659170163246230914e+02	4.175051611654037060e+02	8.764216716733741350e+02
5.844761131633625837e+02	4.106366531531841702e+02	8.584775657422628683e+02
6.036438506075865007e+02	4.035428942620206385e+02	8.399449876676152371e+02
6.234401888627863855e+02	3.962164974497238177e+02	8.208046386632427129e+02
6.438857427240425295e+02	3.900460748380241398e+02	8.045739352099925554e+02
6.650018030431132274e+02	3.845117567207253728e+02	7.899351755862250002e+02
6.868103588995293194e+02	3.787959421244163423e+02	7.748163417649718667e+02
7.093341204987989386e+02	3.728926789207221759e+02	7.592016898416217145e+02
7.325965428215230304e+02	3.667958197828158404e+02	7.430749595944377006e+02
7.566218500481062392e+02	3.604990157839342828e+02	7.264193575520677086e+02
7.814350607844559136e+02	3.539957097859631858e+02	7.092175395057695368e+02
8.070620141149491928e+02	3.482522264612636036e+02	6.939346678321718400e+02
8.335293965098187527e+02	3.433379766465763510e+02	6.807472068773884075e+02
8.608647696149245121e+02	3.382625653266336485e+02	6.671272666759010690e+02
8.890965989529167928e+02	3.330207072530749883e+02	6.530606641867539111e+02
9.182542835656300895e+02	3.276069438492368704e+02	6.385327512399646821e+02
9.483681866285909337e+02	3.220156375258978869e+02	6.235283992827454540e+02
9.794696670695386729e+02	3.162409658106075767e+02	6.080319836254697066e+02
1.011591112223829782e+03	2.984427909563756884e+02	5.710413102455846683e+02
1.044765971560805156e+03	2.584127680314028908e+02	4.944477471476621986e+02
1.079028791516185947e+03	2.170699712358959061e+02	4.153423186812255494e+02
1.114415251466786003e+03	1.743713485027063257e+02	3.336426488949093141e+02
1.150962200885031052e+03	1.302724358836678960e+02	2.492636603400735851e+02
1.188707697711903165e+03	8.472731124737069308e+01	1.621174854759895254e+02
1.227691047988360424e+03	3.768854645841052076e+01	7.211337516947499182e+01
1.267952846786436567e+03	0.000000000000000000e+00	0.000000000000000000e+00
1.309535020482665232e+03	0.000000000000000000e+00	0.000000000000000000e+00
1.352480870417874030e+03	0.000000000000000000e+00	0.000000000000000000e+00
1.396835117988739739e+03	0.000000000000000000e+00	0.000000000000000000e+00
1.442643951218158691e+03	0.000000000000000000e+00	0.000000000000000000e+00
1.489955072852856802e+03	0.000000000000000000e+00	0.000000000000000000e+00
1.538817750038343092e+03	0.000000000000000000e+00	0.000000000000000000e+00
1.589282865622976715e+03	0.000000000000000000e+00	0.000000000000000000e+00
1.641402971144466619e+03	0.000000000000000000e+00	0.000000000000000000e+00
1.695232341554121376e+03	0.000000000000000000e+00	0.000000000000000000e+00
1.750827031735726905e+03	0.000000000000000000e+00	0.000000000000000000e+00
1.808244934877948026e+03	0.000000000000000000e+00	0.000000000000000000e+00
1.867545842761074027e+03	0.000000000000000000e+00	0.000000000000000000e+00
1.928791508020777655e+03	0.000000000000000000e+00	0.000000000000000000e+00
1.992045708453871384e+03	0.000000000000000000e+00	0.000000000000000000e+00
2.057374313432916097e+03	0.000000000000000000e+00	0.000000000000000000e+00
2.124845352498878583e+03	0.000000000000000000e+00	0.000000000000000000e+00
2.194529086203311635e+03	0.000000000000000000e+00	0.000000000000000000e+00
2.266498079273692838e+03	0.000000000000000000e+00	0.000000000000000000e+00
2.340827276178294142e+03	0.000000000000000000e+00	0.000000000000000000e+00
2.417594079169133238e+03	0.000000000000000000e+00	0.000000000000000000e+00
2.496878428884322147e+03	0.000000000000000000e+00	0.000000000000000000e+00
2.578762887593798041e+03	0.000000000000000000e+00	0.000000000000000000e+00
2.663332725174980624e+03	0.000000000000000000e+00	0.000000000000000000e+00
2.750676007908067731e+03	0.000000000000000000e+00	0.000000000000000000e+00
2.840883690183307408e+03	0.000000000000000000e+00	0.000000000000000000e+00
2.934049709215781604e+03	0.000000000000000000e+00	0.000000000000000000e+00
3.030271082866393044e+03	0.000000000000000000e+00	0.000000000000000000e+00
3.129648010670750864e+03	0.000000000000000000e+00	0.000000000000000000e+00
3.232283978181380917e+03	0.000000000000000000e+00	0.000000000000000000e+00
3.338285864731764832e+03	0.000000000000000000e+00	0.000000000000000000e+00
3.447764054734457204e+03	0.000000000000000000e+00	0.000000000000000000e+00
3.560832552629274687e+03	0.000000000000000000e+00	0.000000000000000000e+00
3.677609101601030943e+03	0.000000000000000000e+00	0.000000000000000000e+00
3.798215306190736101e+03	0.000000000000000000e+00	0.000000000000000000e+00
3.922776758927723677e+03	0.000000000000000000e+00	0.000000000000000000e+00
4.051423171114639445e+03	0.000000000000000000e+00	0.000000000000000000e+00
4.184288507901576850e+03	0.000000000000000000e+00	0.000000000000000000e+00
4.321511127789762213e+03	0.000000000000000000e+00	0.000000000000000000e+00
4.463233926710398009e+03	0.000000000000000000e+00	0.000000000000000000e+00
4.609604486828438894e+03	0.000000000000000000e+00	0.000000000000000000e+00
4.760775230226357962e+03	0.000000000000000000e+00	0.000000000000000000e+00
4.916903577628021594e+03	0.000000000000000000e+00	0.000000000000000000e+00
5.078152112327669784e+03	0.000000000000000000e+00	0.000000000000000000e+00
5.244688749495119737e+03	0.000000000000000000e+00	0.000000000000000000e+00
5.416686911033157230e+03	0.000000000000000000e+00	0.000000000000000000e+00
5.594325706169366640e+03	0.000000000000000000e+00	0.000000000000000000e+00
5.777790117970495885e+03	0.000000000000000000e+00	0.000000000000000000e+00
5.967271195973309659e+03	0.000000000000000000e+00	0.000000000000000000e+00
6.162966255132942024e+03	0.000000000000000000e+00	0.000000000000000000e+00
6.365079081295578362e+03	0.000000000000000000e+00	0.000000000000000000e+00
6.573820143409572665e+03	0.000000000000000000e+00	0.000000000000000000e+00
6.789406812696099223e+03	0.000000000000000000e+00	0.000000000000000000e+00
7.012063589007177143e+03	0.000000000000000000e+00	0.000000000000000000e+00
7.242022334607316225e+03	0.000000000000000000e+00	0.000000000000000000e+00
7.479522515621828461e+03	0.000000000000000000e+00	0.000000000000000000e+00
7.724811451403416868e+03	0.000000000000000000e+00	0.000000000000000000e+00
7.978144572076612349e+03	0.000000000000000000e+00	0.000000000000000000e+00
8.239785684528511410e+03	0.000000000000000000e+00	0.000000000000000000e+00
8.510007247122248373e+03	0.000000000000000000e+00	0.000000000000000000e+00
8.789090653419963928e+03	0.000000000000000000e+00	0.000000000000000000e+00
9.077326525210242835e+03	0.000000000000000000e+00	0.000000000000000000e+00
9.375015015145270809e+03	0.000000000000000000e+00	0.000000000000000000e+00
9.682466119303113373e+03	0.000000000000000000e+00	0.000000000000000000e+00
1.000000000000000000e+04	0.000000000000000000e+00	0.000000000000000000e+00
