# Frequency (Hz)	Imaginary Part (Ohm/m)
1000.0	19244486.148490544
1018.6101701559753	19205938.79342379
1037.566678745186	19166674.065520167
1056.875971184804	19126678.61434915
1076.5446128423157	19085938.841026362
1096.5792912678098	19044440.893589925
1116.9868184678226	19002170.662290577
1137.7741332214914	18959113.774794206
1158.9483034398106	18915255.591295145
1180.5165285688054	18870581.199538443
1202.4861420374123	18825075.409749523
1224.8646137509306	18778722.749469552
1247.6595526308697	18731507.458294593
1270.8787092020582	18687336.784030546
1294.529978227916	18646110.570220005
1318.6214013947485	18604117.129555564
1343.1611700460153	18561342.183814917
1368.1576279674719	18517771.189055633
1393.619274224142	18473389.33067001
1419.5547660501015	18428181.518347986
1445.9729217920194	18382132.380946282
1472.882723907502	18335226.261261992
1500.2933220192183	18287447.210709017
1528.2140360258693	18238778.983895365
1556.654359271062	18189205.03309952
1585.6239617711371	18138918.33393193
1615.132693503091	18095955.089984737
1645.1905877536624	18052192.29275724
1675.807864530767	18007615.06242683
1706.9949340384078	17962208.242254894
1738.7624002162504	17915956.39343331
1771.1210643450886	17868843.789835136
1804.0819287193826	17820854.41266751
1837.6562003881704	17771971.945025105
1871.8552949655793	17722179.766342234
1906.690840512252	17671460.946741644
1942.1746814890264	17619798.24127817
1978.3188827841643	17567174.084075306
2015.1357338155585	17518514.617511272
2052.6377527092523	17473243.155820984
2090.8376905557498	17427129.184525426
2129.748535745521	17380157.024377484
2169.3835183851843	17332310.704336602
2209.756114795903	17283573.956138417
2250.880052095462	17233930.208763424
2292.7693128656488	17183362.582802594
2335.438139906479	17131853.88471825
2378.9010410788933	17079386.600998044
2423.1727942376006	17025942.892200187
2468.2684522556924	16971504.58688783
2514.2033481427966	16916547.76701183
2560.9931002584594	16870052.584475957
2608.6536176225477	16822692.11868166
2657.2011053245064	16774450.266560268
2706.652070033241	16725310.625362257
2757.0233256095826	16675256.48708015
2808.3319988231724	16624270.832767595
2860.5955351757416	16572336.326752769
2913.831704832789	16519435.310744042
2968.0586086656026	16465549.797825973
3023.2946844057765	16410661.466343554
3079.5587129142264	16354751.65367267
3136.8698245668766	16297801.349874595
3195.2475057592133	16245772.922183273
3254.711605531848	16197471.77758483
3315.282342319423	16148271.740466679
3376.9803108250912	16098156.08228608
3439.8264890229243	16047107.763179261
3503.8422452906757	15995109.426167687
3569.0493456752292	15942143.391256502
3635.4699612933177	15888191.649423132
3703.126675869927	15833235.856494034
3772.0424934169973	15777257.326907458
3842.240846055061	15720237.0273602
3913.745601980384	15662155.570336029
3986.581073580439	15603834.791622892
4060.7720257003657	15554904.463228144
4136.343684063274	15505063.533096181
4213.321743847289	15454295.05477373
4291.732378422157	15402581.766431138
4371.602248248501	15349906.084993169
4452.958509942655	15296250.100160554
4535.828825510186	15241595.568320319
4620.241371751313	15185923.906342741
4706.224849841281	15129216.185262898
4793.808495089106	15071453.123844597
4883.02208687788	15012615.082024574
4973.895958790063	14952682.054234635
5066.461008921268	14898590.255632775
5160.7487103859075	14848421.444836313
5256.791122018419	14797318.98393441
5354.620899273607	14745265.497539725
5454.271305329836	14692243.286906028
5555.7762223988775	14638234.32391039
5659.170163246242	14583220.24492346
5764.488282925873	14527182.344565602
5871.766390733255	14470101.569346907
5981.040962380945	14411958.511188753
6092.349152400711	14352733.400824888
6205.7288067765	14292406.101079648
6321.218475812449	14232183.220102342
6438.8574272404185	14181986.075393569
6558.685659571435	14130854.753280424
6680.743915695614	14078771.868562458
6805.073696735206	14025719.712497672
6931.717276155407	13971680.246781379
7060.717714137772	13916635.09741297
7192.118872221193	13860565.548448553
7325.96542821523	13803452.535637341
7462.302891391108	13745276.639939593
7601.17761795533	13686018.080923926
7742.636826811269	13625656.710041787
7886.728615614156	13564172.00377668
8033.501977124735	13509338.62005396
8183.00681586739	13458462.329379795
8335.293965098195	13406639.222279275
8490.415204088747	13353851.67833761
8648.423275731726	13300081.749221068
8809.37190447399	13245311.152574398
8973.31581458352	13189521.265804585
9140.310748756232	13132693.119749
9310.413487069076	13074807.392225677
9483.681866285926	13015844.40146354
9660.174799522645	12955784.099410418
9839.952296278227	12894606.064916464
10023.075482838643	12833911.666169336
10209.606623060476	12783548.215649234
10399.609139541202	12732247.492745318
10593.1476351837	12679992.054659031
10790.287915161836	12626764.133978385
10991.097009294961	12572545.632636828
11195.643194838794	12517318.11575969
11403.99601970033	12461062.805396188
11616.22632608502	12403760.57413464
11832.40627458378	12345391.938599002
12052.609368708414	12285937.052824266
12276.910479883603	12225375.701508658
12505.385872903913	12163687.293140197
12738.113231864783	12109304.053809213
12975.171686575868	12058759.955427388
13216.641839466038	12007275.222774297
13462.60579298911	11954832.350486092
13713.147177539455	11901413.507421143
13968.351179887397	11847000.530597217
14228.30457214352	11791574.919015909
14493.09574126215	11735117.82737207
14762.81471909391	11677610.05964622
15037.553212997384	11619032.062577713
15317.404637020798	11559363.919016361
15602.46414366368	11498585.341150442
15892.828656229764	11438676.542642195
16188.596901781993	11389096.269279996
16489.86944471065	11338593.298594154
16796.74872092653	11287150.459030462
17109.339072690134	11234750.259469189
17427.746784089173	11181374.88327787
17752.08011717636	11127006.182253487
18082.44934877952	11071625.670451889
18418.96680799711	11015214.517902339
18761.746914391195	10957753.54420514
19110.90621689136	10899223.212010112
19466.56343342263	10839603.620373646
19828.83949127071	10778874.497992197
20197.857568198782	10725938.158912968
20573.743134329114	10676604.404629016
20956.623994804308	10626352.54078341
21346.630333242454	10575165.481200976
21743.8947560008	10523025.821729934
22148.55233726359	10469915.83432426
22560.74066496859	10415817.461015986
22980.599887588487	10360712.30777528
23408.272761782944	10304581.638256293
23843.904700937208	10247406.367426597
24287.643824604504	10189167.055078039
24739.64100886812	10129843.899216909
25200.049937640895	10071763.525217079
25669.027154919517	10023768.304132013
26146.732118010917	9974879.883815883
26633.327251749808	9925081.641679013
27128.978003724646	9874356.645782506
27633.852900531667	9822687.64908121
28148.123605075813	9770057.0835595
28671.964974937695	9716447.05425804
29205.55512182745	9661839.333189208
29749.075472144435	9606215.353139449
30302.71082866393	9549556.201356228
30866.649433372742	9491842.61311741
31441.08303147265	9433054.965181164
32026.206936576502	9382399.773592154
32622.220097116733	9335034.567782065
33229.325163989684	9286787.887432385
33847.72855945983	9237643.32815193
34477.640547344636	9187584.180261027
35119.275304507275	9136593.423110016
35772.850993678774	9084653.719292035
36438.58983763541	9031747.408748161
37116.71819475767	8977856.50276273
37807.466635993485	8922962.677847058
38511.070023255685	8867047.26950919
39227.76758927723	8810091.26590781
39957.803018952654	8754726.83661422
40701.42453219439	8709036.537935529
41458.88496832911	8662495.93502396
42230.441872066716	8615089.203573039
43016.35758106799	8566800.224783277
43816.89931514194	8517612.57988158
44632.33926710397	8467509.544538697
45462.95469532399	8416474.08318275
46309.02801799736	8364488.8432069775
47170.84690917023	8311536.149069651
48048.704396551344	8257597.996284219
48942.89896114532	8202656.045297551
49853.73463873894	8146691.61525432
50781.5211232767	8099070.250165286
51726.57387216024	8054384.452113055
52689.21421350677	8008867.043755523
53669.76945540476	7962502.548683395
54668.57299720181	7915275.20246878
55685.96444286408	7867168.947305096
56722.28971644549	7818167.426547242
57777.90117970507	7768253.979150192
58853.1577519145	7717411.63400401
59948.42503189408	7665623.1041635275
61064.07542232036	7612870.780970586
62200.48825634718	7559136.728066896
63358.04992658254	7507309.067235364
64537.15401646702	7464620.589639962
65738.20143409586	7421137.672212807
66961.60054853215	7376845.530293456
68207.76732865692	7331729.104076406
69477.1254846024	7285773.053490636
70770.10661181889	7238961.752983767
72087.15033782135	7191279.28620924
73428.70447166759	7142709.440614586
74795.22515621828	7093235.701928961
76187.17702322999	7042841.248548146
77605.0333513357	6991508.945814999
79049.2762269642	6939221.340193491
80520.39670825469	6895351.430775728
82018.8949920221	6854038.511301979
83545.28058382872	6811956.75136719
85100.07247122246	6769091.842719552
86683.79930019773	6725429.2108282605
88296.99955494082	6680954.009928013
89940.22174092053	6635651.117971287
91614.0245713852	6589505.131486697
93318.9771573324	6542500.360341608
95055.65920101192	6494620.8224073695
96824.66119303115	6445850.238125185
98626.5846131283	6396172.024970895
100462.04213468132	6348663.823899976
102331.65783302448	6309641.136182684
104236.06739764012	6269892.22960703
106175.9183482999	6229403.589116489
108151.87025522892	6188161.448137029
110164.59496336569	6146151.78389635
112214.77682079801	6103360.3126559565
114303.11291144785	6059772.484854556
116430.31329208757	6015373.480161039
118597.10123376705	5970148.202435417
120804.21346773289	5924081.274595974
123052.40043592616	5877157.033390877
125342.42654613995	5829359.524072511
127675.07043192645	5789882.801074166
130051.12521734099	5752566.741865494
132471.39878661174	5714556.224445403
134936.71405883064	5675838.324828407
137447.90926775365	5636399.878511455
140005.8382468096	5596227.475997859
142611.37071941295	5555307.458237904
145265.39259467812	5513625.911984658
147968.80626863963	5471168.665063272
150722.53093107554	5427921.281552328
153527.5028780421	5383869.056875442
156384.67583022476	5338997.012801566
159295.0212572123	5296482.050715576
162259.5287078087	5261669.566471294
165279.2061464897	5226209.21597167
168355.08029612005	5190088.942315465
171488.19698705408	5153296.46422043
174679.62151272455	5115819.27184759
177930.43899185772	5077644.622547723
181241.75473742394	5038759.536528739
184614.69463245454	4999150.792442419
188050.40551285836	4958804.922888977
191550.0555573528	4917708.209838062
195114.83468466165	4875846.679964418
198745.9549580986	4833206.09989683
202444.65099768018	4798578.695908428
206212.18039991445	4765705.2771320455
210049.8241653915	4732220.078438629
213958.88713434213	4698111.714499821
217940.6984302958	4663368.588104365
221996.61191199525	4627978.886214949
226128.00663372793	4591930.575951594
230336.2873142131	4555211.400500404
234622.88481422624	4517808.874946083
238989.25662310526	4479710.282026927
243436.8873543108	4440902.66781085
247967.289250216	4401372.837290856
252582.00269627848	4364287.013295876
257282.59674479323	4333998.989851689
262070.66964838552	4303147.301137516
266947.8494034318	4271721.4572467785
271915.7943036019	4239710.773053933
276976.1935036891	4207104.364581453
282130.76759394706	4173891.1452991236
287381.2691851069	4140059.8223545197
292729.4835042813	4105598.8927333234
298177.22900196735	4070496.639348134
303726.3579703311	4034741.1270545935
309378.75717301364	3998320.198593255
315136.34848664823	3961221.4704560083
321001.08955431683	3931609.2633498167
326974.97445117676	3903350.4136717906
333060.03436245886	3874565.661992848
339258.33827409917	3845245.2211872633
345571.9936762143	3815379.1219892344
352003.1472796675	3784957.2096032416
358553.9857459817	3753969.140251269
365226.7364308175	3722404.3776558544
372023.6681413066	3690252.1894576065
378947.09190746717	3657501.6435660976
385999.36176797637	3624141.604442854
393182.87557057705	3590160.72931511
400500.07578736113	3558602.0826860787
407953.45034524484	3532859.1264346926
415545.53347188793	3506637.089387146
423278.90655735444	3479927.0557683147
431156.19903182285	3452719.9438789594
439180.0892596086	3425006.503007893
447353.3054498463	3396777.3102866095
455678.6265841068	3368022.7674854123
464158.8833612772	3338733.097749936
472796.9591600391	3308898.3422768624
481595.79101923504	3278508.356927877
490558.37063650455	3247552.808780508
499687.7453854889	3216021.1726148427
508987.0193519675	3191269.8000990977
518459.3543892913	3167500.458662616
528107.971193433	3143288.7657375094
537936.1503980698	3118626.489087301
547947.2336900292	3093505.2432721965
558144.6249454955	3067916.4867979484
568531.7913873753	3041851.5192116294
579112.2647641759	3015301.4781434205
589889.6425508494	2988257.3362932852
600867.5891719692	2960709.898361594
612049.837247669	2932649.7979226387
623440.1888627863	2904067.4942399138
635042.5168595961	2877789.32736877
646860.7661546321	2856337.890109529
658898.9550799957	2834487.2379527995
671161.1767496272	2812229.9414414195
683651.6004510238	2789558.4328547455
696374.4730628222	2766465.0036355834
709334.1204987989	2742941.801769168
722534.9491787221	2718980.829113403
735981.4475265755	2694573.9386794167
749678.1874966878	2669712.83186147
763629.8261282243	2644389.0556153776
777841.1071286482	2618593.999584354
792316.8624866261	2592318.8931714077
807062.0141149492	2572013.1436073105
822081.575524054	2552368.616947939
837380.6535266489	2532358.502304806
852964.4499741016	2511975.9960233225
868838.2635251193	2491214.1678317334
885007.4914473438	2470065.958484752
901477.6314524917	2448524.17736333
918254.2835656281	2426581.500029776
935343.1520292377	2404230.4657373647
952750.0472427299	2381463.4748936086
970480.8877380306	2358272.7864763127
988541.7021919573	2334650.515401537
1006938.6314760271	2313145.778383273
1025677.9307444209	2295542.2386821634
1044765.9715608053	2277611.094111867
1064209.2440647245	2259346.247890028
1084014.359178331	2240741.489772128
1104188.0508541602	2221790.493939943
1124737.1783647507	2202486.8168506958
1145668.7286348727	2182823.8950461796
1166989.8186171474	2162795.0429211203
1188707.6977119034	2142393.450449984
1210829.7502320393	2121612.1808715076
1233363.4979137746	2100444.1683301176
1256316.6024741214	2078882.2154734673
1279696.8682159416	2062455.478885884
1303512.2446815087	2046431.3382160102
1327770.829355429	2030108.9855616665
1352480.8704178738	2013482.8711470794
1377650.769549055	1996547.3419142023
1403289.084785873	1979296.639600622
1429404.533431761	1961724.8987816763
1456005.9950206485	1943826.1448761523
1483102.514336103	1925594.292114867
1510703.3044866556	1907023.1414714335
1538817.7500383465	1888106.3785545353
1567455.410205595	1868837.571460954
1596626.022101425	1851462.9724612017
1626339.5040481905	1837175.5423424528
1656605.9589499151	1822622.2207181014
1687435.6777273756	1807798.0593019875
1718839.1428171454	1792698.0177195
1750827.0317357269	1777316.9617937983
1783410.220710006	1761649.6618001445
1816599.7883753285	1745690.7906877203
1850407.019542302	1729434.9222683986
1884843.4090337954	1712876.5293717599
1919920.6655932867	1696009.9819658038
1955650.715865947	1678829.545242682
1992045.7084538713	1661329.377668786
2029118.0180466783	1648170.718240724
2066880.2496290822	1635218.8517619388
2105345.242766708	1622025.948844145
2144526.0759716653	1608587.5237582033
2184436.0711494284	1594899.0072947794
2225088.7981283693	1580955.745210791
2266498.079273693	1566752.99664689
2308677.994187172	1552285.9325155306
2351642.884494346	1537549.6338590328
2395407.358720879	1522539.0901770645
2439986.29725955	1507249.1977230432
2485394.857429798	1491674.7577687856
2531648.478631358	1477761.0403163608
2578762.8875937983	1466251.8347991253
2626754.1037238385	1454528.4410088514
2675638.4445520453	1442586.8728653365
2725432.531281028	1430423.0701067415
2776153.2944368036	1418032.896909064
2827817.979625338	1405412.1404799188
2880444.1533962977	1392556.5096261261
2934049.709215787	1379461.6332946846
2988652.873550383	1366123.059086543
3044272.2120643063	1352536.2517427483
3100926.6359319235	1338696.591602412
3158635.408267819	1324599.3730319606
3217418.1506763715	1314127.7965455484
3277294.849923382	1303722.9393206774
3338285.8647317644	1293124.4459324013
3400411.9327037027	1282328.7127787753
3463694.1773717343	1271332.0691941993
3528154.1153808828	1260130.7762013706
3593813.6638046256	1248721.0252399787
3660695.147596906	1237098.9368717566
3728821.30718283	1225260.5594614365
3798215.306190736	1213201.8678331375
3868900.7393279755	1200918.7619017786
3940901.6404034477	1188407.0652789937
4014242.490499326	1177330.3251067959
4088948.226294856	1168104.7523599716
4165044.248545185	1158707.4901345402
4242556.430717777	1149135.3432600948
4321511.127789762	1139385.0571035575
4401935.1852088785	1129453.3164625769
4483855.948021181	1119336.7444383253
4567301.270168747	1109031.9012873042
4652299.523960189	1098535.283251813
4738879.609717651	1087843.3213686193
4827070.965603188	1076952.3802554773
4916903.577628021	1065858.756875063
5008407.989848212	1054558.6792758903
5101615.314749833	1046261.1149502037
5196557.243827657	1037935.4638170011
5293266.058360566	1029454.8708995492
5391774.640387494	1020816.4527048821
5492116.483887789	1012017.2720777318
5594325.706169377	1003054.337201878
5698437.0594691355	993924.6005828877
5804485.942768984	984624.9580119376
5912508.413831869	975152.2475103543
6022541.201461928	965503.2482544965
6134621.717992506	955674.6794806529
6248788.072006888	945663.1993695389
6365079.081295578	936878.613107635
6483534.286054714	929506.980363365
6604193.962330305	921998.1602793953
6727099.135712336	914349.5997759928
6852291.595284057	906558.6982601742
6979813.907830667	898622.8067414765
7109709.432312423	890539.2269312784
7242022.334607315	882305.2103253412
7376797.60252773	873917.9572693015
7514081.061116962	865374.6160067474
7653919.388230155	856672.2817095957
7796360.130405221	847807.9954904217
7941451.71902934	838778.7433963958
8089243.486805938	832221.9387641842
8239785.684528512	825576.8438858322
8393129.498166373	818808.0826610911
8549327.066268368	811913.3536382136
8708431.497690724	804890.3125350396
8870496.889654402	797736.5714419236
9035578.34613892	790449.6980098133
9203731.99661823	783027.2146232252
9375015.01514529	775466.5975578338
9549485.639791967	767765.2761223714
9727203.192450536	759920.6317845692
9908228.099003786	751929.9972808273
10092621.909870483	744980.285744774
10280447.320933098	739101.887510552
10471768.194855202	733114.0912849463
10666649.582795387	727014.861152723
10865157.746525371	720802.1233099186
11067360.180959744	714473.7653587244
11273325.63710487	708027.6355892507
11483124.14543511	701461.5422479202
11696827.039703846	694773.2527922472
11914506.981197748	687960.493131752
12136237.983442418	681020.9468547422
12362095.437367693	673952.2544407129
12592156.13694151	666778.460574567
12826498.3052806	661579.9307428844
13065201.621247198	656284.6553864733
13308347.24654076	650890.8340546562
13556017.853293689	645396.6327900637
13808297.652180923	639800.183505066
14065272.421052363	634099.5833466048
14327029.534098294	628292.8940492038
14593657.991557576	622378.1412759348
14865248.449978571	616353.3139471251
15141893.25304352	610216.363556566
15423686.462966273	603965.2034749996
15710723.892474487	597597.7082406433
16003103.137387017	592108.2274136122
16300923.609797413	587426.5447588162
16604286.571875297	582657.7351931983
16913295.17029647	577800.177270123
17228054.471313924	572852.2193675564
17548671.49648152	567812.1791264983
17875255.259042352	562678.3428789616
18207916.800994623	557448.9650653052
18546769.230846975	552122.2676407269
18891927.762076646	546696.4394707076
19243509.75230332	541169.6357152066
19601634.743191857	535539.9772013976
19966424.501097932	529868.7952147007
20338003.0584698	525730.4215830634
20716496.75602067	521515.0321139724
21102034.285685964	517221.19352958736
21494746.734379806	512847.44587852515
21894767.628566206	508392.3020394575
22302232.979659364	503854.2472154752
22717281.330269028	499231.7384190416
23140053.80130654	494523.2039473585
23570694.139967278	489727.0428479723
24009348.76860652	484841.624374431
24456166.83452444	479865.28743181424
24911300.26067791	474796.3400119413
25374903.797335718	470464.6490458812
25847135.07469564	466739.0376010473
26328154.656480197	462944.09189328994
26818126.094530128	459078.5216001787
27317215.98441379	455141.01238616224
27825594.022071257	451130.2254556825
28343433.061513092	447044.7970979673
28870909.173592344	442883.3382233551
29408201.705870606	438644.4338909891
29955493.34359816	434326.6428277224
30512970.171828706	429928.49693807086
31080821.738690637	425448.50080504216
31659241.119835205	420969.0515186788
32248424.98408439	417676.7189526737
32848573.66030047	414323.11551740504
33459891.20549975	410907.1009515707
34082585.47423452	407427.5137734109
34716868.189265594	403883.1708857929
35362955.013550386	400272.86717394536
36021065.62357073	396595.37509570486
36691423.78402494	392849.44426414167
37374257.42391064	389033.8010224106
38069798.71402284	385147.1480106964
38778284.14589453	381188.16372509697
39499954.61220647	377155.50206829736
40235055.48869293	373739.6580978106
40983836.717572615	370776.35958450864
41746552.89253134	367757.913581651
42523463.34528677	364683.29378507374
43314832.23376403	361551.4547909169
44120928.631911896	358361.33174017793
44942026.62119142	355111.8399566462
45778405.38376616	351801.8745781026
46630349.29742726	348430.3101806539
47498148.03228505	344996.0003960764
48382096.649259575	341497.77752204
49282495.700405136	337934.4521250743
50199651.33110079	334398.2793819763
51133875.38414321	331780.0625778312
52085485.50577665	329113.1203134554
53054805.25369574	326396.5457997438
54042164.20705915	323629.4153720906
55047898.078549676	320810.78817633505
56072348.82852027	317939.70584886026
57115864.78126434	315015.19219073886
58178800.74344935	312036.2528358168
59261518.124755524	309001.8749126153
60364385.060758635	305911.0266999455
61487776.53810017	302762.65727611154
62632074.521986924	299555.69616158586
63797668.08606282	296863.23925893597
64984953.54469889	294507.01046553574
66194334.587743886	292106.931853364
67426222.41778335	289662.1873698319
68681035.88995308	287171.94577547314
69959201.65435374	284635.3603613142
71261154.30111745	282051.56866098265
72587336.50817245	279419.6921574602
73938199.19175874	276738.8359843775
75314201.65974376	274008.08862175024
76715811.76779301	271226.5215860516
78143506.07844542	268393.1891145183
79597770.02314977	265602.68379711354
81079098.06731695	263521.0676178177
82587993.87844272	261400.71220722597
84124970.49736118	259240.89662165192
85690550.51268347	257040.88650052485
87285266.2384837	254799.93381669873
88909659.89529167	252517.27662211482
90564283.79445294	250192.1387887323
92249700.52592173	247823.72974463436
93966483.1495469	245411.24420522677
95715215.38991857	242953.86189943203
97496491.83484097	240450.74729078784
99310918.137498	237901.0492933572
101159111.22238298	235779.41774640264
103041699.49505854	233906.25391020323
104959323.05582266	231998.23017628168
106912633.91734771	230054.6977960102
108902296.22637327	228074.9959474383
110928986.48952228	226058.4515106067
112993393.80332193	224004.37883867873
115096220.0885031	221912.07952481287
117238180.32865997	219780.84216469873
119420002.8133535	217609.94211467015
121642429.3857368	215398.64124531933
123906215.6947913	213146.18769052398
126212131.45225461	210944.65567538512
128560960.69432965	209289.91288722667
130953502.04826704	207604.37505421622
133390569.00390588	205887.46907532943
135872990.19027063	204138.61118403389
138401609.65731302	202357.20674980214
140977287.16289675	200542.65007593288
143600898.46512634	198694.32419360516
146273335.620113	196811.60065210407
148995507.28528506	194893.83930513897
151768339.02834037	192940.3880931879
154592773.64194784	190950.582821791
157469771.46430898	188923.74693571613
160400310.70568198	187252.27233881535
163385387.78098568	185763.3097814908
166426017.64859018	184246.6373776182
169523234.15541214	182701.7394422387
172678090.38843593	181128.09069340816
175891659.03277326	179525.15607359647
179165032.73638958	177892.39056776123
182499324.48161504	176229.23901803725
185895667.9635688	174535.13593497768
189355217.9756299	172809.50530528056
192879150.80207777	171051.76039593882
196468664.61804405	169261.30355474353
200124979.8969035	167524.7295371617
203849339.82524642	166209.437786788
207643010.7255779	164869.66823313507
211507282.48687947	163504.9653401191
215443469.00318778	162114.86509405184
219452908.62033114	160698.894845871
223536964.59097964	159256.57315043578
227697025.53816846	157787.40960282882
231934505.92744273	156290.90467161432
236250846.547794	154766.54952899064
240647515.00154215	153213.8258777842
245126006.20333397	151632.20577522364
249687842.8884332	150021.1514534323
254334576.13046482	148704.52424120271
259067785.8688001	147521.03726997573
263889081.44575077	146315.52540483655
268800102.15376073	145087.57875876216
273802517.7927863	143836.7798166618
278898029.23804396	142562.70329341837
284088369.0183295	141264.91598928563
289375301.9050947	139942.9766425964
294760625.51248586	138596.43577972936
300246170.90855557	137224.83556228247
305833803.23784316	135827.7096314032
311525422.35554785	134404.5829492209
317322963.4734973	133034.93315868537
323228397.81813806	131989.50631663355
329243733.30077755	130924.62390316553
335371015.2002929	129839.92384678697
341612326.8585518	128735.03733779101
347969790.3887688	127609.58870285942
354445567.3970435	126463.19527732988
361041859.71733445	125295.46727508557
367760910.160103	124106.00765602382
374605003.2748981	122894.4119910577
381576466.1271245	121660.26832460603
388677669.0892668	120403.1570345248
395911026.6468467	119122.65068943014
403278998.21937054	118085.65813891814
410784088.99656343	117145.00368548656
418428850.79015756	116186.8434926184
426215882.9015325	115210.8517755243
434147833.0055101	114216.69668650423
442227398.0505897	113204.0402021163
450457325.17594445	112172.53800824439
458840412.64547515	111121.839383028
467379510.7992463	110051.5870776137
476077523.0226378	108961.41719468578
484937406.7335233	107850.95906473791
493962174.38783056	106719.83512004065
503154894.5038046	105639.67366197462
512518692.70533323	104808.75560685527
522056752.7846986	103962.37402534444
531772317.7850967	103100.24113858506
541668691.1033136	102222.06381210599
551749237.6129117	101327.54345615383
562017384.8083187	100416.37592416939
572476623.970219	99488.25140937415
583130511.3526218	98542.85433943284
593982669.3920338	97579.86326915497
605036787.9391212	96598.95077120034
616296625.5132942	95599.78332475064
627766010.5806513	94582.02120210815
639448842.8556936	93765.34449753724
651349094.6272782	93017.69994452683
663470812.1092337	92256.14159916858
675818116.816111	91480.41052341949
688395206.964551	90690.24296035543
701206358.9007177	89885.37024449116
714255928.5543104	89065.51871043078
727548352.9196217	88230.40959981873
741088151.5641569	87379.75896655937
754879928.1653446	86513.27758027178
768928372.0758306	85630.67082794853
783238259.9179205	84731.6386137836
797814457.2076613	83879.83000050762
812661920.0091946	83219.40082416357
827785696.619849	82546.68094847174
843190929.286625	81861.44164142618
858882855.9546258	81163.44991427875
874866812.0479896	80452.46844232181
891148232.2840202	79728.25548419385
907732652.5210242	78990.56479968599
924625711.6405733	78239.14556601709
941833153.4647961	77473.74229255099
959360828.7093127	76694.09473392791
977214696.9725724	75899.93780157699
995400828.7621539	75091.00147358447
1013925407.5588143	74447.87486673392
1032794731.9189526	73853.62558739616
1052015217.6161569	73248.31722785499
1071593399.8226712	72631.7439767458
1091535935.3313932	72003.69619251986
1111849604.81927	71363.96033216348
1132541315.1528125	70712.31887859089
1153618101.736476	70048.55026668677
1175087130.9048076	69372.42880797073
1196955702.3590453	68683.72461386191
1219231251.6491096	67982.20351751374
1241921352.7017846	67267.62699419436
1265033720.3959012	66595.92058178638
1288576213.185518	66070.98298568913
1312556835.7718453	65536.27621160723
1336983741.8249452	64991.618453476236
1361865236.7560828	64436.82452178954
1387209780.541618	63871.705780632765
1413025990.5995336	63296.07008354461
1439322644.7194095	62709.72170818579
1466108684.0469828	62112.46128979098
1493393216.1242533	61504.08575338229
1521185517.9861019	60884.388244722446
1549495039.3146317	60253.15805998106
1578331405.6521199	59610.180574094054
1607704421.673822	59103.744826188435
1637624074.521689	58631.39832994577
1668100537.2000556	58150.261385035556
1699144172.0346258	57660.17039971213
1730765534.1957276	57160.95873775993
1762975375.2872038	56652.45666183505
1795784647.0020967	56134.49127575244
1829204504.8462899	55606.886465700045
1863246311.9315598	55069.46284035735
1897921642.8391032	54522.03766990117
1933242287.5550432	53964.42482387527
1969220255.4791734	53396.43470790354
2005867779.5082297	52866.757518770064
2043197320.1952705	52449.491294411244
2081221569.9863415	52024.459674616766
2119953457.536069	51591.51814405635
2159406152.1035676	51150.5194979445
2199593068.0300703	50701.31379199005
2240527869.3000183	50243.74829141264
2282224474.1869006	49777.66741901203
2324697059.9856453	49302.91270226966
2367960067.833079	48819.32271946626
2412028207.618002	48326.733044797285
2456916462.98279	47824.976192465525
2502640096.4179215	47313.88155973495
2549214654.4514203	46915.09073273871
2596655972.934872	46539.61398332483
2644980182.4277143	46157.14954771487
2694203713.6818824	45767.5673838795
2744343303.2283683	45370.735029685406
2795415999.067865	44966.517557856394
2847439166.4672475	44554.77753009668
2900430493.8639855	44135.37495036036
2954407998.8803797	43708.16721725119
3009390034.449724	43273.0090755369
3065395295.056536	42829.75256676056
3122442823.0928583	42378.24697893324
3180552015.3329134	41960.56142523787
3239742629.5281954	41628.85331792896
3300034791.1252885	41290.97206630092
3361449000.108775	40946.80278708758
3424006137.9714255	40596.22845902567
3487727474.8141704	40239.12988306623
3552634676.5781393	39875.38564184564
3618749812.411284	39504.87205840268
3686095362.1721687	39127.46315412675
3754694224.0733366	38743.030605923945
3824569722.4669914	38351.4437025856
3895745615.775501	37952.56930034518
3968246104.5694857	37546.271777608206
4042095839.796318	37232.24017688004
4117319931.1616793	36933.735802158604
4193943955.6671777	36629.676210231315
4271993966.306777	36319.95801756062
4351496500.925055	36004.47591662392
4432478591.24041	35683.12264010763
4514967772.036101	35355.788924435255
4598992090.5224285	35022.36347261644
4684580115.873045	34682.73291640486
4771760948.938751	34336.78177775201
4860564232.142149	33984.392429543186
4951020159.556351	33625.44505560313
5043159487.171348	33296.055620094325
5137013543.351338	33032.32926189721
5232614239.486667	32763.694911299423
5329994080.844104	32490.061229727275
5429186177.618942	32211.33517878073
5530224256.192888	31927.421988599155
5633142670.601352	31638.225125638717
5737976414.21414	31343.64625985002
5844761131.633649	31043.585231244626
5953533130.81437	30737.94001583978
6064329395.408049	30426.606690968896
6177187597.338489	30109.479399946864
6292146109.610351	29786.450316077815
6409244019.35647	29539.147804745713
6528521141.127848	29301.800791970858
6650018030.431105	29060.03671090225
6773775997.517745	28813.77335914729
6899837121.430025	28562.927004513
7028244264.308367	28307.412356535955
7159041085.964888	28047.14253748277
7292272058.728297	27782.029052810543
7427982482.56491	27511.98176107786
7566218500.481063	27236.90884329587
7707027114.212319	26956.716771708652
7850456200.204509	26671.310277992914
7996554525.892329	26411.525780776767
8145371766.280737	26201.81095608804
8296958520.834915	25988.193302827625
8451366330.684739	25770.600188691704
8608647696.149244	25548.957629676996
8768856094.587408	25323.190264925215
8932045998.58096	25093.221331099707
9098272894.455566	24858.9726362851
9267593301.146902	24620.36453340117
9440064789.417603	24377.315893122042
9615746001.432076	24129.74407629114
9794696670.695385	23877.564905823136
9976977642.36321	23620.692638082925
10162650893.929972	23425.91543051597
10351779556.301762	23237.155413584765
10544427935.261662	23044.88254061983
10740661533.334322	22849.031436772602
10940547072.057436	22649.53551055754
11144152514.667904	22446.326931210187
11351547089.20999	22239.336605624077
11562801312.07373	22028.494154858163
11777987011.97118	21813.727890207356
11997177354.358854	21594.964788827627
12220446866.314913	21372.130468907362
12447871461.879063	21145.149164376853
12679528467.864315	20940.22653164781
12915496650.148827	20773.418992772986
13155856240.457052	20603.50713721641
13400688963.639534	20430.433193116405
13650078065.460136	20254.13831346717
13904108340.900667	20074.562556110042
14162866162.991974	19891.644863352558
14426439512.181587	19705.323041208325
14694918006.248201	19515.53373825022
14968392930.772554	19322.212424070312
15246957270.1757	19125.29336733875
15530705739.334583	18924.709613454408
15819734815.786015	18720.39296177976
16114142772.530231	18566.952101375777
16414029711.444664	18416.78722727473
16719497597.31985	18263.827759315212
17030650292.528427	18108.02168962996
17347593592.339325	17949.31604247654
17670435260.889503	17787.656856224865
17999285067.824764	17622.98916500982
18334254825.62285	17455.256980042068
18675458427.61074	17284.40327057139
19023011886.689457	17110.369944495695
19377033374.77993	16933.09782860891
19737643263.002552	16752.526648481606
20104964162.604927	16590.83706661855
20479120966.650833	16458.109967563698
20860240892.485046	16322.91279461114
21248453524.988873	16185.19957926532
21643890860.6402	16044.923497549218
22046687352.394028	15902.03685408357
22456979955.397717	15756.491065869974
22874908173.55704	15608.236645772236
23300614106.96929	15457.223185690107
23734242500.23866	15303.399339420046
24175940791.69123	15146.712805196845
24625859163.505444	14987.110307910567
25084150592.775414	14824.537580992472
25550970903.525124	14703.618907675964
26026478819.690044	14584.106092366952
26510836019.085308	14462.36912322922
27004207188.377697	14338.366608381535
27506760079.080673	14212.056385632764
28018665564.59201	14083.395508146199
28540097698.292374	13952.340229837224
29071233772.725693	13818.845990499074
29612254379.880314	13682.867400651972
30163343472.591972	13544.358226110246
30724688427.090096	13403.271372262134
31296480106.707504	13259.558868057171
31878912926.77636	13131.929454607514
32472184920.731255	13026.26517499966
33076497807.442425	12918.634465168896
33692057059.802742	12809.000729514173
34319071974.590427	12697.326691384102
34957755743.632645	12583.574380402424
35608325526.29274	12467.70511955772
36271002523.30648	12349.679512052846
36946012051.993095	12229.457427909547
37633583622.865326	12106.99799032386
38333951017.6659	11982.259561767496
39047352368.85556	11855.199729830689
39774030240.58036	11725.775292801543
40514231711.14655	11630.434502162978
41268208457.02952	11535.257815452074
42036216838.44701	11438.309874406597
42818517986.52406	11339.557715681967
43615377892.080055	11238.967762480206
44427067496.06892	11136.505813133375
45253862781.70167	11032.137029474714
46096044868.284195	10925.825924993187
46953900106.80053	10817.53635276777
47827720177.27485	10707.23149317712
48717802187.94641	10594.873841380457
49624448776.28914	10480.425194565554
50547968211.912254	10379.61881011515
51488674501.37487	10295.436019185583
52446887494.95119	10209.686572192615
53422932995.38363	10122.341313400331
54417142868.658875	10033.370544479618
55429855156.84652	9942.744014410388
56461414193.036606	9850.430909195902
57512170718.41614	9756.399841385746
58582482001.525475	9660.618839403696
59672711959.7331	9563.055336677075
60783231282.972115	9463.676160563695
61914417559.77835	9362.447521072861
63066655405.67406	9259.334999376446
64240336593.94204	9184.098417539173
65435860188.83229	9108.232705796489
66653632681.24893	9030.955120249273
67894068126.96099	8952.239385685763
69157588287.38525	8872.058737908072
70444622772.99051	8790.385914632021
71755609189.36922	8707.193146217707
73090993286.02888	8622.452146227452
74451229107.95128	8536.134101808171
75836779149.97191	8448.209663894717
77248114514.03416	8358.648937230826
78685715069.36842	8267.421470204448
80150069615.6538	8187.724432296636
81641676049.21454	8120.579586570325
83161041532.30962	8052.1851638399485
84708682665.57419	7982.517909264841
86285125663.66887	7911.554135227808
87890906534.19963	7839.269713281019
89526571259.96382	7765.640065942189
91192675984.59299	7690.640158337844
92889787201.64516	7614.2444896913
94618481947.21991	7536.42708465208
96379347996.15794	7457.161484463967
98172984061.88821	7376.420737968856
100000000000.0	7294.17739244293
