# Frequency (Hz)	Real Part (Ohm/m)
1000.0	972145.8757915898
1018.6101701559753	983860.1729435577
1037.566678745186	995792.4751587822
1056.875971184804	1007946.8395485836
1076.5446128423157	1020327.3987278176
1096.5792912678098	1032938.3622200028
1116.9868184678226	1045784.0178886083
1137.7741332214914	1058868.7333949723
1158.9483034398106	1072196.9576833516
1180.5165285688054	1085773.2224936152
1202.4861420374123	1099602.14390208
1224.8646137509306	1113688.4238910296
1247.6595526308697	1128036.8519474394
1270.8787092020582	1141878.244703795
1294.529978227916	1155234.105983545
1318.6214013947485	1168838.5221142902
1343.1611700460153	1182696.1187441007
1368.1576279674719	1196811.607605146
1393.619274224142	1211189.788115729
1419.5547660501015	1225835.5490121488
1445.9729217920194	1240753.8700109131
1472.882723907502	1255949.8235019064
1500.2933220192183	1271428.57627305
1528.2140360258693	1287195.391267066
1556.654359271062	1303255.6293709395
1585.6239617711371	1319569.066438511
1615.132693503091	1334387.8716388745
1645.1905877536624	1349482.4573255244
1675.807864530767	1364857.9558202368
1706.9949340384078	1380519.5949581696
1738.7624002162504	1396472.6998653798
1771.1210643450886	1412722.6947694307
1804.0819287193826	1429275.1048436782
1837.6562003881704	1446135.5580858993
1871.8552949655793	1463309.787231866
1906.690840512252	1480803.6317045356
1942.1746814890264	1498623.0395995248
1978.3188827841643	1516774.0697075177
2015.1357338155585	1534071.8840640422
2052.6377527092523	1550657.3011148437
2090.8376905557498	1567551.375599068
2129.748535745521	1584759.851684073
2169.3835183851843	1602288.5804371433
2209.756114795903	1620143.5218149277
2250.880052095462	1638330.7466898768
2292.7693128656488	1656856.4389144129
2335.438139906479	1675726.8974235062
2378.9010410788933	1694948.5383763744
2423.1727942376006	1714527.8973380532
2468.2684522556924	1734471.6315015529
2514.2033481427966	1754654.494623787
2560.9931002584594	1772681.180111638
2608.6536176225477	1791043.3452837649
2657.2011053245064	1809747.2334741787
2706.652070033241	1828799.204206393
2757.0233256095826	1848205.7353557406
2808.3319988231724	1867973.4253519159
2860.5955351757416	1888108.9954225095
2913.831704832789	1908619.2918783058
2968.0586086656026	1929511.2884410927
3023.2946844057765	1950792.088614811
3079.5587129142264	1972468.9281008185
3136.8698245668766	1994549.1772581036
3195.2475057592133	2015270.6610433026
3254.711605531848	2034988.6092075477
3315.282342319423	2055073.511742256
3376.9803108250912	2075532.1977307028
3439.8264890229243	2096371.6233465606
3503.8422452906757	2117598.8742190837
3569.0493456752292	2139221.167842287
3635.4699612933177	2161245.8560289806
3703.126675869927	2183680.427410462
3772.0424934169973	2206532.509982728
3842.240846055061	2229809.8737000832
3913.745601980384	2253520.433117
3986.581073580439	2277396.6813050457
4060.7720257003657	2298287.065436947
4136.343684063274	2319566.223172166
4213.321743847289	2341241.389653614
4291.732378422157	2363319.9346714397
4371.602248248501	2385809.365168844
4452.958509942655	2408717.3277945165
4535.828825510186	2432051.611502579
4620.241371751313	2455820.1502009174
4706.224849841281	2480031.0254487894
4793.808495089106	2504692.469204649
4883.02208687788	2529812.866625099
4973.895958790063	2555400.7589159277
5066.461008921268	2578951.384197994
5160.7487103859075	2601159.1778766983
5256.791122018419	2623780.2623745515
5354.620899273607	2646822.3291040245
5454.271305329836	2670293.2126160776
5555.7762223988775	2694200.8932640003
5659.170163246242	2718553.499916815
5764.488282925873	2743359.3127231807
5871.766390733255	2768626.7659267313
5981.040962380945	2794364.450733809
6092.349152400711	2820581.1182345646
6205.7288067765	2847285.6823784322
6321.218475812449	2874000.4061945383
6438.8574272404185	2896790.3152726395
6558.685659571435	2920004.348436523
6680.743915695614	2943650.398707593
6805.073696735206	2967736.505997723
6931.717276155407	2992270.8598429193
7060.717714137772	3017261.8021878405
7192.118872221193	3042717.83022216
7325.96542821523	3068647.599269692
7462.302891391108	3095059.925731303
7601.17761795533	3121963.7900825823
7742.636826811269	3149368.3399272896
7886.728615614156	3177282.893107658
8033.501977124735	3202345.014183624
8183.00681586739	3225720.5338881467
8335.293965098195	3249531.0759918555
8490.415204088747	3273784.736335619
8648.423275731726	3298489.761425287
8809.37190447399	3323654.55123558
8973.31581458352	3349287.6620661817
9140.310748756232	3375397.809450969
9310.413487069076	3401993.871121384
9483.681866285926	3429084.890024965
9660.174799522645	3456680.07740004
9839.952296278227	3484788.81590765
10023.075482838643	3512662.750449066
10209.606623060476	3535700.8406501403
10399.609139541202	3559167.673629922
10593.1476351837	3583071.2283644793
10790.287915161836	3607419.63231998
10991.097009294961	3632221.1642161184
11195.643194838794	3657484.256840976
11403.99601970033	3683217.499918245
11616.22632608502	3709429.6430278467
11832.40627458378	3736129.5985808717
12052.609368708414	3763326.444849896
12276.910479883603	3791029.4290556945
12505.385872903913	3819247.970511389
12738.113231864783	3843775.977488826
12975.171686575868	3866341.107201524
13216.641839466038	3889326.177817768
13462.60579298911	3912739.0045092287
13713.147177539455	3936587.547889248
13968.351179887397	3960879.9167195414
14228.30457214352	3985624.3706672583
14493.09574126215	4010829.323113359
14762.81471909391	4036503.344013258
15037.553212997384	4062655.162810689
15317.404637020798	4089293.671405828
15602.46414366368	4116427.927178624
15892.828656229764	4143017.5780977774
16188.596901781993	4164099.314996634
16489.86944471065	4185573.38660636
16796.74872092653	4207447.094342683
17109.339072690134	4229727.875501923
17427.746784089173	4252423.3057897445
17752.08011717636	4275541.101896986
18082.44934877952	4299089.124123414
18418.96680799711	4323075.379050312
18761.746914391195	4347508.022262804
19110.90621689136	4372395.36112284
19466.56343342263	4397745.857593794
19828.83949127071	4423568.131117608
20197.857568198782	4445034.154806345
20573.743134329114	4464412.821828686
20956.623994804308	4484152.129141709
21346.630333242454	4504258.78832259
21743.8947560008	4524739.635852095
22148.55233726359	4545601.635439061
22560.74066496859	4566851.880388135
22980.599887588487	4588497.596011568
23408.272761782944	4610546.142085902
23843.904700937208	4633005.01535437
24287.643824604504	4655881.852075876
24739.64100886812	4679184.430621399
25200.049937640895	4701633.455183272
25669.027154919517	4718375.6811403455
26146.732118010917	4735429.482771268
26633.327251749808	4752800.658552349
27128.978003724646	4770495.114870523
27633.852900531667	4788518.868031598
28148.123605075813	4806878.04630585
28671.964974937695	4825578.892011709
29205.55512182745	4844627.763638214
29749.075472144435	4864031.13800697
30302.71082866393	4883795.612474324
30866.649433372742	4903927.907174565
31441.08303147265	4924434.867304804
32026.206936576502	4940327.744997645
32622.220097116733	4954224.589612961
33229.325163989684	4968380.056871197
33847.72855945983	4982798.959783749
34477.640547344636	4997486.200932964
35119.275304507275	5012446.774139088
35772.850993678774	5027685.76615821
36438.58983763541	5043208.35841181
37116.71819475767	5059019.828748516
37807.466635993485	5075125.553238601
38511.070023255685	5091531.008001933
39227.76758927723	5108241.771069898
39957.803018952654	5123887.018682117
40701.42453219439	5134266.357436478
41458.88496832911	5144838.857451165
42230.441872066716	5155608.113490098
43016.35758106799	5166577.78721637
43816.89931514194	5177751.608437243
44632.33926710397	5189133.376372329
45462.95469532399	5200726.960945362
46309.02801799736	5212536.304100018
47170.84690917023	5224565.421140213
48048.704396551344	5236818.40209535
48942.89896114532	5249299.413110982
49853.73463873894	5262012.6978653325
50781.5211232767	5270451.82394023
51726.57387216024	5277211.026661637
52689.21421350677	5284096.019295808
53669.76945540476	5291109.142814423
54668.57299720181	5298252.781755045
55685.96444286408	5305529.365031884
56722.28971644549	5312941.36676166
57777.90117970507	5320491.307104823
58853.1577519145	5328181.75312244
59948.42503189408	5336015.319649019
61064.07542232036	5343994.670181587
62200.48825634718	5352122.517785301
63358.04992658254	5359163.069882549
64537.15401646702	5362028.963747345
65738.20143409586	5364948.192384613
66961.60054853215	5367921.748363545
68207.76732865692	5370950.642725214
69477.1254846024	5374035.905326338
70770.10661181889	5377178.585189443
72087.15033782135	5380379.750859547
73428.70447166759	5383640.490767471
74795.22515621828	5386961.913599915
76187.17702322999	5390345.148676429
77605.0333513357	5393791.346333396
79049.2762269642	5397301.67831515
80520.39670825469	5397527.400828647
82018.8949920221	5396553.93769857
83545.28058382872	5395562.3582540015
85100.07247122246	5394552.325347247
86683.79930019773	5393523.495556233
88296.99955494082	5392475.519067748
89940.22174092053	5391408.039558493
91614.0245713852	5390320.694073932
93318.9771573324	5389213.112904886
95055.65920101192	5388084.919461821
96824.66119303115	5386935.730146812
98626.5846131283	5385765.1542231105
100462.04213468132	5383724.00614342
102331.65783302448	5379074.906233287
104236.06739764012	5374339.285782755
106175.9183482999	5369515.534629844
108151.87025522892	5364602.012647187
110164.59496336569	5359597.049184368
112214.77682079801	5354498.942499882
114303.11291144785	5349305.959182523
116430.31329208757	5344016.333562012
118597.10123376705	5338628.267108641
120804.21346773289	5333139.927821761
123052.40043592616	5327549.449606879
125342.42654613995	5321854.931641165
127675.07043192645	5314385.304085227
130051.12521734099	5306251.960172432
132471.39878661174	5297967.253345482
134936.71405883064	5289528.366714791
137447.90926775365	5280932.430967976
140005.8382468096	5272176.523394262
142611.37071941295	5263257.666890732
145265.39259467812	5254172.8289500745
147968.80626863963	5244918.920629501
150722.53093107554	5235492.795500476
153527.5028780421	5225891.2485788865
156384.67583022476	5216111.015235325
159295.0212572123	5205892.990061781
162259.5287078087	5194804.226732171
165279.2061464897	5183509.099630176
168355.08029612005	5172003.768290881
171488.19698705408	5160284.320777659
174679.62151272455	5148346.772352084
177930.43899185772	5136187.064119062
181241.75473742394	5123801.061646777
184614.69463245454	5111184.553560932
188050.40551285836	5098333.2501128325
191550.0555573528	5085242.78172084
195114.83468466165	5071908.697484651
198745.9549580986	5058326.46367195
202444.65099768018	5044724.70808095
206212.18039991445	5030933.343262682
210049.8241653915	5016885.318798462
213958.88713434213	5002575.858208609
217940.6984302958	4988000.096122336
221996.61191199525	4973153.076623488
226128.00663372793	4958029.7515654545
230336.2873142131	4942624.978854768
234622.88481422624	4926933.520702722
238989.25662310526	4910950.041844469
243436.8873543108	4894669.107724982
247967.289250216	4878085.182651231
252582.00269627848	4861626.129929253
257282.59674479323	4845881.650523447
262070.66964838552	4829844.163676881
266947.8494034318	4813508.21647123
271915.7943036019	4796868.254508418
276976.1935036891	4779918.620022091
282130.76759394706	4762653.549953893
287381.2691851069	4745067.173993968
292729.4835042813	4727153.512585006
298177.22900196735	4708906.474889103
303726.3579703311	4690319.856716839
309378.75717301364	4671387.338417765
315136.34848664823	4652102.482731662
321001.08955431683	4634482.326182646
326974.97445117676	4617005.55976159
333060.03436245886	4599203.547743664
339258.33827409917	4581070.2372529665
345571.9936762143	4562599.4627685435
352003.1472796675	4543784.944028056
358553.9857459817	4524620.2838924015
365226.7364308175	4505098.966170643
372023.6681413066	4485214.353404415
378947.09190746717	4464959.684611118
385999.36176797637	4444328.07298513
393182.87557057705	4423312.503556186
400500.07578736113	4403000.298924087
407953.45034524484	4384604.272942086
415545.53347188793	4365865.893786363
423278.90655735444	4346778.79020611
431156.19903182285	4327336.472380439
439180.0892596086	4307532.329711809
447353.3054498463	4287359.628578321
455678.6265841068	4266811.510044232
464158.8833612772	4245880.987527843
472796.9591600391	4224560.944425966
481595.79101923504	4202844.131694232
490558.37063650455	4180723.1653823154
499687.7453854889	4158190.5241233166
508987.0193519675	4138682.766755404
518459.3543892913	4119486.4317321847
528107.971193433	4099932.8496478135
537936.1503980698	4080015.372073694
547947.2336900292	4059727.2268528403
558144.6249454955	4039061.515797281
568531.7913873753	4018011.212342579
579112.2647641759	3996569.159158753
589889.6425508494	3974728.065716682
600867.5891719692	3952480.5058092596
612049.837247669	3929818.91502641
623440.1888627863	3906735.5881830812
635042.5168595961	3884850.8505318617
646860.7661546321	3865610.604571562
658898.9550799957	3846012.2943600956
671161.1767496272	3826049.2562608295
683651.6004510238	3805714.702625701
696374.4730628222	3785001.7194873793
709334.1204987989	3763903.2642084155
722534.9491787221	3742412.1630866798
735981.4475265755	3720521.1089162338
749678.1874966878	3698222.658502777
763629.8261282243	3675509.230132914
777841.1071286482	3652373.1009962624
792316.8624866261	3628806.4045596244
807062.0141149492	3609174.955112787
822081.575524054	3589881.889049308
837380.6535266489	3570229.7757435585
852964.4499741016	3550211.933265265
868838.2635251193	3529821.555332293
885007.4914473438	3509051.708996446
901477.6314524917	3487895.332286175
918254.2835656281	3466345.2318054424
935343.1520292377	3444394.0802878845
952750.0472427299	3422034.414105463
970480.8877380306	3399258.6307307584
988541.7021919573	3376058.9861520147
1006938.6314760271	3354412.707659658
1025677.9307444209	3335702.7699637557
1044765.9715608053	3316644.637143723
1064209.2440647245	3297231.829229056
1084014.359178331	3277457.745655892
1104188.0508541602	3257315.6630227533
1124737.1783647507	3236798.7328045154
1145668.7286348727	3215899.979023836
1166989.8186171474	3194612.2958792527
1188707.6977119034	3172928.4453291222
1210829.7502320393	3150841.0546306176
1233363.4979137746	3128342.6138329115
1256316.6024741214	3105425.473223713
1279696.8682159416	3086903.045495794
1303512.2446815087	3068652.704102015
1327770.829355429	3050062.720749493
1352480.8704178738	3031126.7746435837
1377650.769549055	3011838.4273585766
1403289.084785873	2992191.120648571
1429404.533431761	2972178.174217584
1456005.9950206485	2951792.783448195
1483102.514336103	2931028.017087891
1510703.3044866556	2909876.814892371
1538817.7500383465	2888331.985224991
1567455.410205595	2866386.20261152
1596626.022101425	2846195.596410962
1626339.5040481905	2828904.6938587325
1656605.9589499151	2811292.0046678535
1687435.6777273756	2793351.54033423
1718839.1428171454	2775077.200906681
1750827.0317357269	2756462.772912895
1783410.220710006	2737501.9272467922
1816599.7883753285	2718188.217016538
1850407.019542302	2698515.075352558
1884843.4090337954	2678475.8131747083
1919920.6655932867	2658063.616917927
1955650.715865947	2637271.546215554
1992045.7084538713	2616092.53153951
2029118.0180466783	2599395.8664139193
2066880.2496290822	2582860.4073526748
2105345.242766708	2566017.2205846915
2144526.0759716653	2548860.5792449904
2184436.0711494284	2531384.649890649
2225088.7981283693	2513583.490517392
2266498.079273693	2495451.0485392236
2308677.994187172	2476981.158730497
2351642.884494346	2458167.541129672
2395407.358720879	2439003.7989040418
2439986.29725955	2419483.41617477
2485394.857429798	2399599.755801396
2531648.478631358	2381538.5247401525
2578762.8875937983	2366134.931021754
2626754.1037238385	2350444.6738032396
2675638.4445520453	2334462.4182280996
2725432.531281028	2318182.73015723
2776153.2944368036	2301600.0743212732
2827817.979625338	2284708.8124385746
2880444.1533962977	2267503.2012980864
2934049.709215787	2249977.390806638
2988652.873550383	2232125.4219998224
3044272.2120643063	2213941.2250158913
3100926.6359319235	2195418.617031943
3158635.408267819	2176551.300161677
3217418.1506763715	2161990.185714911
3277294.849923382	2147471.4467806276
3338285.8647317644	2132682.511644325
3400411.9327037027	2117618.3519087136
3463694.1773717343	2102273.845597163
3528154.1153808828	2086643.7754121956
3593813.6638046256	2070722.8269615364
3660695.147596906	2054505.5869511643
3728821.30718283	2037986.5413447423
3798215.306190736	2021160.073488767
3868900.7393279755	2004020.4622028696
3940901.6404034477	1986561.8798345346
4014242.490499326	1970890.603658418
4088948.226294856	1957533.192047541
4165044.248545185	1943927.1967337395
4242556.430717777	1930067.991532008
4321511.127789762	1915950.864163246
4401935.1852088785	1901571.0146520361
4483855.948021181	1886923.5536946084
4567301.270168747	1872003.5009964064
4652299.523960189	1856805.783578757
4738879.609717651	1841325.2340539822
4827070.965603188	1825556.588868442
4916903.577628021	1809494.4865128729
5008407.989848212	1793133.4656994008
5101615.314749833	1780740.688651918
5196557.243827657	1768285.289587089
5293266.058360566	1755598.093426302
5391774.640387494	1742674.7863861632
5492116.483887789	1729510.9744030267
5594325.706169377	1716102.181638984
5698437.0594691355	1702443.8489600164
5804485.942768984	1688531.3323858446
5912508.413831869	1674359.901510933
6022541.201461928	1659924.7378960822
6134621.717992506	1645220.9334301313
6248788.072006888	1630243.4886611293
6365079.081295578	1616949.3468634808
6483534.286054714	1605596.451531752
6604193.962330305	1594032.276886134
6727099.135712336	1582252.8909826488
6852291.595284057	1570254.288703167
6979813.907830667	1558032.390393629
7109709.432312423	1545583.0404769243
7242022.334607315	1532902.0060399352
7376797.60252773	1519984.9753943216
7514081.061116962	1506827.5566104832
7653919.388230155	1493425.2760242627
7796360.130405221	1479773.5767158575
7941451.71902934	1465867.8169604016
8089243.486805938	1455510.9256149358
8239785.684528512	1445009.9347717967
8393129.498166373	1434313.518702259
8549327.066268368	1423418.0405096107
8708431.497690724	1412319.795613864
8870496.889654402	1401015.0104921763
9035578.34613892	1389499.8413957967
9203731.99661823	1377770.3730431579
9375015.01514529	1365822.6172886381
9549485.639791967	1353652.511766545
9727203.192450536	1341255.9185098696
9908228.099003786	1328628.622543333
10092621.909870483	1317540.267672998
10280447.320933098	1308035.9243998835
10471768.194855202	1298354.7036812354
10666649.582795387	1288493.3137976958
10865157.746525371	1278448.401770449
11067360.180959744	1268216.5522211723
11273325.63710487	1257794.2862107742
11483124.14543511	1247178.060056512
11696827.039703846	1236364.2641271045
11914506.981197748	1225349.2216154188
12136237.983442418	1214129.187288314
12362095.437367693	1202700.3462132271
12592156.13694151	1191099.4374287487
12826498.3052806	1182521.7564855264
13065201.621247198	1173784.4434404073
13308347.24654076	1164884.5275128111
13556017.853293689	1155818.9826354296
13808297.652180923	1146584.7264253236
14065272.421052363	1137178.6191358834
14327029.534098294	1127597.4625892816
14593657.991557576	1117837.9990890552
14865248.449978571	1107896.9103124598
15141893.25304352	1097770.8161821964
15423686.462966273	1087456.2737171531
15710723.892474487	1076949.7758617543
16003103.137387017	1067819.128769977
16300923.609797413	1059953.448938198
16604286.571875297	1051941.3874663573
16913295.17029647	1043780.2201672255
17228054.471313924	1035467.1721559855
17548671.49648152	1026999.4169067405
17875255.259042352	1018374.0752914691
18207916.800994623	1009588.2146010838
18546769.230846975	1000638.8475482839
18891927.762076646	991522.931251843
19243509.75230332	982237.3662019968
19601634.743191857	972778.9952065794
19966424.501097932	963246.6797236031
20338003.0584698	956181.244557352
20716496.75602067	948984.3204404311
21102034.285685964	941653.4603410938
21494746.734379806	934186.171687919
21894767.628566206	926579.9155223048
22302232.979659364	918832.1056351986
22717281.330269028	910940.1076877571
23140053.80130654	902901.2383156425
23570694.139967278	894712.7642166519
24009348.76860652	886371.9012213612
24456166.83452444	877875.8133464806
24911300.26067791	869221.6118305873
25374903.797335718	861776.5162536108
25847135.07469564	855324.2894513472
26328154.656480197	848751.9856104084
26818126.094530128	842057.3700766729
27317215.98441379	835238.1666087251
27825594.022071257	828292.0566039113
28343433.061513092	821216.6783099858
28870909.173592344	814009.6260220924
29408201.705870606	806668.4492647983
29955493.34359816	799190.651958905
30512970.171828706	791573.6915727581
31080821.738690637	783814.9782577535
31659241.119835205	776052.7004316128
32248424.98408439	770277.9539986678
32848573.66030047	764395.7385519975
33459891.20549975	758404.0540749714
34082585.47423452	752300.8633303067
34716868.189265594	746084.0911673895
35362955.013550386	739751.6238166995
36021065.62357073	733301.3081711053
36691423.78402494	726730.9510537875
37374257.42391064	720038.3184725309
38069798.71402284	713221.1348601457
38778284.14589453	706277.0823007495
39499954.61220647	699203.7997416501
40235055.48869293	693178.9396212416
40983836.717572615	687922.2491736348
41746552.89253134	682567.7308223408
42523463.34528677	677113.563973426
43314832.23376403	671557.894151393
44120928.631911896	665898.8323686422
44942026.62119142	660134.4544831912
45778405.38376616	654262.8005444488
46630349.29742726	648281.8741268093
47498148.03228505	642189.6416508465
48382096.649259575	635984.0316918769
49282495.700405136	629662.9342756493
50199651.33110079	623385.9388442121
51133875.38414321	618694.4741961943
52085485.50577665	613915.7005927957
53054805.25369574	609047.9931995015
54042164.20705915	604089.6969433485
55047898.078549676	599039.1259501848
56072348.82852027	593894.5629714534
57115864.78126434	588654.2588003093
58178800.74344935	583316.4316768715
59261518.124755524	577879.2666824034
60364385.060758635	572340.9151222223
61487776.53810017	566699.4938971224
62632074.521986924	560953.0848631014
63797668.08606282	556106.1718045593
64984953.54469889	551846.2277960787
66194334.587743886	547507.0055047452
67426222.41778335	543087.0295482255
68681035.88995308	538584.797087069
69959201.65435374	533998.7773137293
71261154.30111745	529327.410932069
72587336.50817245	524569.109627185
73938199.19175874	519722.25552536326
75314201.65974376	514785.200643986
76715811.76779301	509756.2663311969
78143506.07844542	504633.7426951435
79597770.02314977	499585.30214250187
81079098.06731695	495791.7923020969
82587993.87844272	491927.68459807395
84124970.49736118	487991.6651921782
85690550.51268347	483982.39579540153
87285266.2384837	479898.5132129497
88909659.89529167	475738.62888074096
90564283.79445294	471501.3283932811
92249700.52592173	467185.1710227475
93966483.1495469	462788.6892291284
95715215.38991857	458310.38816124236
97496491.83484097	453748.74514847284
99310918.137498	449102.2091830453
101159111.22238298	445220.8588768742
103041699.49505854	441783.00217918085
104959323.05582266	438281.1663833708
106912633.91734771	434714.1608275425
108902296.22637327	431080.7726913728
110928986.48952228	427379.7665837471
112993393.80332193	423609.8841227103
115096220.0885031	419769.8435076047
117238180.32865997	415858.3390832461
119420002.8133535	411874.0408959843
121642429.3857368	407815.59424150636
123906215.6947913	403681.61920421955
126212131.45225461	399638.4957609583
128560960.69432965	396582.36066640983
130953502.04826704	393469.3503777322
133390569.00390588	390298.4064378856
135872990.19027063	387068.4506917635
138401609.65731302	383778.384919609
140977287.16289675	380427.0904636103
143600898.46512634	377013.4278475428
146273335.620113	373536.2363893359
148995507.28528506	369994.33380642685
151768339.02834037	366386.5158137732
154592773.64194784	362711.5557143845
157469771.46430898	358968.2039822297
160400310.70568198	355871.30806484853
163385387.78098568	353105.9513193139
166426017.64859018	350289.1308142023
169523234.15541214	347419.8888001917
172678090.38843593	344497.2497040817
175891659.03277326	341520.21979708923
179165032.73638958	338487.7868569682
182499324.48161504	335398.9198238443
185895667.9635688	332252.5684496447
189355217.9756299	329047.6629410008
192879150.80207777	325783.1135955079
196468664.61804405	322457.8104312128
200124979.8969035	319230.6288685572
203849339.82524642	316775.68068870425
207643010.7255779	314275.0455055001
211507282.48687947	311727.8730760391
215443469.00318778	309133.2973342492
219452908.62033114	306490.4360964214
223536964.59097964	303798.39076125907
227697025.53816846	301056.2460043417
231934505.92744273	298263.0694669064
236250846.547794	295417.9114388338
240647515.00154215	292519.8045357375
245126006.20333397	289567.7633700443
249687842.8884332	286560.7842159501
254334576.13046482	284096.875826552
259067785.8688001	281878.20602923824
263889081.44575077	279618.24640947604
268800102.15376073	277316.22855664446
273802517.7927863	274971.3697598695
278898029.23804396	272582.87274189544
284088369.0183295	270149.92538799986
289375301.9050947	267671.7004698672
294760625.51248586	265147.35536432324
300246170.90855557	262576.0317668327
305833803.23784316	259956.85539966743
311525422.35554785	257288.93571464065
317322963.4734973	254719.85133541087
323228397.81813806	252752.3594728624
329243733.30077755	250748.25225197137
335371015.2002929	248706.84825468925
341612326.8585518	246627.4533816606
347969790.3887688	244509.36061622293
354445567.3970435	242351.84978401437
361041859.71733445	240154.18730810503
367760910.160103	237915.6259595741
374605003.2748981	235635.40460344244
381576466.1271245	233312.74793987934
388677669.0892668	230946.8662405934
395911026.6468467	228536.95508031486
403278998.21937054	226581.13456561053
410784088.99656343	224804.72649874756
418428850.79015756	222995.25917549347
426215882.9015325	221152.11735746192
434147833.0055101	219274.67435657518
442227398.0505897	217362.29182198425
450457325.17594445	215414.31952302126
458840412.64547515	213430.095128115
467379510.7992463	211408.9439795919
476077523.0226378	209350.17886428384
484937406.7335233	207253.09977986914
493962174.38783056	205116.993696863
503154894.5038046	203076.1287806234
512518692.70533323	201502.19448881742
522056752.7846986	199898.96901202665
531772317.7850967	198265.90723631467
541668691.1033136	196602.45390308156
551749237.6129117	194908.04342027009
562017384.8083187	193182.09967005937
572476623.970219	191424.0358129776
583130511.3526218	189633.25408837092
593982669.3920338	187809.14561115703
605036787.9391212	185951.09016479884
616296625.5132942	184058.45599042467
627766010.5806513	182130.59957202242
639448842.8556936	180580.9505548516
651349094.6272782	179160.98282106235
663470812.1092337	177714.589246131
675818116.816111	176241.27804065772
688395206.964551	174740.54826295786
701206358.9007177	173211.88964873715
714255928.5543104	171654.78243759545
727548352.9196217	170068.69719630294
741088151.5641569	168453.0946387881
754879928.1653446	166807.42544277347
768928372.0758306	165131.1300630009
783238259.9179205	163423.63854097875
797814457.2076613	161805.15199955515
812661920.0091946	160547.91251425655
827785696.619849	159267.2755882097
843190929.286625	157962.80579106143
858882855.9546258	156634.05958902457
874866812.0479896	155280.58519407402
891148232.2840202	153901.92241033138
907732652.5210242	152497.6024775956
924625711.6405733	151067.14791195845
941833153.4647961	149610.07234345409
959360828.7093127	148125.8803506901
977214696.9725724	146614.06729239624
995400828.7621539	145074.11913584356
1013925407.5588143	143848.1358506272
1032794731.9189526	142714.60166256392
1052015217.6161569	141559.9722103834
1071593399.8226712	140383.85490763042
1091535935.3313932	139185.84986174986
1111849604.81927	137965.549738118
1132541315.1528125	136722.5396215437
1153618101.736476	135456.39687519465
1175087130.9048076	134166.690996894
1196955702.3590453	132852.983472747
1219231251.6491096	131514.82762804074
1241921352.7017846	130151.76847536901
1265033720.3959012	128870.03519089724
1288576213.185518	127866.98242648365
1312556835.7718453	126845.26267944892
1336983741.8249452	125804.52855407035
1361865236.7560828	124744.42618953112
1387209780.541618	123664.59513960531
1413025990.5995336	122564.66825010044
1439322644.7194095	121444.27153402274
1466108684.0469828	120303.02404441692
1493393216.1242533	119140.53774483915
1521185517.9861019	117956.41737742253
1549495039.3146317	116750.26032848287
1578331405.6521199	115521.65649162761
1607704421.673822	114552.95119462108
1637624074.521689	113649.07030119537
1668100537.2000556	112728.3680305425
1699144172.0346258	111790.53133396954
1730765534.1957276	110835.24133689486
1762975375.2872038	109862.17323042655
1795784647.0020967	108870.99616092326
1829204504.8462899	107861.37311750205
1863246311.9315598	106832.96081744914
1897921642.8391032	105785.40958950175
1933242287.5550432	104718.36325495542
1969220255.4791734	103631.45900655861
2005867779.5082297	102617.59578100404
2043197320.1952705	101818.1501994513
2081221569.9863415	101003.82679959542
2119953457.536069	100174.34870270643
2159406152.1035676	99329.43387729349
2199593068.0300703	98468.79504321248
2240527869.3000183	97592.1395739862
2282224474.1869006	96699.16939730945
2324697059.9856453	95789.58089370074
2367960067.833079	94863.06479326775
2412028207.618002	93919.30607055366
2456916462.98279	92957.98383742344
2502640096.4179215	91978.77123395997
2549214654.4514203	91214.17438087433
2596655972.934872	90494.09665477597
2644980182.4277143	89760.61815966954
2694203713.6818824	89013.48950496325
2744343303.2283683	88252.45665886448
2795415999.067865	87477.26086200553
2847439166.4672475	86687.638539463
2900430493.8639855	85883.32121113902
2954407998.8803797	85064.03540047533
3009390034.449724	84229.50254146881
3065395295.056536	83379.43888395544
3122442823.0928583	82513.55539713251
3180552015.3329134	81712.3865382137
3239742629.5281954	81075.77928406597
3300034791.1252885	80427.32466059603
3361449000.108775	79766.8021862449
3424006137.9714255	79093.98727625437
3487727474.8141704	78408.65116630546
3552634676.5781393	77710.5608347362
3618749812.411284	76999.4789233122
3686095362.1721687	76275.16365652176
3754694224.0733366	75537.36875936994
3824569722.4669914	74785.84337364191
3895745615.775501	74020.3319726088
3968246104.5694857	73240.5742741461
4042095839.796318	72637.65698641748
4117319931.1616793	72064.4846787391
4193943955.6671777	71480.64553688615
4271993966.306777	70885.94104925946
4351496500.925055	70280.1690099255
4432478591.24041	69663.12344986382
4514967772.036101	69034.59456693554
4598992090.5224285	68394.36865454802
4684580115.873045	67742.22802899255
4771760948.938751	67077.95095542986
4860564232.142149	66401.31157249748
4951020159.556351	65712.07981551462
5043159487.171348	65079.55757417301
5137013543.351338	64573.0259629061
5232614239.486667	64057.06771216413
5329994080.844104	63531.50739058247
5429186177.618942	62996.16630198908
5530224256.192888	62450.86242464547
5633142670.601352	61895.410349357655
5737976414.21414	61329.62121643525
5844761131.633649	60753.302651476755
5953533130.81437	60166.25869996046
6064329395.408049	59568.28976061742
6177187597.338489	58959.19251756508
6292146109.610351	58338.759871178
6409244019.35647	57863.759011128335
6528521141.127848	57407.876624708384
6650018030.431105	56943.51018950603
6773775997.517745	56470.50181592973
6899837121.430025	55988.690676035985
7028244264.308367	55497.91294884577
7159041085.964888	54998.001764643894
7292272058.728297	54488.78714824114
7427982482.56491	53970.095961181105
7566218500.481063	53441.75184287148
7707027114.212319	52903.5751506192
7850456200.204509	52355.382898550255
7996554525.892329	51856.43377999753
8145371766.280737	51453.70919078138
8296958520.834915	51043.48982843392
8451366330.684739	50625.6362139519
8608647696.149244	50200.00627260417
8768856094.587408	49766.45528562449
8932045998.58096	49324.83584100572
9098272894.455566	48874.997783378414
9267593301.146902	48416.78816295602
9440064789.417603	47950.05118353057
9615746001.432076	47474.62814949993
9794696670.695385	46990.3574119098
9976977642.36321	46497.074313491554
10162650893.929972	46123.179458434395
10351779556.301762	45760.86318099862
10544427935.261662	45391.80413598947
10740661533.334322	45015.87683935502
10940547072.057436	44632.953471763925
11144152514.667904	44242.90383514527
11351547089.20999	43845.59530841995
11562801312.07373	43440.89280240784
11777987011.97118	43028.65871389622
11997177354.358854	42608.7528788533
12220446866.314913	42181.03252477074
12447871461.879063	41745.352222119625
12679528467.864315	41352.102428923776
12915496650.148827	41032.15790200672
13155856240.457052	40706.25915300326
13400688963.639534	40374.29537282723
13650078065.460136	40036.153690216575
13904108340.900667	39691.71913335571
14162866162.991974	39340.874590783984
14426439512.181587	38983.500771576706
14694918006.248201	38619.47616478469
14968392930.772554	38248.676998119394
15246957270.1757	37870.97719586876
15530705739.334583	37486.24833603029
15819734815.786015	37094.3596066463
16114142772.530231	36800.31318160136
16414029711.444664	36512.584269526364
16719497597.31985	36219.50067343885
17030650292.528427	35920.96274175816
17347593592.339325	35616.86896837088
17670435260.889503	35307.11595811749
17999285067.824764	34991.598391637024
18334254825.62285	34670.20898955716
18675458427.61074	34342.838476018194
19023011886.689457	34009.37554151822
19377033374.77993	33669.706805066475
19737643263.002552	33323.71677563279
20104964162.604927	33014.0430070023
20479120966.650833	32760.064045933104
20860240892.485046	32501.35849318237
21248453524.988873	32237.838386074647
21643890860.6402	31969.41412493419
22046687352.394028	31695.994442619918
22456979955.397717	31417.486373493724
22874908173.55704	31133.795221811277
23300614106.96929	30844.824529524278
23734242500.23866	30550.47604348379
24175940791.69123	30250.649682032938
24625859163.505444	29945.243500978162
25084150592.775414	29634.153658927276
25550970903.525124	29403.11378638381
26026478819.690044	29174.798550724485
26510836019.085308	28942.23432968034
27004207188.377697	28705.34204891032
27506760079.080673	28464.041162486534
28018665564.59201	28218.249625507608
28540097698.292374	27967.88386620267
29071233772.725693	27712.85875751583
29612254379.880314	27453.087588162227
30163343472.591972	27188.482033145337
30724688427.090096	26918.952123725365
31296480106.707504	26644.406216829022
31878912926.77636	26400.758474179293
32472184920.731255	26199.3006547079
33076497807.442425	25994.093670936894
33692057059.802742	25785.06775028071
34319071974.590427	25572.151821674157
34957755743.632645	25355.27349140732
35608325526.29274	25134.359018511022
36271002523.30648	24909.333289684204
36946012051.993095	24680.11979375445
37633583622.865326	24446.640595663448
38333951017.6659	24208.81630996809
39047352368.85556	23966.566073848666
39774030240.58036	23719.807519614737
40514231711.14655	23538.42691393143
41268208457.02952	23357.387491383666
42036216838.44701	23172.978894377346
42818517986.52406	22985.13842200247
43615377892.080055	22793.802206474527
44427067496.06892	22598.905191418602
45253862781.70167	22400.381109749636
46096044868.284195	22198.162461140757
46953900106.80053	21992.18048907251
47827720177.27485	21782.36515745501
48717802187.94641	21568.64512681477
49624448776.28914	21350.947730038624
50547968211.912254	21159.394287754203
51488674501.37487	20999.69295612637
52446887494.95119	20837.019555542804
53422932995.38363	20671.318775294527
54417142868.658875	20502.534275330887
55429855156.84652	20330.608667103235
56461414193.036606	20155.483494052256
57512170718.41614	19977.099211732206
58582482001.525475	19795.395167565028
59672711959.7331	19610.30958021791
60783231282.972115	19421.779518596843
61914417559.77835	19229.740880449448
63066655405.67406	19034.128370569608
64240336593.94204	18891.805656984503
65435860188.83229	18748.307539790378
66653632681.24893	18602.138898218207
67894068126.96099	18453.250033354878
69157588287.38525	18301.590321382115
70444622772.99051	18147.10819636373
71755609189.36922	17989.75113271273
73090993286.02888	17829.46562733194
74451229107.95128	17666.197181422445
75836779149.97191	17499.89028195347
77248114514.03416	17330.48838278726
78685715069.36842	17157.93388545287
80150069615.6538	17007.38204473041
81641676049.21454	16880.780879502694
83161041532.30962	16751.823645048145
84708682665.57419	16620.466494517554
86285125663.66887	16486.66476506441
87890906534.19963	16350.372962658954
89526571259.96382	16211.544746619898
91192675984.59299	16070.132913857871
92889787201.64516	15926.089382826078
94618481947.21991	15779.365177171945
96379347996.15794	15629.910409084556
98172984061.88821	15477.674262332472
100000000000.0	15322.60497498541
