# Frequency (Hz)	Real Part (Ohm/m)
1000.0	12093838.946073918
1018.6101701559753	12142396.791780801
1037.566678745186	12191858.307258697
1056.875971184804	12242240.309955807
1076.5446128423157	12293559.93029591
1096.5792912678098	12345834.617502885
1116.9868184678226	12399082.145533627
1137.7741332214914	12453320.619121412
1158.9483034398106	12508568.479931662
1180.5165285688054	12564844.512832347
1202.4861420374123	12622167.852281015
1224.8646137509306	12680557.98883073
1247.6595526308697	12740034.775757069
1270.8787092020582	12791618.503143499
1294.529978227916	12835522.013849627
1318.6214013947485	12880242.576360436
1343.1611700460153	12925795.396149045
1368.1576279674719	12972195.961665003
1393.619274224142	13019460.049600545
1419.5547660501015	13067603.730254838
1445.9729217920194	13116643.37299804
1472.882723907502	13166595.65183708
1500.2933220192183	13217477.551084999
1528.2140360258693	13269306.371135777
1556.654359271062	13322099.734346684
1585.6239617711371	13375450.901572308
1615.132693503091	13413078.478386264
1645.1905877536624	13451406.310807286
1675.807864530767	13490447.430711372
1706.9949340384078	13530215.112499956
1738.7624002162504	13570722.877613332
1771.1210643450886	13611984.499128107
1804.0819287193826	13654014.00644018
1837.6562003881704	13696825.690034905
1871.8552949655793	13740434.106345993
1906.690840512252	13784854.082704859
1942.1746814890264	13830100.722382095
1978.3188827841643	13876189.4097227
2015.1357338155585	13914459.777886031
2052.6377527092523	13945907.80238694
2090.8376905557498	13977941.07997488
2129.748535745521	14010570.502309386
2169.3835183851843	14043807.163745627
2209.756114795903	14077662.365106616
2250.880052095462	14112147.617525596
2292.7693128656488	14147274.64635996
2335.438139906479	14183055.395178013
2378.9010410788933	14219502.029819874
2423.1727942376006	14256626.942534039
2468.2684522556924	14294442.75619083
2514.2033481427966	14332224.835042696
2560.9931002584594	14356567.711786192
2608.6536176225477	14381363.613607964
2657.2011053245064	14406620.971381813
2706.652070033241	14432348.37288152
2757.0233256095826	14458554.565700814
2808.3319988231724	14485248.460227612
2860.5955351757416	14512439.132673675
2913.831704832789	14540135.828160618
2968.0586086656026	14568347.963863332
3023.2946844057765	14597085.132211942
3079.5587129142264	14626357.104153315
3136.8698245668766	14656173.832473315
3195.2475057592133	14679144.879700426
3254.711605531848	14696734.11602865
3315.282342319423	14714650.691037852
3376.9803108250912	14732900.696556592
3439.8264890229243	14751490.337783383
3503.8422452906757	14770425.935396545
3569.0493456752292	14789713.927703291
3635.4699612933177	14809360.872828834
3703.126675869927	14829373.450946204
3772.0424934169973	14849758.4665476
3842.240846055061	14870522.850757975
3913.745601980384	14891673.66369168
3986.581073580439	14912378.877703965
4060.7720257003657	14923023.04771792
4136.343684063274	14933865.307547003
4213.321743847289	14944909.343676379
4291.732378422157	14956158.911197335
4371.602248248501	14967617.835084032
4452.958509942655	14979290.011494072
4535.828825510186	14991179.409093188
4620.241371751313	15003290.070404679
4706.224849841281	15015626.113183875
4793.808495089106	15028191.731818246
4883.02208687788	15040991.198753515
4973.895958790063	15054028.865946358
5066.461008921268	15061920.994043337
5160.7487103859075	15066141.779430525
5256.791122018419	15070441.11435196
5354.620899273607	15074820.460627843
5454.271305329836	15079281.307283094
5555.7762223988775	15083825.171053635
5659.170163246242	15088453.59690211
5764.488282925873	15093168.158543186
5871.766390733255	15097970.458978606
5981.040962380945	15102862.131042274
6092.349152400711	15107844.837955391
6205.7288067765	15112920.273892002
6321.218475812449	15117388.51276585
6438.8574272404185	15115566.481418146
6558.685659571435	15113710.541757029
6680.743915695614	15111820.062743027
6805.073696735206	15109894.401592888
6931.717276155407	15107932.90356109
7060.717714137772	15105934.901717156
7192.118872221193	15103899.716718936
7325.96542821523	15101826.656581597
7462.302891391108	15099715.016442362
7601.17761795533	15097564.078320825
7742.636826811269	15095373.110874854
7886.728615614156	15093141.369151903
8033.501977124735	15087824.826421712
8183.00681586739	15080466.182404697
8335.293965098195	15072970.5927704
8490.415204088747	15065335.508937594
8648.423275731726	15057558.334895503
8809.37190447399	15049636.426321158
8973.31581458352	15041567.089680284
9140.310748756232	15033347.581311474
9310.413487069076	15024975.106493328
9483.681866285926	15016446.818494184
9660.174799522645	15007759.817604244
9839.952296278227	14998911.150149588
10023.075482838643	14989523.68040138
10209.606623060476	14977318.333898503
10399.609139541202	14964885.843820395
10593.1476351837	14952221.982986474
10790.287915161836	14939322.4455476
10991.097009294961	14926182.845522055
11195.643194838794	14912798.715304254
11403.99601970033	14899165.504145708
11616.22632608502	14885278.576607728
11832.40627458378	14871133.210985325
12052.609368708414	14856724.597701771
12276.910479883603	14842047.837673297
12505.385872903913	14827097.940643355
12738.113231864783	14811094.734395828
12975.171686575868	14794348.888515497
13216.641839466038	14777291.399593925
13462.60579298911	14759916.46790109
13713.147177539455	14742218.185773004
13968.351179887397	14724190.535603039
14228.30457214352	14705827.387795908
14493.09574126215	14687122.498683488
14762.81471909391	14668069.508401927
15037.553212997384	14648661.93872925
15317.404637020798	14628893.190882653
15602.46414366368	14608756.543274859
15892.828656229764	14588301.847641988
16188.596901781993	14567790.756511614
16489.86944471065	14546897.950485216
16796.74872092653	14525616.325783633
17109.339072690134	14503938.64642516
17427.746784089173	14481857.541765235
17752.08011717636	14459365.503990358
18082.44934877952	14436454.885565337
18418.96680799711	14413117.896633044
18761.746914391195	14389346.602365797
19110.90621689136	14365132.920267409
19466.56343342263	14340468.617425064
19828.83949127071	14315345.307710048
20197.857568198782	14290934.26249049
20573.743134329114	14266675.524425505
20956.623994804308	14241965.327117357
21346.630333242454	14216795.268832719
21743.8947560008	14191156.791480571
22148.55233726359	14165041.177702358
22560.74066496859	14138439.547908006
22980.599887588487	14111342.857256757
23408.272761782944	14083741.892581815
23843.904700937208	14055627.269257812
24287.643824604504	14026989.428009877
24739.64100886812	13997818.631663416
25200.049937640895	13968629.149848145
25669.027154919517	13941390.529750125
26146.732118010917	13913644.994297272
26633.327251749808	13885383.109708572
27128.978003724646	13856595.266638743
27633.852900531667	13827271.676910965
28148.123605075813	13797402.370188767
28671.964974937695	13766977.190586029
29205.55512182745	13735985.79321386
29749.075472144435	13704417.64066322
30302.71082866393	13672261.999422107
30866.649433372742	13639507.936226016
31441.08303147265	13606144.31434055
32026.206936576502	13574978.230597753
32622.220097116733	13544525.109192625
33229.325163989684	13513505.250016376
33847.72855945983	13481908.105982631
34477.640547344636	13449722.933721984
35119.275304507275	13416938.789929066
35772.850993678774	13383544.52764174
36438.58983763541	13349528.792451018
37116.71819475767	13314880.01864041
37807.466635993485	13279586.425253497
38511.070023255685	13243636.012088237
39227.76758927723	13207016.555616787
39957.803018952654	13170729.10333231
40701.42453219439	13137857.914598502
41458.88496832911	13104374.987449137
42230.441872066716	13070268.9373282
43016.35758106799	13035528.16781116
43816.89931514194	13000140.866662066
44632.33926710397	12964095.001817223
45462.95469532399	12927378.317294197
46309.02801799736	12889978.329024633
47170.84690917023	12851882.320609543
48048.704396551344	12813077.338995585
48942.89896114532	12773550.190070897
49853.73463873894	12733287.434178932
50781.5211232767	12696563.782297034
51726.57387216024	12660903.12151626
52689.21421350677	12624578.80977048
53669.76945540476	12587578.49640231
54668.57299720181	12549889.600906538
55685.96444286408	12511499.308652598
56722.28971644549	12472394.566527467
57777.90117970507	12432562.078497488
58853.1577519145	12391988.301087538
59948.42503189408	12350659.438776115
61064.07542232036	12308561.439304724
62200.48825634718	12265679.988899944
63358.04992658254	12223547.80116312
64537.15401646702	12186010.497735908
65738.20143409586	12147774.61870472
66961.60054853215	12108827.1634587
68207.76732865692	12069154.889443403
69477.1254846024	12028744.30765821
70770.10661181889	11987581.678069895
72087.15033782135	11945653.004940871
73428.70447166759	11902944.032070503
74795.22515621828	11859440.237947829
76187.17702322999	11815126.830814099
77605.0333513357	11769988.743633427
79049.2762269642	11724010.628969805
80520.39670825469	11682909.166419575
82018.8949920221	11643101.99745756
83545.28058382872	11602554.010307737
85100.07247122246	11561251.418217579
86683.79930019773	11519180.177860737
88296.99955494082	11476325.984562177
89940.22174092053	11432674.267434431
91614.0245713852	11388210.184423346
93318.9771573324	11342918.61726159
95055.65920101192	11296784.166328324
96824.66119303115	11249791.145413144
98626.5846131283	11201923.576382577
100462.04213468132	11155307.428200593
102331.65783302448	11114310.050504861
104236.06739764012	11072549.704634262
106175.9183482999	11030012.191621242
108151.87025522892	10986683.048253028
110164.59496336569	10942547.542154025
112214.77682079801	10897590.666776601
114303.11291144785	10851797.136298725
116430.31329208757	10805151.380426608
118597.10123376705	10757637.539100653
120804.21346773289	10709239.457102861
123052.40043592616	10659940.678563869
125342.42654613995	10609724.441367788
127675.07043192645	10565743.000748217
130051.12521734099	10523196.79321017
132471.39878661174	10479858.793510353
134936.71405883064	10435714.266261905
137447.90926775365	10390748.20184991
140005.8382468096	10344945.311327958
142611.37071941295	10298290.021219755
145265.39259467812	10250766.468223967
147968.80626863963	10202358.49382051
150722.53093107554	10153049.638776504
153527.5028780421	10102823.137549927
156384.67583022476	10051661.912589177
159295.0212572123	10002321.815026645
162259.5287078087	9959442.538534427
165279.2061464897	9915765.271410516
168355.08029612005	9871275.162913488
171488.19698705408	9825957.085927064
174679.62151272455	9779795.631816788
177930.43899185772	9732775.10519087
181241.75473742394	9684879.518563617
184614.69463245454	9636092.58691952
188050.40551285836	9586397.722176127
191550.0555573528	9535778.027543988
195114.83468466165	9484216.291781504
198745.9549580986	9431694.98334293
202444.65099768018	9386676.468045576
206212.18039991445	9343129.638958145
210049.8241653915	9298772.395971648
213958.88713434213	9253589.657145523
217940.6984302958	9207566.059861727
221996.61191199525	9160685.955601297
226128.00663372793	9112933.404623644
230336.2873142131	9064292.170546917
234622.88481422624	9014745.714827426
238989.25662310526	8964277.191136366
243436.8873543108	8912869.439631904
247967.289250216	8860504.981124595
252582.00269627848	8810537.080840213
257282.59674479323	8767577.997310247
262070.66964838552	8723819.437926032
266947.8494034318	8679246.52430591
271915.7943036019	8633844.101178959
276976.1935036891	8587596.731232127
282130.76759394706	8540488.689861322
287381.2691851069	8492503.959824882
292729.4835042813	8443626.225797586
298177.22900196735	8393838.86882319
303726.3579703311	8343124.960663895
309378.75717301364	8291467.258044478
315136.34848664823	8238848.196789442
321001.08955431683	8194733.211312639
326974.97445117676	8152005.948505233
333060.03436245886	8108483.524066687
339258.33827409917	8064151.13990374
345571.9936762143	8018993.722528094
352003.1472796675	7972995.917931292
358553.9857459817	7926142.086364136
365226.7364308175	7878416.297019058
372023.6681413066	7829802.322613439
378947.09190746717	7780283.633872169
385999.36176797637	7729843.393907534
393182.87557057705	7678464.45249444
400500.07578736113	7629980.434105448
407953.45034524484	7588666.67081782
415545.53347188793	7546584.051365619
423278.90655735444	7503718.267204811
431156.19903182285	7460054.7435068935
439180.0892596086	7415578.634203354
447353.3054498463	7370274.816937798
455678.6265841068	7324127.88792421
464158.8833612772	7277122.156709515
472796.9591600391	7229241.640838598
481595.79101923504	7180470.06042017
490558.37063650455	7130790.832591382
499687.7453854889	7080187.065879475
508987.0193519675	7038677.108748005
518459.3543892913	6998359.858453454
528107.971193433	6957292.297270704
537936.1503980698	6915460.461786455
547947.2336900292	6872850.128725901
558144.6249454955	6829446.810116698
568531.7913873753	6785235.748362832
579112.2647641759	6740201.911226956
589889.6425508494	6694329.986719205
600867.5891719692	6647604.377890979
612049.837247669	6600009.197531827
623440.1888627863	6551528.262767576
635042.5168595961	6506294.992713972
646860.7661546321	6467998.301821998
658898.9550799957	6428988.90299611
671161.1767496272	6389253.532620398
683651.6004510238	6348778.680240776
696374.4730628222	6307550.583971337
709334.1204987989	6265555.225815115
722534.9491787221	6222778.32689784
735981.4475265755	6179205.342612977
749678.1874966878	6134821.457676361
763629.8261282243	6089611.581088897
777841.1071286482	6043560.341005409
792316.8624866261	5996652.079508069
807062.0141149492	5958965.1785124615
822081.575524054	5922201.047763204
837380.6535266489	5884752.730285066
852964.4499741016	5846607.4932466075
868838.2635251193	5807752.366856217
885007.4914473438	5768174.139952276
901477.6314524917	5727859.355511179
918254.2835656281	5686794.306071833
935343.1520292377	5644965.029074957
952750.0472427299	5602357.302115662
970480.8877380306	5558956.638107701
988541.7021919573	5514748.28035767
1006938.6314760271	5473963.478016053
1025677.9307444209	5439562.372742079
1044765.9715608053	5404521.057045399
1064209.2440647245	5368827.616501118
1084014.359178331	5332469.914954857
1104188.0508541602	5295435.59039634
1124737.1783647507	5257712.050756179
1145668.7286348727	5219286.46962442
1166989.8186171474	5180145.781889464
1188707.6977119034	5140276.679295739
1210829.7502320393	5099665.605918779
1233363.4979137746	5058298.753556056
1256316.6024741214	5016162.057032039
1279696.8682159416	4982958.756730327
1303512.2446815087	4950380.736262715
1327770.829355429	4917196.433290854
1352480.8704178738	4883394.564794179
1377650.769549055	4848963.637773189
1403289.084785873	4813891.945341713
1429404.533431761	4778167.562746429
1456005.9950206485	4741778.34331233
1483102.514336103	4704711.914312719
1510703.3044866556	4666955.672762348
1538817.7500383465	4628496.781132277
1567455.410205595	4589322.162984961
1596626.022101425	4553577.695938983
1626339.5040481905	4523464.614947484
1656605.9589499151	4492791.124394808
1687435.6777273756	4461546.794963673
1718839.1428171454	4429721.003245416
1750827.0317357269	4397302.928127929
1783410.220710006	4364281.547116383
1816599.7883753285	4330645.632585421
1850407.019542302	4296383.747961688
1884843.4090337954	4261484.243835245
1919920.6655932867	4225935.253998645
1955650.715865947	4189724.69141232
1992045.7084538713	4152840.244094812
2029118.0180466783	4124291.757048283
2066880.2496290822	4096085.1397101013
2105345.242766708	4067353.592423729
2144526.0759716653	4038087.346153519
2184436.0711494284	4008276.4500603876
2225088.7981283693	3977910.768118464
2266498.079273693	3946979.9756686976
2308677.994187172	3915473.55590838
2351642.884494346	3883380.7963153236
2395407.358720879	3850690.7850054586
2439986.29725955	3817392.407022721
2485394.857429798	3783474.3405598053
2531648.478631358	3752856.5014114324
2578762.8875937983	3727037.153813651
2626754.1037238385	3700737.303763752
2675638.4445520453	3673948.0090293516
2725432.531281028	3646660.160961586
2776153.2944368036	3618864.4813980847
2827817.979625338	3590551.519508312
2880444.1533962977	3561711.6485801456
2934049.709215787	3532335.062746732
2988652.873550383	3502411.773652357
3044272.2120643063	3471931.607056306
3100926.6359319235	3440884.1993735274
3158635.408267819	3409258.9941508626
3217418.1506763715	3385183.3134575495
3277294.849923382	3361207.136861092
3338285.8647317644	3336784.759538481
3400411.9327037027	3311907.8776182886
3463694.1773717343	3286568.032692606
3528154.1153808828	3260756.6089411336
3593813.6638046256	3234464.830201678
3660695.147596906	3207683.7569861743
3728821.30718283	3180404.2834411766
3798215.306190736	3152617.134251736
3868900.7393279755	3124312.8614877323
3940901.6404034477	3095481.84139145
4014242.490499326	3069726.3295318875
4088948.226294856	3047947.1388453846
4165044.248545185	3025762.6337143406
4242556.430717777	3003165.2711679856
4321511.127789762	2980147.367859566
4401935.1852088785	2956701.0974539397
4483855.948021181	2932818.4879665477
4567301.270168747	2908491.419052821
4652299.523960189	2883711.6192472163
4738879.609717651	2858470.6631507985
4827070.965603188	2832759.968566524
4916903.577628021	2806570.7935812133
5008407.989848212	2779894.233593177
5101615.314749833	2759896.6659275545
5196557.243827657	2739809.0890030107
5293266.058360566	2719347.6788538788
5391774.640387494	2698505.4783802424
5492116.483887789	2677275.4010093645
5594325.706169377	2655650.2282861914
5698437.0594691355	2633622.607418987
5804485.942768984	2611185.04877931
5912508.413831869	2588329.9233554704
6022541.201461928	2565049.4601585516
6134621.717992506	2541335.7435802296
6248788.072006888	2517180.7107013557
6365079.081295578	2495820.954838515
6483534.286054714	2477683.274690189
6604193.962330305	2459208.049228064
6727099.135712336	2440388.996676421
6852291.595284057	2421219.7183546172
6979813.907830667	2401693.6965014758
7109709.432312423	2381804.2920591827
7242022.334607315	2361544.742415912
7376797.60252773	2340908.1591064995
7514081.061116962	2319887.5254702615
7653919.388230155	2298475.694265263
7796360.130405221	2276665.385238194
7941451.71902934	2254449.1826489717
8089243.486805938	2238034.9147250913
8239785.684528512	2221394.5779372556
8393129.498166373	2204444.561650343
8549327.066268368	2187179.1026761876
8708431.497690724	2169592.3305726987
8870496.889654402	2151678.265647873
9035578.34613892	2133430.8169266093
9203731.99661823	2114843.780079729
9375015.01514529	2095910.8353144345
9549485.639791967	2076625.5452255048
9727203.192450536	2056981.3526065128
9908228.099003786	2036971.5782203046
10092621.909870483	2019452.897404901
10280447.320933098	2004498.191923779
10471768.194855202	1989265.176829021
10666649.582795387	1973748.672731361
10865157.746525371	1957943.4038522176
11067360.180959744	1941843.9962298707
11273325.63710487	1925444.975892263
11483124.14543511	1908740.7669957816
11696827.039703846	1891725.6899294152
11914506.981197748	1874393.959383627
12136237.983442418	1856739.682383282
12362095.437367693	1838756.856283982
12592156.13694151	1820504.3160582422
12826498.3052806	1807090.653174471
13065201.621247198	1793427.3597420186
13308347.24654076	1779509.7900938943
13556017.853293689	1765333.2121064633
13808297.652180923	1750892.805590457
14065272.421052363	1736183.660652066
14327029.534098294	1721200.7760235227
14593657.991557576	1705939.0573626133
14865248.449978571	1690393.315520553
15141893.25304352	1674558.2647776117
15423686.462966273	1658428.5210459155
15710723.892474487	1641998.6000387997
16003103.137387017	1627754.4003932916
16300923.609797413	1615520.1909289528
16604286.571875297	1603058.3007447596
16913295.17029647	1590364.4926637728
17228054.471313924	1577434.450654472
17548671.49648152	1564263.7783632528
17875255.259042352	1550847.9976196268
18207916.800994623	1537182.546913586
18546769.230846975	1523262.779844649
18891927.762076646	1509083.9635420262
19243509.75230332	1494641.2770554007
19601634.743191857	1479929.8097157504
19966424.501097932	1465105.2476475665
20338003.0584698	1454167.36726226
20716496.75602067	1443025.9310618371
21102034.285685964	1431677.150837941
21494746.734379806	1420117.1678830173
21894767.628566206	1408342.0516783022
22302232.979659364	1396347.7985574107
22717281.330269028	1384130.330345045
23140053.80130654	1371685.4929703716
23570694.139967278	1359009.055054593
24009348.76860652	1346096.70647223
24456166.83452444	1332944.0568856362
24911300.26067791	1319546.6342522323
25374903.797335718	1308043.3222738416
25847135.07469564	1298095.8950706217
26328154.656480197	1287963.344554535
26818126.094530128	1277642.2255492306
27317215.98441379	1267129.0287630358
27825594.022071257	1256420.179595768
28343433.061513092	1245512.0369233224
28870909.173592344	1234400.8918596578
29408201.705870606	1223082.9664957295
29955493.34359816	1211554.4126149653
30512970.171828706	1199811.3103848288
31080821.738690637	1187849.6670240306
31659241.119835205	1175884.5225455733
32248424.98408439	1167013.7933334606
32848573.66030047	1157977.9783413021
33459891.20549975	1148774.0052946426
34082585.47423452	1139398.7447434738
34716868.189265594	1129849.008998191
35362955.013550386	1120121.551045744
36021065.62357073	1110213.063445616
36691423.78402494	1100120.177205262
37374257.42391064	1089839.4606346102
38069798.71402284	1079367.418179253
38778284.14589453	1068700.4892319215
39499954.61220647	1057835.046921837
40235055.48869293	1048594.6833974537
40983836.717572615	1040545.4651988683
41746552.89253134	1032346.4496799846
42523463.34528677	1023994.8490871831
43314832.23376403	1015487.8237862738
44120928.631911896	1006822.4812969941
44942026.62119142	997995.8753095292
45778405.38376616	989005.0046827381
46630349.29742726	979846.8124237321
47498148.03228505	970518.1846484633
48382096.649259575	961015.9495229764
49282495.700405136	951336.8761849419
50199651.33110079	941727.0788805743
51133875.38414321	934563.504337851
52085485.50577665	927266.614453962
53054805.25369574	919833.9282077249
54042164.20705915	912262.9184057296
55047898.078549676	904551.0108230665
56072348.82852027	896695.5833280629
57115864.78126434	888693.9649907284
58178800.74344935	880543.4351746138
59261518.124755524	872241.22261176
60364385.060758635	863784.5044604407
61487776.53810017	855170.4053453639
62632074.521986924	846395.9963800142
63797668.08606282	839004.5756125714
64984953.54469889	832515.998384089
66194334.587743886	825906.6676293142
67426222.41778335	819174.3361045761
68681035.88995308	812316.7147446155
69959201.65435374	805331.4718842813
71261154.30111745	798216.2324657355
72587336.50817245	790968.5772309103
73938199.19175874	783586.0418989322
75314201.65974376	776066.1163282443
76715811.76779301	768406.2436631257
78143506.07844542	760603.8194643361
79597770.02314977	752915.6408168282
81079098.06731695	747150.1366898324
82587993.87844272	741277.3355499989
84124970.49736118	735295.2405816609
85690550.51268347	729201.8178080729
87285266.2384837	722994.995399836
88909659.89529167	716672.6629704535
90564283.79445294	710232.6708587781
92249700.52592173	703672.829398101
93966483.1495469	696990.9081716447
95715215.38991857	690184.6352541951
97496491.83484097	683251.696439623
99310918.137498	676189.7344540319
101159111.22238298	670296.9346967032
103041699.49505854	665082.0458378913
104959323.05582266	659770.1070100716
106912633.91734771	654359.312096808
108902296.22637327	648847.8213695292
110928986.48952228	643233.7608620042
112993393.80332193	637515.2217331683
115096220.0885031	631690.2596180994
117238180.32865997	625756.8939669173
119420002.8133535	619713.1073713691
121642429.3857368	613556.8448788926
123906215.6947913	607286.0132939061
126212131.45225461	601154.0705298871
128560960.69432965	596526.1231738526
130953502.04826704	591812.0489300496
133390569.00390588	587010.2449624423
135872990.19027063	582119.0786059425
138401609.65731302	577136.8868112859
140977287.16289675	572061.9755795806
143600898.46512634	566892.6193863273
146273335.620113	561627.0605947217
148995507.28528506	556263.508858038
151768339.02834037	550800.1405108931
154592773.64194784	545235.0979491828
157469771.46430898	539566.4889984742
160400310.70568198	534880.861216735
163385387.78098568	530699.5608534418
166426017.64859018	526440.4457789143
169523234.15541214	522102.0678481355
172678090.38843593	517682.95196586405
175891659.03277326	513181.59558508574
179165032.73638958	508596.46819612826
182499324.48161504	503926.0108062745
185895667.9635688	499168.6354096895
189355217.9756299	494322.72444747784
192879150.80207777	489386.63025770005
196468664.61804405	484358.67451514443
200124979.8969035	479479.87786564394
203849339.82524642	475772.87788071384
207643010.7255779	471996.88999529585
211507282.48687947	468150.6303328243
215443469.00318778	464232.79112357006
219452908.62033114	460242.0402599869
223536964.59097964	456177.0208437825
227697025.53816846	452036.3507245551
231934505.92744273	447818.62202984997
236250846.547794	443522.40068646485
240647515.00154215	439146.2259328504
245126006.20333397	434688.6098224391
249687842.8884332	430148.0367177228
254334576.13046482	426430.1353655253
259067785.8688001	423083.87339092494
263889081.44575077	419675.3369115901
268800102.15376073	416203.3669883919
273802517.7927863	412666.7831141465
278898029.23804396	409064.3828122314
284088369.0183295	405394.94122772774
289375301.9050947	401657.2107109582
294760625.51248586	397849.92039327434
300246170.90855557	393971.7757549453
305833803.23784316	390021.4581850083
311525422.35554785	385997.62453292456
317322963.4734973	382123.4316652904
323228397.81813806	379159.1013817734
329243733.30077755	376139.6044072816
335371015.2002929	373063.91408031
341612326.8585518	369930.984633006
347969790.3887688	366739.7508356005
354445567.3970435	363489.1276342178
361041859.71733445	360178.00978194433
367760910.160103	356805.27146303444
374605003.2748981	353369.765910118
381576466.1271245	349870.32501428906
388677669.0892668	346305.75892793806
395911026.6468467	342674.8556601878
403278998.21937054	339729.8117422494
410784088.99656343	337055.8480892715
418428850.79015756	334332.12151772017
426215882.9015325	331557.7059312139
434147833.0055101	328731.6579985595
442227398.0505897	325853.0168330099
450457325.17594445	322920.80366555153
458840412.64547515	319934.02151211246
467379510.7992463	316891.65483457904
476077523.0226378	313792.6691955
484937406.7335233	310636.0109063673
493962174.38783056	307420.60666934965
503154894.5038046	304348.9710848014
512518692.70533323	301981.713804456
522056752.7846986	299570.4014633204
531772317.7850967	297114.2141892176
541668691.1033136	294612.3168520088
551749237.6129117	292063.8587796412
562017384.8083187	289467.9734689115
572476623.970219	286823.7782908436
583130511.3526218	284130.37419058697
593982669.3920338	281386.84538172575
605036787.9391212	278592.2590349031
616296625.5132942	275745.6649606506
627766010.5806513	272846.0952863113
639448842.8556936	270516.45806049334
651349094.6272782	268382.305632666
663470812.1092337	266208.4362650176
675818116.816111	263994.1108185403
688395206.964551	261738.57639872356
701206358.9007177	259441.0660995617
714255928.5543104	257100.79874279737
727548352.9196217	254716.97861231276
741088151.5641569	252288.79518357848
754879928.1653446	249815.42284806553
768928372.0758306	247296.02063253018
783238259.9179205	244729.73191307177
797814457.2076613	242297.49408362876
812661920.0091946	240409.10839066803
827785696.619849	238485.57951864123
843190929.286625	236526.2534470065
858882855.9546258	234530.46398378722
874866812.0479896	232497.53253906235
891148232.2840202	230426.76789423526
907732652.5210242	228317.46596701493
924625711.6405733	226168.9095720192
941833153.4647961	223980.36817692238
959360828.7093127	221751.09765406998
977214696.9725724	219480.34002746304
995400828.7621539	217167.32321504192
1013925407.5588143	215326.57982810237
1032794731.9189526	213624.94268069355
1052015217.6161569	211891.63777642805
1071593399.8226712	210126.0757729616
1091535935.3313932	208327.65636018972
1111849604.81927	206495.76805613478
1132541315.1528125	204629.78799903422
1153618101.736476	202729.08173556376
1175087130.9048076	200793.00300511313
1196955702.3590453	198820.89352005345
1219231251.6491096	196812.08274191112
1241921352.7017846	194765.88765337592
1265033720.3959012	192841.96576780392
1288576213.185518	191336.93126487493
1312556835.7718453	189803.88781375583
1336983741.8249452	188242.31416315518
1361865236.7560828	186651.67936120546
1387209780.541618	185031.4425749358
1413025990.5995336	183381.0529063803
1439322644.7194095	181699.94920526937
1466108684.0469828	179987.5598782313
1493393216.1242533	178243.30269444332
1521185517.9861019	176466.58458766967
1549495039.3146317	174656.80145460938
1578331405.6521199	172813.33794949745
1607704421.673822	171360.27278502437
1637624074.521689	170004.60844355583
1668100537.2000556	168623.71495801854
1699144172.0346258	167217.1228097478
1730765534.1957276	165784.35374225766
1762975375.2872038	164324.92059862768
1795784647.0020967	162838.32715586305
1829204504.8462899	161324.0679561762
1863246311.9315598	159781.62813512256
1897921642.8391032	158210.4832465438
1933242287.5550432	156610.09908424926
1969220255.4791734	154979.93150037908
2005867779.5082297	153459.43515760117
2043197320.1952705	152260.8364499239
2081221569.9863415	151039.93161634807
2119953457.536069	149796.3055360754
2159406152.1035676	148529.53536283816
2199593068.0300703	147239.19038112875
2240527869.3000183	145924.8318597495
2282224474.1869006	144586.0129026415
2324697059.9856453	143222.2782969339
2367960067.833079	141833.16435816625
2412028207.618002	140418.19877263234
2456916462.98279	138976.9004367865
2502640096.4179215	137508.77929366508
2549214654.4514203	136362.68771143953
2596655972.934872	135283.4132291306
2644980182.4277143	134184.05326506108
2694203713.6818824	133064.23402499733
2744343303.2283683	131923.57475833208
2795415999.067865	130761.68762862416
2847439166.4672475	129578.1775817306
2900430493.8639855	128372.6422114831
2954407998.8803797	127144.67162286595
3009390034.449724	125893.84829264806
3065395295.056536	124619.74692741978
3122442823.0928583	123321.93431898895
3180552015.3329134	122121.1927448886
3239742629.5281954	121167.26854769498
3300034791.1252885	120195.59165887574
3361449000.108775	119205.83169781897
3424006137.9714255	118197.65213547352
3487727474.8141704	117170.71017992507
3552634676.5781393	116124.65665984331
3618749812.411284	115059.13590576062
3686095362.1721687	113973.78562913966
3754694224.0733366	112868.23679919222
3824569722.4669914	111742.11351740372
3895745615.775501	110595.0328897243
3968246104.5694857	109426.60489638109
4042095839.796318	108523.30688659637
4117319931.1616793	107664.6136258028
4193943955.6671777	106789.93993731414
4271993966.306777	105898.9884226515
4351496500.925055	104991.45614870025
4432478591.24041	104067.03454470876
4514967772.036101	103125.40929737136
4598992090.5224285	102166.26024395777
4684580115.873045	101189.26126345506
4771760948.938751	100194.08016568293
4860564232.142149	99180.37857834532
4951020159.556351	98147.81183198014
5043159487.171348	97200.24454292718
5137013543.351338	96441.51019367052
5232614239.486667	95668.65566907103
5329994080.844104	94881.41819026289
5429186177.618942	94079.53008802117
5530224256.192888	93262.7187117507
5633142670.601352	92430.70633678228
5737976414.21414	91583.21006994385
5844761131.633649	90719.94175337297
5953533130.81437	89840.60786654067
6064329395.408049	88944.9094264505
6177187597.338489	88032.54188598158
6292146109.610351	87103.19503033976
6409244019.35647	86391.75732313292
6528521141.127848	85708.97032076684
6650018030.431105	85013.47653610645
6773775997.517745	84305.0394937709
6899837121.430025	83583.41831753273
7028244264.308367	82848.3676484166
7159041085.964888	82099.63756127514
7292272058.728297	81336.97347981104
7427982482.56491	80560.11609001891
7566218500.481063	79768.8012520158
7707027114.212319	78962.7599102305
7850456200.204509	78141.71800192201
7996554525.892329	77394.44504687835
8145371766.280737	76791.31918528317
8296958520.834915	76176.96904877819
8451366330.684739	75551.18575169751
8608647696.149244	74913.75652097755
8768856094.587408	74264.4646238115
8932045998.58096	73603.08929395811
9098272894.455566	72929.40565667921
9267593301.146902	72243.18465227928
9440064789.417603	71544.19295822296
9615746001.432076	70832.19290980269
9794696670.695385	70106.94241933005
9976977642.36321	69368.19489382407
10162650893.929972	68808.26128012962
10351779556.301762	68265.67057964623
10544427935.261662	67712.98217390181
10740661533.334322	67150.0081428831
10940547072.057436	66576.55706935374
11144152514.667904	65992.43397376988
11351547089.20999	65397.440247985294
11562801312.07373	64791.37358772211
11777987011.97118	64174.02792378545
11997177354.358854	63545.19335199785
12220446866.314913	62904.656061829344
12447871461.879063	62252.19826369969
12679528467.864315	61663.28231162419
12915496650.148827	61184.144772907894
13155856240.457052	60696.09040306797
13400688963.639534	60198.95325835997
13650078065.460136	59692.5643067982
13904108340.900667	59176.75137068277
14162866162.991974	58651.33906805744
14426439512.181587	58116.148753078225
14694918006.248201	57570.9984552714
14968392930.772554	57015.70281766197
15246957270.1757	56450.07303374973
15530705739.334583	55873.91678331346
15819734815.786015	55287.03816702016
16114142772.530231	54846.67082847208
16414029711.444664	54415.76255832016
16719497597.31985	53976.8350119391
17030650292.528427	53529.73894923364
17347593592.339325	53074.322352725205
17670435260.889503	52610.43037586384
17999285067.824764	52137.905290379225
18334254825.62285	51656.58643265076
18675458427.61074	51166.31014908059
19023011886.689457	50666.90974044974
19377033374.77993	50158.215405238305
19737643263.002552	49640.05418189131
20104964162.604927	49176.27081183296
20479120966.650833	48795.88238283865
20860240892.485046	48408.41486045541
21248453524.988873	48013.73650155068
21643890860.6402	47611.713111229954
22046687352.394028	47202.20799720867
22456979955.397717	46785.08192333562
22874908173.55704	46360.193062251295
23300614106.96929	45927.39694716482
23734242500.23866	45486.546422733845
24175940791.69123	45037.491595029845
24625859163.505444	44580.07978057281
25084150592.775414	44114.155454417385
25550970903.525124	43768.09698508498
26026478819.690044	43426.11660851284
26510836019.085308	43077.771918942664
27004207188.377697	42722.9444754266
27506760079.080673	42361.51363281069
28018665564.59201	41993.35650071407
28540097698.292374	41618.34790174508
29071233772.725693	41236.360328939336
29612254379.880314	40847.2639024061
30163343472.591972	40450.926325168024
30724688427.090096	40047.212838178326
31296480106.707504	39635.98617450157
31878912926.77636	39271.028440931535
32472184920.731255	38969.24922941043
33076497807.442425	38661.853855413385
33692057059.802742	38348.73780120109
34319071974.590427	38029.79460394142
34957755743.632645	37704.91581951065
35608325526.29274	37373.99098562148
36271002523.30648	37036.907584264794
36946012051.993095	36693.551003452114
37633583622.865326	36343.804498246405
38333951017.6659	35987.54915106735
39047352368.85556	35624.66383125826
39774030240.58036	35255.02515390041
40514231711.14655	34983.303143529
41268208457.02952	34712.09092612169
42036216838.44701	34435.83140320004
42818517986.52406	34154.43064354956
43615377892.080055	33867.79296787996
44427067496.06892	33575.82091629302
45253862781.70167	33278.41521514533
46096044868.284195	32975.47474329394
46953900106.80053	32666.896497714188
47827720177.27485	32352.57555847777
48717802187.94641	32032.40505307856
49624448776.28914	31706.276120095015
50547968211.912254	31419.31131408097
51488674501.37487	31180.061604187653
52446887494.95119	30936.359416483447
53422932995.38363	30688.121889598675
54417142868.658875	30435.26462009954
55429855156.84652	30177.701633789857
56461414193.036606	29915.345356479014
57512170718.41614	29648.106584205914
58582482001.525475	29375.894452908542
59672711959.7331	29098.61640752927
60783231282.972115	28816.178170544972
61914417559.77835	28528.48370991178
63066655405.67406	28235.435206413265
64240336593.94204	28022.24071494229
65435860188.83229	27807.28624094436
66653632681.24893	27588.33142760954
67894068126.96099	27365.301827942036
69157588287.38525	27138.12160947491
70444622772.99051	26906.713528486027
71755609189.36922	26670.998903734533
73090993286.02888	26430.89758970816
74451229107.95128	26186.32794937303
75836779149.97191	25937.206826416274
77248114514.03416	25683.449516971836
78685715069.36842	25424.969740820394
80150069615.6538	25199.47665615351
81641676049.21454	25009.890514529583
83161041532.30962	24816.77614255083
84708682665.57419	24620.067879249986
86285125663.66887	24419.698841698064
87890906534.19963	24215.60090226327
89526571259.96382	24007.70466544716
91192675984.59299	23795.939444289066
92889787201.64516	23580.233236332104
94618481947.21991	23360.512699141407
96379347996.15794	23136.70312536678
98172984061.88821	22908.72841734172
100000000000.0	22676.51106120901
