Frequency [GHz]	Zx real [Ohm/m]	Zy real [Ohm/m]
1.000000000000000166e-10	2.670183456335013616e+01	3.759153461847665767e+01
1.032794731918951654e-10	2.740419815980170171e+01	3.861376445165347349e+01
1.066664958279539403e-10	2.812959558210853217e+01	3.966951803816888145e+01
1.101645949633656381e-10	2.887878221841461368e+01	4.075989478052651549e+01
1.137774133221491146e-10	2.965253822961561525e+01	4.188603013584044987e+01
1.175087130904807540e-10	3.045166936177463413e+01	4.304909679823635571e+01
1.213623798344240958e-10	3.127700778518089564e+01	4.425030592002940466e+01
1.253424265461399975e-10	3.212941296092517263e+01	4.549090837295024414e+01
1.294529978227915867e-10	3.300977253589432081e+01	4.677219605073263153e+01
1.336983741824946476e-10	3.391900326711684244e+01	4.809550321441894027e+01
1.380829765218092491e-10	3.485805197642229558e+01	4.946220788178476369e+01
1.426113707194128486e-10	3.582789653640825378e+01	5.087373326232923176e+01
1.472882723907502473e-10	3.682954688874200144e+01	5.233154923932546154e+01
1.521185517986104510e-10	3.786404609585706993e+01	5.383717390047445406e+01
1.571072389247450498e-10	3.893247142713983777e+01	5.539217511875637712e+01
1.622595287078087593e-10	4.003593548073743591e+01	5.699817218512550454e+01
1.675807864530767868e-10	4.117558734215497651e+01	5.865683749474882802e+01
1.730765534195724819e-10	4.235261378084862827e+01	6.036989828854449769e+01
1.787525525904235329e-10	4.356824048606077326e+01	6.213913845183359541e+01
1.846146946324547531e-10	4.482373334318385361e+01	6.396640037197797568e+01
1.906690840512252406e-10	4.612039975198245401e+01	6.585358685693920222e+01
1.969220255479172543e-10	4.745958998804591289e+01	6.780266311675580937e+01
2.033800305846981002e-10	4.884269860888953474e+01	6.981565881000268803e+01
2.100498241653915480e-10	5.027116590616854097e+01	7.189467015736362043e+01
2.169383518385184289e-10	5.174647940551677294e+01	7.404186212451767801e+01
2.240527869300018610e-10	5.327017541557255953e+01	7.625947067661310541e+01
2.314005380130653023e-10	5.484384062780411284e+01	7.854980510667566307e+01
2.389892566231049743e-10	5.646911376880095901e+01	8.091525044037689440e+01
2.468268452255692806e-10	5.814768730675188380e+01	8.335826991966577282e+01
2.549214654451423314e-10	5.988130921388612649e+01	8.588140756785070096e+01
2.632815465648021228e-10	6.167178478671370101e+01	8.848729083880249391e+01
2.719157943036017723e-10	6.352097852595955629e+01	9.117863335303719907e+01
2.808331998823172083e-10	6.543081607815020107e+01	9.395823772352831327e+01
2.900430493863991314e-10	6.740328624087365483e+01	9.682899847419044193e+01
2.995549334359813486e-10	6.944044303380178462e+01	9.979390505407397427e+01
3.093787571730138678e-10	7.154440783763087097e+01	1.028560449504095686e+02
3.195247505759212065e-10	7.371737160316840232e+01	1.060186069037437306e+02
3.300034791125284578e-10	7.596159713286635906e+01	1.092848842285146134e+02
3.408258547423451742e-10	7.827942143717643830e+01	1.126582782425243181e+02
3.520031472796679687e-10	8.067325816818159012e+01	1.161423018088804753e+02
3.635469961293320139e-10	8.314560013303778874e+01	1.197405829940945665e+02
3.754694224073336536e-10	8.569902188984345059e+01	1.234568688461467900e+02
3.877828414589456106e-10	8.833618242863950343e+01	1.272950292964511760e+02
4.005000757873611052e-10	9.105982794033263872e+01	1.312590611897852568e+02
4.136343684063274911e-10	9.387279467642403574e+01	1.353530924463794349e+02
4.271993966306778827e-10	9.677801190252246499e+01	1.395813863605014546e+02
4.412092863191189219e-10	9.977850494871711362e+01	1.439483460400115860e+02
4.556786265841064474e-10	1.028773983599864010e+02	1.484585189915121646e+02
4.706224849841281415e-10	1.060779191499236163e+02	1.531166018558652127e+02
4.860564232142136024e-10	1.093834001611679270e+02	1.579274452990110831e+02
5.019965133110081441e-10	1.127972835360391457e+02	1.628960590631789103e+02
5.184593543892912175e-10	1.163231243009918359e+02	1.680276171837514880e+02
5.354620899273606527e-10	1.199645940686200589e+02	1.733274633772147411e+02
5.530224256192902378e-10	1.237254848610686366e+02	1.788011166058043102e+02
5.711586478126431938e-10	1.276097130588319999e+02	1.844542768246427897e+02
5.898896425508497150e-10	1.316213234790530464e+02	1.902928309173528874e+02
6.092349152400710261e-10	1.357644935875685235e+02	1.963228588263277743e+02
6.292146109610343618e-10	1.400435378490873575e+02	2.025506398840412601e+02
6.498495354469890483e-10	1.444629122200320523e+02	2.089826593519923961e+02
6.711611767496282870e-10	1.490272187887213704e+02	2.156256151740924736e+02
6.931717276155404727e-10	1.537412105677267391e+02	2.224864249515277379e+02
7.159041085964887260e-10	1.586097964433927530e+02	2.295722331463609578e+02
7.393819919175865964e-10	1.636380462876755928e+02	2.368904185213727942e+02
7.636298261282244400e-10	1.688311962376232600e+02	2.444486018238914085e+02
7.886728615614152294e-10	1.741946541479942994e+02	2.522546537216103388e+02
8.145371766280743462e-10	1.797340052226946341e+02	2.603167029986604462e+02
8.412497049736117954e-10	1.854550178308946329e+02	2.686431450204687508e+02
8.688382635251186617e-10	1.913636495138855480e+02	2.772426504762210016e+02
8.973315814583522479e-10	1.974660531889279582e+02	2.861241744080301146e+02
9.267593301146878953e-10	2.037685835565546029e+02	2.952969655362147137e+02
9.571521538991863169e-10	2.102778037179986370e+02	3.047705758903966853e+02
9.885417021919573871e-10	2.170004920096386627e+02	3.145548707564486790e+02
1.020960662306046580e-09	2.229533934673728197e+02	3.234410475126080655e+02
1.054442793526168950e-09	2.285424355573520359e+02	3.319304201167912538e+02
1.089022962263730067e-09	2.343147687843558060e+02	3.406981994196887058e+02
1.124737178364752061e-09	2.402764041320860997e+02	3.497535156943492893e+02
1.161622632608501755e-09	2.464335497128436430e+02	3.591057986386784364e+02
1.199717735435884489e-09	2.527926172323081460e+02	3.687647871949972114e+02
1.239062156947916503e-09	2.593602286663280552e+02	3.787405396916287259e+02
1.279696868215940940e-09	2.661432231566743667e+02	3.890434443170769327e+02
1.321664183946605026e-09	2.731486641329394160e+02	3.996842299377034351e+02
1.365007806546013663e-09	2.803838466679950443e+02	4.106739772701652669e+02
1.409772871628966933e-09	2.878563050746726049e+02	4.220241304202523338e+02
1.456005995020649598e-09	2.955738207515726117e+02	4.337465088001355298e+02
1.503755321299737753e-09	3.035444302861767483e+02	4.458533194364393353e+02
1.553070573933460069e-09	3.117764338236990511e+02	4.583571696819544741e+02
1.604003107056820079e-09	3.202784037103901369e+02	4.712710803442257657e+02
1.656605958949914401e-09	3.290591934202983566e+02	4.846084992446917568e+02
1.710933907269014249e-09	3.381279467747796161e+02	4.983833152224890455e+02
1.767043526088946692e-09	3.474941074643602974e+02	5.126098725975114121e+02
1.824993244816152494e-09	3.571674288828654653e+02	5.273029861077769738e+02
1.884843409033795523e-09	3.671579842840563401e+02	5.424779563366663524e+02
1.946656343342262358e-09	3.774761772713508776e+02	5.581505856460905761e+02
2.010496416260498236e-09	3.881327526315515684e+02	5.743371946321821042e+02
2.076430107255774870e-09	3.991388075238643864e+02	5.910546391206497674e+02
2.144526075971667793e-09	4.105058030358555925e+02	6.083203277194862721e+02
2.214855233726359314e-09	4.222455761183865661e+02	6.261522399473178666e+02
2.287490817355702788e-09	4.343703519119485463e+02	6.445689449562635218e+02
2.362508465477946229e-09	4.468927564772376968e+02	6.635896208688078559e+02
2.439986297259550245e-09	4.598258299432263243e+02	6.832340747488216266e+02
2.520004993764092080e-09	4.731830400864199646e+02	7.035227632275244787e+02
2.602647881969005809e-09	4.869782963554449111e+02	7.244768138058735758e+02
2.688001021537606561e-09	5.012259643555656226e+02	7.461180468555556899e+02
2.776153294436799262e-09	5.159408808082204132e+02	7.684689983414974677e+02
2.867196497493770032e-09	5.311383690011501812e+02	7.915529432895548325e+02
2.961225437988034610e-09	5.468342547452081135e+02	8.153939200238150988e+02
3.058338032378433485e-09	5.630448828544732578e+02	8.400167551987617571e+02
3.158635408267817403e-09	5.797871341668192144e+02	8.654470896523547481e+02
3.262222009711669644e-09	5.970784431226735478e+02	8.917114051069630705e+02
3.369205705980266915e-09	6.149368159202626885e+02	9.188370517459396751e+02
3.479697903887691433e-09	6.333808492662575418e+02	9.468522766945699232e+02
3.593813663804627762e-09	6.524297497413388101e+02	9.757862534350399528e+02
3.711671819475765297e-09	6.721033538008507549e+02	1.005669112186062421e+03
3.833395101766601886e-09	6.924221484313743531e+02	1.036531971278797073e+03
3.959110266468459240e-09	7.134072924847217791e+02	1.068406969561729738e+03
4.088948226294862618e-09	7.350806387115796952e+02	1.101327299868268710e+03
4.223044187206674123e-09	7.574647565177335764e+02	1.135327243581893299e+03
4.361537789208003199e-09	7.805829554665826890e+02	1.170442206334865887e+03
4.504573251759458750e-09	8.044593095524087403e+02	1.206708754877666934e+03
4.652299523960189308e-09	8.291186822696809031e+02	1.244164655157554080e+03
4.804870439655131104e-09	8.545867525045058528e+02	1.282848911645903399e+03
4.962444877628916452e-09	8.808900412751746671e+02	1.322801807955271897e+03
5.125186927053329472e-09	9.080559393496641860e+02	1.364064948788491392e+03
5.293266058360561204e-09	9.361127357688445727e+02	1.406681303263471364e+03
5.466857299720180771e-09	9.650896473050963777e+02	1.450695249658820558e+03
5.646141419303669251e-09	9.950168488870189094e+02	1.496152621626900782e+03
5.831305113526221869e-09	1.025925505021904883e+03	1.543100755922413782e+03
6.022541201461928965e-09	1.057847802248709741e+03	1.591588541696243965e+03
6.220048825634711276e-09	1.090816982655304173e+03	1.641666471405869061e+03
6.424033659394191079e-09	1.124867378494920558e+03	1.693386693395377733e+03
6.634708121092347870e-09	1.160034447937831828e+03	1.746803066199822297e+03
6.852291595284060743e-09	1.196354811995498039e+03	1.801971214630469831e+03
7.077010661181889919e-09	1.233866292655634879e+03	1.858948587699366726e+03
7.309099328602911004e-09	1.272607952267902874e+03	1.917794518443503193e+03
7.548799281653435948e-09	1.312620134221251419e+03	1.978570285710915641e+03
7.796360130405233414e-09	1.353944504955251659e+03	2.041339177973030701e+03
8.052039670825474778e-09	1.396624097349192880e+03	2.106166559229731320e+03
8.316104153230961616e-09	1.440703355534103821e+03	2.173119937075754024e+03
8.588828559546249041e-09	1.486228181174374413e+03	2.242269032999303818e+03
8.870496889654407999e-09	1.533245981267176148e+03	2.313685854986106733e+03
9.161402457138517586e-09	1.581805717509438864e+03	2.387444772504467437e+03
9.461848194721997291e-09	1.631957957283821770e+03	2.463622593949476141e+03
9.772146969725725887e-09	1.683754926316741376e+03	2.542298646626944901e+03
1.009262190987047331e-08	1.735619774527631080e+03	2.621536008983759075e+03
1.042360673976401127e-08	1.785042155849374694e+03	2.698242626128670963e+03
1.076544612842315905e-08	1.836085330917363308e+03	2.777464816219262048e+03
1.111849604819270880e-08	1.888802453227996466e+03	2.859285076795903933e+03
1.148312414543511117e-08	1.943248419432345827e+03	2.943788610883695583e+03
1.185971012337669343e-08	1.999479926502435092e+03	3.031063415718100259e+03
1.224864613750930795e-08	2.057555530772286602e+03	3.121200374380327958e+03
1.265033720395903769e-08	2.117250642287457140e+03	3.213938436950213145e+03
1.306520162124721228e-08	2.177261737875516701e+03	3.307673869661060962e+03
1.349367140588306343e-08	2.239240881255548629e+03	3.404483330758967895e+03
1.393619274224142065e-08	2.303252614027295749e+03	3.504467632180799683e+03
1.439322644719406651e-08	2.369363594414959152e+03	3.607730891963863542e+03
1.486524844997857277e-08	2.437642666681337687e+03	3.714380642668593737e+03
1.535275028780422776e-08	2.508160932818364472e+03	3.824527943356904871e+03
1.585623961771137302e-08	2.580957804824177856e+03	3.938245036636640179e+03
1.637624074521687477e-08	2.653756254255979457e+03	4.052714041447926320e+03
1.691329517029648562e-08	2.728942109321014868e+03	4.170937026585032072e+03
1.746796215127245689e-08	2.806593664347002687e+03	4.293037102826364389e+03
1.804081928719382751e-08	2.886791781303158132e+03	4.419141418335313574e+03
1.863246311931559514e-08	2.969619974005294807e+03	4.549381291065201367e+03
1.924350975230330612e-08	3.055164495082429767e+03	4.683892345506425954e+03
1.987459549580983990e-08	3.143514425795427087e+03	4.822814653918188924e+03
2.052637752709252173e-08	3.232097822508815625e+03	4.962959465338510199e+03
2.119953457536071000e-08	3.323212124226836750e+03	5.107232094257950848e+03
2.189476762856620985e-08	3.417314495043683110e+03	5.256236105366047013e+03
2.261280066337277307e-08	3.514502927884405381e+03	5.410126663073280724e+03
2.335438139906479724e-08	3.614878629325765814e+03	5.569064020365388387e+03
2.412028207618007283e-08	3.718546124987069561e+03	5.733213685681790594e+03
2.491130026067788373e-08	3.825613368377293227e+03	5.902746595266829900e+03
2.572825967447932303e-08	3.933370995675133599e+03	6.074299009169872079e+03
2.657201105324503850e-08	4.043670193701622338e+03	6.250232050052577506e+03
2.744343303228365032e-08	4.157586624358268637e+03	6.431934767846722025e+03
2.834343306151309448e-08	4.275238913819461231e+03	6.619596377559866596e+03
2.927294835042816131e-08	4.396749578573182589e+03	6.813412299455030734e+03
3.023294684405776334e-08	4.522245153002796542e+03	7.013584362550372134e+03
3.122442823092858392e-08	4.651856321152848977e+03	7.220321014792595633e+03
3.224842498408442807e-08	4.782831775708261375e+03	7.430203054235053969e+03
3.330600343624588813e-08	4.916204585236510866e+03	7.644578163932355892e+03
3.439826489022924478e-08	5.053951320298516293e+03	7.865983647882273544e+03
3.552634676578139226e-08	5.196215422609591769e+03	8.094650065323717172e+03
3.669142378402493899e-08	5.343145038017652951e+03	8.330815536624026208e+03
3.789470919074667737e-08	5.494893170773972997e+03	8.574725991244135002e+03
3.913745601980383687e-08	5.651617842863236547e+03	8.826635423835738038e+03
4.042095839796305955e-08	5.810677737764778612e+03	9.083261548132395546e+03
4.174655289253134782e-08	5.971758343235036591e+03	9.344264744727095604e+03
4.311561990318228626e-08	6.138121543979039416e+03	9.613827471184118622e+03
4.452958509942655287e-08	6.309940581292615207e+03	9.892230434990628055e+03
4.598992090522439315e-08	6.487394377873462872e+03	1.017976354936061762e+04
4.749814803228499868e-08	6.670667724141178041e+03	1.047672623513418876e+04
4.905583706365045989e-08	6.859951470667633657e+03	1.078342773257763656e+04
5.066461008921269181e-08	7.052944613548947018e+03	1.109701687740230227e+04
5.232614239486661694e-08	7.247243367729977763e+03	1.141451432781954281e+04
5.404216420705915059e-08	7.447914097466563362e+03	1.174242402200816650e+04
5.581446249454960394e-08	7.655165769988841021e+03	1.208108742671133223e+04
5.764488282925879445e-08	7.869214205551245868e+03	1.243085720698250771e+04
5.953533130814369715e-08	8.090282302175584846e+03	1.279209759343101541e+04
6.148777653810024108e-08	8.318600267764553791e+03	1.316518476151140567e+04
6.350425168595962148e-08	8.552545254174681759e+03	1.354813483547677788e+04
6.558685659571428548e-08	8.786598733644610547e+03	1.393399950533707670e+04
6.773775997517751128e-08	9.028327934228460435e+03	1.433251850360245226e+04
6.995920165435375620e-08	9.277984579142435905e+03	1.474410682558054214e+04
7.225349491787214948e-08	9.535828646798147020e+03	1.516919307623887107e+04
7.462302891391107044e-08	9.802128641529519882e+03	1.560821991652996985e+04
7.707027114212294845e-08	1.007716187319812707e+04	1.606164452435364183e+04
7.959777002314985573e-08	1.036046747971843070e+04	1.652898132524370885e+04
8.220815755240541849e-08	1.064200980899597926e+04	1.699747651305348700e+04
8.490415204088747078e-08	1.093278524348601968e+04	1.748133587495280153e+04
8.768856094587425811e-08	1.123309658039877650e+04	1.798106327491207412e+04
9.056428379445295063e-08	1.154325654709782430e+04	1.849717910098559150e+04
9.353431520292386860e-08	1.186358812675674380e+04	1.903022080721429666e+04
9.660174799522647250e-08	1.219442489469575230e+04	1.958074347330039382e+04
9.976977642363202159e-08	1.253611136574825287e+04	2.014932038263609138e+04
1.030416994950587396e-07	1.287530510484538172e+04	2.071888568209193545e+04
1.064209244064724761e-07	1.322455180139805816e+04	2.130574937840734492e+04
1.099109700929497372e-07	1.358525194973774887e+04	2.191185911231635691e+04
1.135154708920999096e-07	1.395778116274536478e+04	2.253784605246238061e+04
1.172381803286598596e-07	1.434252737142554361e+04	2.318436206649526139e+04
1.210829750232039531e-07	1.473989122887622034e+04	2.385208039988966266e+04
1.250538587290391570e-07	1.515028652750628862e+04	2.454169637702512046e+04
1.291549665014884007e-07	1.555954570659161800e+04	2.523499336144182598e+04
1.333905690039058854e-07	1.597835142195377739e+04	2.594599958132907705e+04
1.377650769549053468e-07	1.641089175847735169e+04	2.668032305959022415e+04
1.422830457214352017e-07	1.685761713938136018e+04	2.743872847946275579e+04
1.469491800624817218e-07	1.731899275939351355e+04	2.822200560176589715e+04
1.517683390283405561e-07	1.779549906917790213e+04	2.903097008731319875e+04
1.567455410205594968e-07	1.828763227564934641e+04	2.986646434629597570e+04
1.618859690178197646e-07	1.878082192176935132e+04	3.070965055156761809e+04
1.671949759731990056e-07	1.928218834665960094e+04	3.157003935974579508e+04
1.726780903884356132e-07	1.979999694904727585e+04	3.245864438823421369e+04
1.783410220710008120e-07	2.033478694573557368e+04	3.337639098041373654e+04
1.841896680799711039e-07	2.088711523699820827e+04	3.432423482605332538e+04
1.902301188668944219e-07	2.145755698650405247e+04	3.530316295651168912e+04
1.964686646180446931e-07	2.204670622026033379e+04	3.631419477257638937e+04
2.029118018046678038e-07	2.264026685767513845e+04	3.733874688376241102e+04
2.095662399480432992e-07	2.323938647146498261e+04	3.837858352622298844e+04
2.164389086064020114e-07	2.385815405237645246e+04	3.945252133261255949e+04
2.235369645909794139e-07	2.449721395022405341e+04	4.056167864146030479e+04
2.308677994187169850e-07	2.515723164610173990e+04	4.170721046690769435e+04
2.384390470093720426e-07	2.583889444537747477e+04	4.289030970147521293e+04
2.462585916350547006e-07	2.654291219341458418e+04	4.411220835827390692e+04
2.543345761304648365e-07	2.725629140147788348e+04	4.535594111124767369e+04
2.626754103723835758e-07	2.797084899868060529e+04	4.661094373779305170e+04
2.712897800372467241e-07	2.870884032072426635e+04	4.790710383903362526e+04
2.801866556459195443e-07	2.947103387033283798e+04	4.924577116331837169e+04
2.893753019050950594e-07	3.025822335307117828e+04	5.062833972363170324e+04
2.988652873550382326e-07	3.107122850386532809e+04	5.205624924924006336e+04
3.086664943337274455e-07	3.191089594062853939e+04	5.353098668494532467e+04
3.187891292677645596e-07	3.276703886635550953e+04	5.503924761756735097e+04
3.292437333007768907e-07	3.361753476675812271e+04	5.655172608850878896e+04
3.400411932703706463e-07	3.449592245221261692e+04	5.811380588543794147e+04
3.511927530450727317e-07	3.540311662633248488e+04	5.972711367054337461e+04
3.627100252330649086e-07	3.634006199019109044e+04	6.139332945196417859e+04
3.746050032748993774e-07	3.730773422608010878e+04	6.311418833325573360e+04
3.868900739327976195e-07	3.830714101353051956e+04	6.489148232022960292e+04
3.995780301895269929e-07	3.933304389821211225e+04	6.671854654864143231e+04
4.126820845702951630e-07	4.034313415375401382e+04	6.853845695912507654e+04
4.262158829015325345e-07	4.138635004844039941e+04	7.041805084363710193e+04
4.401935185208874400e-07	4.246377792872656573e+04	7.235928550570814696e+04
4.546295469532399562e-07	4.357653976750872243e+04	7.436418243811356660e+04
4.695390010680058238e-07	4.472579433248339046e+04	7.643482942794237169e+04
4.849374067335232931e-07	4.591273839282301924e+04	7.857338273070139985e+04
5.008407989848212921e-07	4.713860796542432945e+04	8.078206931571885070e+04
5.172657387216018967e-07	4.833691402767219552e+04	8.297018743251510023e+04
5.342293299538352136e-07	4.957301022321241180e+04	8.522799472087714821e+04
5.517492376129122323e-07	5.084964386211140663e+04	8.755984619398570794e+04
5.698437059469141914e-07	5.216814435895685165e+04	8.996817011102975812e+04
5.885315775191450570e-07	5.352988472613129852e+04	9.245547436530717823e+04
6.078323128297229089e-07	5.493628300359045534e+04	9.502434909580448584e+04
6.277660105806500796e-07	5.638880373553016398e+04	9.767746938442185638e+04
6.483534286054720147e-07	5.781667989134841628e+04	1.003170914347431244e+05
6.696160054853222944e-07	5.927768822833013837e+04	1.030242364488570747e+05
6.915758828738524922e-07	6.078660994205448515e+04	1.058201615579745121e+05
7.142559285543126448e-07	6.234501633886711352e+04	1.087077782815109385e+05
7.376797602527731619e-07	6.395453025568398880e+04	1.116900936213804234e+05
7.618717702322991504e-07	6.561682774992268241e+04	1.147702131933186756e+05
7.868571506936852863e-07	6.733363984485455148e+04	1.179513444608970894e+05
8.126619200091945450e-07	6.903177913407381857e+04	1.211310292063916568e+05
8.393129498166364485e-07	7.075405364053093945e+04	1.243704750836138701e+05
8.668379930019773693e-07	7.253280967771816358e+04	1.277161577199455351e+05
8.952657125996391396e-07	7.436989954229415162e+04	1.311715611214215751e+05
9.246257116405743783e-07	7.626723627649001719e+04	1.347402835511210142e+05
9.549485639791965964e-07	7.822679566024373344e+04	1.384260412761954649e+05
9.862658461312820294e-07	8.025061826866693445e+04	1.422326724377819337e+05
1.018610170155975315e-06	8.226603777036353131e+04	1.460569697327350441e+05
1.052015217616159169e-06	8.429056024535933102e+04	1.499249984889504267e+05
1.086515774652537176e-06	8.638147639218633412e+04	1.539198782112804183e+05
1.122147768207980340e-06	8.854096357351371262e+04	1.580457689431529725e+05
1.158948303439811928e-06	9.077127055803511757e+04	1.623069671555041859e+05
1.196955702359042833e-06	9.307471986221073894e+04	1.667079102208826516e+05
1.236209543736769070e-06	9.545371016880581737e+04	1.712531810342810641e+05
1.276750704319264407e-06	9.784048903649009299e+04	1.758450926990435401e+05
1.318621401394748678e-06	1.002131084818834352e+05	1.804527943004680274e+05
1.361865236756082925e-06	1.026635373459341645e+05	1.852116042406737979e+05
1.406527242105236574e-06	1.051943273676677200e+05	1.901264780771214864e+05
1.452653925946781372e-06	1.078081139697073813e+05	1.952025338834512804e+05
1.500293322019216825e-06	1.105076190026540862e+05	2.004450575791549927e+05
1.549495039314631713e-06	1.132956535794703086e+05	2.058595084340383764e+05
1.600310313738701654e-06	1.161156866666423884e+05	2.113631912033289555e+05
1.652792061464893799e-06	1.188872638071227557e+05	2.168378981462863449e+05
1.706994934038407828e-06	1.217497340769180737e+05	2.224921466357731551e+05
1.762975375287203917e-06	1.247060782918370969e+05	2.283318246886754932e+05
1.820791680099462520e-06	1.277593750227447454e+05	2.343630134178160806e+05
1.880504055128583443e-06	1.309128038014115155e+05	2.405919933644814591e+05
1.942174681489024486e-06	1.341696484314999543e+05	2.470252510386258655e+05
2.005867779508234000e-06	1.374933900779697287e+05	2.536089341744007252e+05
2.071649675602067297e-06	1.407198027591934951e+05	2.600954856281667307e+05
2.139588871343421664e-06	1.440520247793580929e+05	2.667947617979379138e+05
2.209756114795903333e-06	1.474935261273684446e+05	2.737137389337477507e+05
2.282224474186896537e-06	1.510478905894852942e+05	2.808596220698793768e+05
2.357069413996727979e-06	1.547188194812797010e+05	2.882398525277850567e+05
2.434368873543112862e-06	1.585101355019740586e+05	2.958621156650578487e+05
2.514203348142796913e-06	1.624172976657864347e+05	3.037211783210678841e+05
2.596655972934872394e-06	1.661592601286320714e+05	3.113828760755743715e+05
2.681812609453013329e-06	1.700239392472972977e+05	3.192958371539834188e+05
2.769761935036891063e-06	1.740153594816121622e+05	3.274683016696444829e+05
2.860595535175745131e-06	1.781376772724872280e+05	3.359087799682138721e+05
2.954407998880380251e-06	1.823951853701985674e+05	3.446260614898519707e+05
3.051297017182871440e-06	1.867923173046173470e+05	3.536292239220548072e+05
3.151363484866476280e-06	1.913336520020373282e+05	3.629276426526439027e+05
3.254711605531848180e-06	1.956951157670422690e+05	3.720084083212644910e+05
3.361449000108768764e-06	2.001595158393735182e+05	3.813232463726942660e+05
3.471686818926559579e-06	2.047703247152555268e+05	3.909435620408885297e+05
3.585539857459816780e-06	2.095323438321518770e+05	4.008793733823974617e+05
3.703126675869923221e-06	2.144505320893795288e+05	4.111410269932479132e+05
3.824569722466998750e-06	2.195300110120301542e+05	4.217392087833120022e+05
3.949995461220647668e-06	2.247760700842371152e+05	4.326849551040095394e+05
4.079534503452449404e-06	2.298551898017530330e+05	4.434367287690129015e+05
4.213321743847289341e-06	2.349903816049928428e+05	4.543608665737753036e+05
4.351496500925044872e-06	2.402939806467719027e+05	4.656432585492897779e+05
4.494202662119142613e-06	2.457715097973321972e+05	4.772956535450466909e+05
4.641588833612781958e-06	2.514286730479632097e+05	4.893301857109030243e+05
4.793808495089106764e-06	2.572713614508200844e+05	5.017593871329077519e+05
4.951020159556351225e-06	2.633056592535350355e+05	5.145962008835148299e+05
5.113387538414320594e-06	2.692007525336784893e+05	5.272886537080194103e+05
5.281079711934330620e-06	2.750804774540474755e+05	5.400473510169701185e+05
5.454271305329836335e-06	2.811530263769371668e+05	5.532244663838029373e+05
5.633142670601352205e-06	2.874247229138173279e+05	5.668337217165553011e+05
5.817880074344935696e-06	2.939020980573018896e+05	5.808892889295626665e+05
6.008675891719681185e-06	3.005918969821551000e+05	5.954058047012884635e+05
6.205728806776500758e-06	3.075010860693409923e+05	6.103983857161462074e+05
6.409244019356456972e-06	3.143188109467198956e+05	6.253332604059905279e+05
6.619433458774388568e-06	3.210178855020317133e+05	6.401667575105082942e+05
6.836516004510238809e-06	3.279366544114905410e+05	6.554867151759900153e+05
7.060717714137765353e-06	3.350823224925437826e+05	6.713090867461200105e+05
7.292272058728313350e-06	3.424623308426974691e+05	6.876503487502154894e+05
7.531420165974376510e-06	3.500843645882540732e+05	7.045275180609526578e+05
7.778411071286482598e-06	3.579563608871728648e+05	7.219581696147850016e+05
8.033501977124735881e-06	3.658109884902925114e+05	7.394694215130192460e+05
8.296958520834915102e-06	3.734031807583846967e+05	7.566281868749842979e+05
8.569055051268345481e-06	3.812443569365855656e+05	7.743496693470540922e+05
8.850074914473438512e-06	3.893426823854804388e+05	7.926523230860029580e+05
9.140310748756224233e-06	3.977065902464636019e+05	8.115552074477249989e+05
9.440064789417603028e-06	4.063447902235430665e+05	8.310780068345856853e+05
9.749649183484097127e-06	4.152662776531332638e+05	8.512410511936461553e+05
1.006938631476026946e-05	4.242784333818008890e+05	8.716935112594167003e+05
1.039960913954120295e-05	4.328337452823230415e+05	8.914311329845710425e+05
1.074066153333432437e-05	4.416696263431052794e+05	9.118160447229183046e+05
1.109289864895222712e-05	4.507952777545441058e+05	9.328694741769171087e+05
1.145668728634872662e-05	4.602202024576069671e+05	9.546133452058348339e+05
1.183240627458378028e-05	4.699542150396624347e+05	9.770703006560244830e+05
1.222044686631488820e-05	4.800074519548427197e+05	1.000263725939920521e+06
1.262121314522546164e-05	4.903021955169788562e+05	1.024049730262809317e+06
1.303512244681508904e-05	4.998835056134682964e+05	1.046612977234269027e+06
1.346260579298911035e-05	5.097790322060046019e+05	1.069916179841379169e+06
1.390410834090069648e-05	5.199990799403392011e+05	1.093983604730840772e+06
1.436008984651260800e-05	5.305542914003209444e+05	1.118840314367533196e+06
1.483102514336102853e-05	5.414556581904799677e+05	1.144512193133146735e+06
1.531740463702079875e-05	5.527145323820729973e+05	1.171025974280736176e+06
1.581973481578601704e-05	5.643426383344886126e+05	1.198409267773218686e+06
1.633853877809860416e-05	5.750776808064148063e+05	1.224174969321292127e+06
1.687435677727375848e-05	5.860862863322411431e+05	1.250630714630901581e+06
1.742774678408917511e-05	5.974559161250875331e+05	1.277954069015653804e+06
1.799928506782476860e-05	6.091984098790090065e+05	1.306173485482582124e+06
1.858956679635688644e-05	6.213259955676501850e+05	1.335318350147452904e+06
1.919920665593282809e-05	6.338513021777736722e+05	1.365419012835819973e+06
1.982883949127071257e-05	6.467873728603796335e+05	1.396506818687637104e+06
2.047912096665083489e-05	6.588622893726438051e+05	1.425983630647201324e+06
2.115072824868794552e-05	6.710210841586807510e+05	1.455788392038512975e+06
2.184436071149428344e-05	6.835786233601834392e+05	1.486570592589561129e+06
2.256074066496859061e-05	6.965479836933601182e+05	1.518362287155554397e+06
2.330061410696924993e-05	7.099426707218246302e+05	1.551196581822091015e+06
2.406475150015422205e-05	7.237766329205249203e+05	1.585107668379961979e+06
2.485394857429798490e-05	7.380642762009094004e+05	1.620130859930580948e+06
2.566902715491951889e-05	7.515684332632437581e+05	1.653645150869591394e+06
2.651083601908536550e-05	7.648927959887275938e+05	1.686936934182888363e+06
2.738025177927857720e-05	7.786541276177853579e+05	1.721320512605050113e+06
2.827817979625344298e-05	7.928667584284659242e+05	1.756831691263981629e+06
2.920555512182745176e-05	8.075454886564448243e+05	1.793507449507156154e+06
3.016334347259197422e-05	8.227056039071618579e+05	1.831385979409842519e+06
3.115254223555484670e-05	8.383628910733856028e+05	1.870506725546168629e+06
3.217418150676372115e-05	8.533717574223732809e+05	1.908352774058834882e+06
3.322932516398975161e-05	8.678494824099665275e+05	1.945187295130947139e+06
3.431907197459042598e-05	8.828020005073231878e+05	1.983229794446980115e+06
3.544455673970434785e-05	8.982448824271970661e+05	2.022519887329611694e+06
3.660695147596898513e-05	9.141942095196882728e+05	2.063098488275397802e+06
3.780746663599348950e-05	9.306665905184663134e+05	2.105007853560849093e+06
3.904735236885563870e-05	9.476791788361660438e+05	2.148291625245730393e+06
4.032789982193704951e-05	9.642480053400982870e+05	2.190709370541388169e+06
4.165044248545185317e-05	9.798332222200750839e+05	2.231034143628716469e+06
4.301635758106790800e-05	9.959295521095283329e+05	2.272681356839133427e+06
4.442706749606882658e-05	1.012553756822586292e+06	2.315694379241960123e+06
4.588404126454761567e-05	1.029723147872574744e+06	2.360118002183511388e+06
4.738879609717651733e-05	1.047455604499258217e+06	2.405998485930296592e+06
4.894289896114532395e-05	1.065769592287279433e+06	2.453383607841872144e+06
5.054796821191235987e-05	1.083926092741926434e+06	2.500531880957558751e+06
5.220567527846975100e-05	1.100533303801785223e+06	2.544159891931980848e+06
5.391774640387505993e-05	1.117685143896273337e+06	2.589218671830466483e+06
5.568596444286408510e-05	1.135399473988575628e+06	2.635755142336315010e+06
5.751217071841613668e-05	1.153694740787380375e+06	2.683817763916859869e+06
5.939826693920350535e-05	1.172589995956236264e+06	2.733456586287457962e+06
6.134621717992506365e-05	1.192104915952895768e+06	2.784723300530475099e+06
6.335804992658254750e-05	1.211841035808081506e+06	2.836648827066885773e+06
6.543586018883229940e-05	1.229339693262368673e+06	2.883234247638317291e+06
6.758181168161109969e-05	1.247412214496811619e+06	2.931347424588723108e+06
6.979813907830652742e-05	1.266077419220236363e+06	2.981038460278983694e+06
7.208715033782136410e-05	1.285354744328779634e+06	3.032359100163484924e+06
7.445122910795143767e-05	1.305264264146372210e+06	3.085362786674907431e+06
7.689283720758306707e-05	1.325826711329016369e+06	3.140104714876183774e+06
7.941451719029339520e-05	1.347063498454614077e+06	3.196641889937551692e+06
8.201889499202211654e-05	1.365299852648989297e+06	3.245726812918633223e+06
8.470868266557401581e-05	1.384107235399615252e+06	3.296353424283177592e+06
8.748668120479914808e-05	1.403531401225646026e+06	3.348640321795391385e+06
9.035578346138921401e-05	1.423592577362689888e+06	3.402641954094388057e+06
9.331897715733240167e-05	1.444311654393127887e+06	3.458414555447819643e+06
9.637934799615796556e-05	1.465710208000387298e+06	3.516016204311059322e+06
9.954008287621519404e-05	1.487810521436648676e+06	3.575506883806855418e+06
1.028044732093309733e-04	1.507082952261144063e+06	3.627755082597865723e+06
1.061759183482999177e-04	1.526385695811741054e+06	3.680159629638964310e+06
1.096579291267809898e-04	1.546321467662381474e+06	3.734282769751613028e+06
1.132541315152812739e-04	1.566911027806461090e+06	3.790180863734868355e+06
1.169682703970384685e-04	1.588175817055793479e+06	3.847912120725080837e+06
1.208042134677328878e-04	1.610137979367872234e+06	3.907536658811635338e+06
1.247659552630868559e-04	1.632820384905334329e+06	3.969116567640526220e+06
1.288576213185518274e-04	1.652956060721874703e+06	4.023993954064668622e+06
1.330834724654076035e-04	1.672460813822339056e+06	4.077248408519139979e+06
1.374479092677536609e-04	1.692605220071877120e+06	4.132249328530932311e+06
1.419554766050101292e-04	1.713410256724036532e+06	4.189053988969811238e+06
1.466108684046983103e-04	1.734897588975766208e+06	4.247721543019526638e+06
1.514189325304352018e-04	1.757089592528346227e+06	4.308313083776646294e+06
1.563846758302247630e-04	1.780009376888177358e+06	4.370891707869452424e+06
1.615132693503089671e-04	1.800777701439898927e+06	4.427673393624942750e+06
1.668100537200059119e-04	1.820140316689454485e+06	4.480675096698665991e+06
1.722805447131392292e-04	1.840137923715367680e+06	4.535414976415935904e+06
1.779304389918577296e-04	1.860791346902717836e+06	4.591950035813813098e+06
1.837656200388172322e-04	1.882122093566705473e+06	4.650339147328665480e+06
1.897921642839099502e-04	1.904152376349168830e+06	4.710643114102629945e+06
1.960163474319185771e-04	1.926905136349582812e+06	4.772924733300600201e+06
2.024446509976801894e-04	1.948014024844846455e+06	4.830687561727206223e+06
2.090837690555749911e-04	1.966846486101784976e+06	4.882194871705306694e+06
2.159406152103567479e-04	1.986296552877018228e+06	4.935391350106005557e+06
2.230223297965936195e-04	2.006384479377950076e+06	4.990332392754883505e+06
2.303362873142131230e-04	2.027131184043288697e+06	5.047075212168783881e+06
2.378901041078890991e-04	2.048558271326327464e+06	5.105678897133684717e+06
2.456916462982790305e-04	2.070688054192618933e+06	5.166204474236475304e+06
2.537490379733572054e-04	2.091782605688610114e+06	5.223830562410534360e+06
2.620706696483850184e-04	2.109664272336086724e+06	5.272516081428449601e+06
2.706652070033241614e-04	2.128132363447532523e+06	5.322798228990895674e+06
2.795415999067858812e-04	2.147206110656032804e+06	5.374729366102960892e+06
2.887090917359234942e-04	2.166905376290925313e+06	5.428363570934860967e+06
2.981772290019673471e-04	2.187250674061315134e+06	5.483756695135911927e+06
3.079558712914223133e-04	2.208263190417894628e+06	5.540966421995284036e+06
3.180552015332919840e-04	2.228927610911511816e+06	5.597160676732124761e+06
3.284857366030047169e-04	2.245420877745728008e+06	5.641679489599672146e+06
3.392583382740992125e-04	2.262455036844239105e+06	5.687658285000558011e+06
3.503842245290676185e-04	2.280047826623851433e+06	5.735144942670576274e+06
3.618749812411276696e-04	2.298217567227991298e+06	5.784188912548605353e+06
3.737425742391064479e-04	2.316983179604282603e+06	5.834841266271029599e+06
3.859993617679771628e-04	2.336364205207748804e+06	5.887154750354843214e+06
3.986581073580439268e-04	2.356127856786005665e+06	5.940478702250320464e+06
4.117319931161679482e-04	2.370797873681895901e+06	5.979546504634896293e+06
4.252346334528677710e-04	2.385948989849132486e+06	6.019895525125334971e+06
4.391800892596086085e-04	2.401596982809347101e+06	6.061567780925953761e+06
4.535828825510190908e-04	2.417758147503761575e+06	6.104606667184010148e+06
4.684580115873045679e-04	2.434449313261826523e+06	6.149057002178988419e+06
4.838209664925957392e-04	2.451687861326342914e+06	6.194965073993836530e+06
4.996877453854878855e-04	2.469491742953306530e+06	6.242378688716766424e+06
5.160748710385908026e-04	2.482473724208041560e+06	6.276361962677406147e+06
5.329994080844092930e-04	2.495319118598467205e+06	6.309900890229889192e+06
5.504789807854968417e-04	2.508585774254319724e+06	6.344539717920302413e+06
5.685317913873753860e-04	2.522287506325867493e+06	6.380314516678811982e+06
5.871766390733249843e-04	2.536438583027526271e+06	6.417262540372058749e+06
6.064329395408061141e-04	2.551053740495980717e+06	6.455422264597262256e+06
6.263207452198691922e-04	2.566148198135567363e+06	6.494833426748533733e+06
6.468607661546321112e-04	2.577290482421514113e+06	6.523342629578932188e+06
6.680743915695614441e-04	2.587459087830093689e+06	6.549114935803717934e+06
6.899837121430011690e-04	2.597961169927036390e+06	6.575732437902078032e+06
7.126115430111745839e-04	2.608807664990940131e+06	6.603222853846106678e+06
7.359814475265771296e-04	2.620009867952724453e+06	6.631614810611360706e+06
7.601177617955324041e-04	2.631579444157541730e+06	6.660937873987384140e+06
7.850456200204509452e-04	2.643528441512412392e+06	6.691222579365868121e+06
8.107909806731678154e-04	2.652433917417167686e+06	6.713233565508150496e+06
8.373806535266489033e-04	2.659630858405156992e+06	6.730569842792535201e+06
8.648423275731726865e-04	2.667063821143484674e+06	6.748474658642934635e+06
8.932045998580959026e-04	2.674740545902177691e+06	6.766966658129204996e+06
9.224970052592174194e-04	2.682669026791349053e+06	6.786065097781273536e+06
9.527500472427299482e-04	2.690857520085805096e+06	6.805789865641802549e+06
9.839952296278227113e-04	2.699314552822671831e+06	6.826161501976479776e+06
1.016265089392995313e-03	2.705612269904898014e+06	6.840773922637582757e+06
1.049593230558226731e-03	2.709640224632852245e+06	6.849333715114081278e+06
1.084014359178331072e-03	2.713800275056291372e+06	6.858174223690131679e+06
1.119564319483879432e-03	2.718096753218136262e+06	6.867304654374958947e+06
1.156280131207375458e-03	2.722534133229494095e+06	6.876734515086400323e+06
1.194200028133532475e-03	2.727117035928747617e+06	6.886473625551906414e+06
1.233363497913774571e-03	2.731850233693433926e+06	6.896532127534256317e+06
1.273811323186478358e-03	2.735215652603415772e+06	6.903021608446666971e+06
1.315585624045705277e-03	2.735990389841549564e+06	6.902809223381310701e+06
1.358729901902709343e-03	2.736790534379714634e+06	6.902589873204670846e+06
1.403289084785873256e-03	2.737616919443506282e+06	6.902363329497792758e+06
1.449309574126215073e-03	2.738470405583926011e+06	6.902129356350779533e+06
1.496839293077255632e-03	2.739351881573517807e+06	6.901887710117132403e+06
1.545927736419478674e-03	2.740262265331881121e+06	6.901638139160035178e+06
1.596626022101425152e-03	2.740437678580896463e+06	6.899502455835756846e+06
1.648986944471064796e-03	2.737995509735024534e+06	6.890855488996181637e+06
1.703065029252842687e-03	2.735473250616551377e+06	6.881924947197190486e+06
1.758916590327732569e-03	2.732868274686457589e+06	6.872701530674009584e+06
1.816599788375328683e-03	2.730177869269080926e+06	6.863175634678575210e+06
1.876174691439119486e-03	2.727399232727288734e+06	6.853337339477682486e+06
1.937703337477988952e-03	2.724529471545007546e+06	6.843176400023137219e+06
2.001249798969035112e-03	2.721342708512780722e+06	6.832170529220123775e+06
2.066880249629082268e-03	2.715838491701721214e+06	6.815723265625393018e+06
2.134663033324245458e-03	2.710153765575919300e+06	6.798736618430271745e+06
2.204668735239407457e-03	2.704282610380789265e+06	6.781192898694186471e+06
2.276970255381679901e-03	2.698218912224980537e+06	6.763073837372494861e+06
2.351642884494346396e-03	2.691956356713714544e+06	6.744360566292135976e+06
2.428764382460450386e-03	2.685488422373328824e+06	6.725033598503367975e+06
2.508415059277541159e-03	2.678808373860180844e+06	6.705072807987162843e+06
2.590677858688006548e-03	2.670563243599196430e+06	6.681815981038894504e+06
2.675638444552045497e-03	2.661986469510801602e+06	6.657676260908637196e+06
2.763385290053172599e-03	2.653128422415449284e+06	6.632744885128109716e+06
2.854009769829237483e-03	2.643979878040279262e+06	6.606995891562489793e+06
2.947606255124858923e-03	2.634531309604876675e+06	6.580402466655702330e+06
3.044272212064299925e-03	2.624772877900617663e+06	6.552936917508290149e+06
3.144108303147265162e-03	2.614694421044668183e+06	6.524570643039581366e+06
3.247218492073131874e-03	2.603999746248938143e+06	6.495309019308483228e+06
3.353710152002929105e-03	2.592891225841667969e+06	6.465095481952398084e+06
3.463694177371734288e-03	2.581418404485625215e+06	6.433891099738397636e+06
3.577285099367869762e-03	2.569569335028856993e+06	6.401663378174992278e+06
3.694601205199302477e-03	2.557331678515764419e+06	6.368378757122554816e+06
3.815764661271252300e-03	2.544692691338009201e+06	6.334002575845679268e+06
3.940901640403448279e-03	2.531639211964032613e+06	6.298499036919432692e+06
4.070142453219439092e-03	2.518629355142279994e+06	6.263674121406318620e+06
4.203621683844710293e-03	2.505412556010355707e+06	6.228565543873970397e+06
4.341478330055092809e-03	2.491762315494072158e+06	6.192305589953390881e+06
4.483855948021190328e-03	2.477664418999427930e+06	6.154856500564592890e+06
4.630902801799736956e-03	2.463104185768621974e+06	6.116179278328682296e+06
4.782772017727485517e-03	2.448066453592333477e+06	6.076233646958173253e+06
4.939621743878315659e-03	2.432535563020655420e+06	6.034978009315537289e+06
5.101615314749833284e-03	2.417406305802274495e+06	5.995162360808943398e+06
5.268921421350676766e-03	2.402538343162820674e+06	5.956363273436002433e+06
5.441714286865887221e-03	2.387182789674426429e+06	5.916291780393969268e+06
5.620173848083187887e-03	2.371323654925912153e+06	5.874906153480027802e+06
5.804485942768972118e-03	2.354944424104854465e+06	5.832163296026148833e+06
5.994842503189409637e-03	2.338028040799980983e+06	5.788018698020615615e+06
6.191441755977847815e-03	2.320556889239585493e+06	5.742426389757823199e+06
6.394488428556937588e-03	2.303556934798879083e+06	5.698298107314692810e+06
6.604193962330305243e-03	2.287499717929721344e+06	5.656974444814625196e+06
6.820776732865678482e-03	2.270915908937975764e+06	5.614295583880962804e+06
7.044462277299037498e-03	2.253788238376149908e+06	5.570217081144370139e+06
7.275483529196232965e-03	2.236098870449852198e+06	5.524693035727143288e+06
7.514081061116961897e-03	2.217829384444598109e+06	5.477676041444594041e+06
7.760503335133571261e-03	2.198960755543502513e+06	5.429117137438911945e+06
8.015006961565396618e-03	2.180379700535463635e+06	5.381428309723583050e+06
8.277856966198472027e-03	2.163574763365442865e+06	5.338656772838126868e+06
8.549327066268385539e-03	2.146218712786016054e+06	5.294482554866750725e+06
8.829699955494081307e-03	2.128293475180666894e+06	5.248859655259276740e+06
9.119267598459298088e-03	2.109780384213465266e+06	5.201740564889807254e+06
9.418331534647961592e-03	2.090660161391002825e+06	5.153076216583406553e+06
9.727203192450536648e-03	2.070912895986848744e+06	5.102815934020290151e+06
1.004620421346811079e-02	2.051066756376819685e+06	5.052358025103039108e+06
1.037566678745184892e-02	2.033915815101392334e+06	5.009091082876622677e+06
1.071593399822671176e-02	2.016202413304679561e+06	4.964405212878937833e+06
1.106736018095974550e-02	1.997908105244671227e+06	4.918253881754113361e+06
1.143031129114480994e-02	1.979013840256191790e+06	4.870589030097346753e+06
1.180516528568803167e-02	1.959499942912612343e+06	4.821361022408546880e+06
1.219231251649109671e-02	1.939346092536953511e+06	4.770518595404683612e+06
1.259215613694151040e-02	1.918561868218970019e+06	4.718088061146926135e+06
1.300511252173409960e-02	1.901413992791900411e+06	4.675134332391457632e+06
1.343161170046018073e-02	1.883703757387220627e+06	4.630771947616535239e+06
1.387209780541618330e-02	1.865412719560224563e+06	4.584954710325640626e+06
1.432702953409829491e-02	1.846521832051170757e+06	4.537634909020517953e+06
1.479688062686396362e-02	1.827011422950546490e+06	4.488763267517134547e+06
1.528214036025870790e-02	1.806861175213837996e+06	4.438288893632208928e+06
1.578331405652119712e-02	1.786050105504503706e+06	4.386159226186950691e+06
1.630092360979738114e-02	1.768607264792482136e+06	4.342674130443106405e+06
1.683550802961200632e-02	1.751199739325663308e+06	4.299315410991365090e+06
1.738762400216250711e-02	1.733221338727787603e+06	4.254534753958854824e+06
1.795784647002096959e-02	1.714653341301972978e+06	4.208285527283809148e+06
1.854676923084701279e-02	1.695476411378307035e+06	4.160519569618496113e+06
1.915500555573523833e-02	1.675670579178768676e+06	4.111187140176703688e+06
1.978318882784162180e-02	1.655215220021811780e+06	4.060236866936450824e+06
2.043197320195270367e-02	1.637631474695944460e+06	4.016573366022097878e+06
2.110203428568596662e-02	1.620764273623768007e+06	3.974748006822136696e+06
2.179406984302958289e-02	1.603343917214206187e+06	3.931550996179799549e+06
2.250880052095457357e-02	1.585352264886262827e+06	3.886937351153752767e+06
2.324697059985645492e-02	1.566770581143443007e+06	3.840860613599142991e+06
2.400934876860652198e-02	1.547579516063674586e+06	3.793272801788730081e+06
2.479672892502160150e-02	1.527759085149376187e+06	3.744124360447385814e+06
2.560993100258462246e-02	1.510208505218835548e+06	3.700686930956127122e+06
2.644980182427714502e-02	1.494060573694003047e+06	3.660786224614822306e+06
2.731721598441373688e-02	1.477383075083765434e+06	3.619576985305672046e+06
2.821307675939470697e-02	1.460158642377526965e+06	3.577016300040794536e+06
2.913831704832788722e-02	1.442369339018231025e+06	3.533059848512368742e+06
3.009390034449724305e-02	1.423996640224242117e+06	3.487661856939958874e+06
3.108082173869057552e-02	1.405021413698679302e+06	3.440775050404279958e+06
3.210010895543168735e-02	1.387662855742600048e+06	3.397930458517075051e+06
3.315282342319423453e-02	1.372360466869660653e+06	3.360223823501835577e+06
3.424006137971426222e-02	1.356556240255913930e+06	3.321280609499704558e+06
3.536295501355046084e-02	1.340233718267182820e+06	3.281060263234311249e+06
3.652267364308168368e-02	1.323375903545592213e+06	3.239520901495462749e+06
3.772042493416994519e-02	1.305965241309465375e+06	3.196619267524298280e+06
3.895745615775501186e-02	1.287983601072773337e+06	3.152310685968165286e+06
4.023505548869293208e-02	1.270957352587929927e+06	3.110381053426333703e+06
4.155455334718879262e-02	1.256581503633132670e+06	3.075034520682456903e+06
4.291732378422148664e-02	1.241734202565757092e+06	3.038528807872984558e+06
4.432478591240391480e-02	1.226399988240155159e+06	3.000825899998411536e+06
4.577840538376615892e-02	1.210562892466557445e+06	2.961886535367526580e+06
4.727969591600390820e-02	1.194206423382689711e+06	2.921670164712477010e+06
4.883022086877885498e-02	1.177313548280075891e+06	2.880134908963042311e+06
5.043159487171348238e-02	1.160739378082752228e+06	2.839393893936050590e+06
5.208548550577655339e-02	1.147333589219662827e+06	2.806488666422044858e+06
5.379361503980698012e-02	1.133488161104646279e+06	2.772504320792986080e+06
5.555776222398878250e-02	1.119188675886294572e+06	2.737405467659581453e+06
5.737976414214139564e-02	1.104420242883628001e+06	2.701155557047003880e+06
5.926151812475564939e-02	1.089167483079776168e+06	2.663716840333800763e+06
6.120498372476690374e-02	1.073414513107134495e+06	2.625050330942603759e+06
6.321218475812448445e-02	1.057391024576970376e+06	2.585722109730960336e+06
6.528521141127847927e-02	1.044968834382292815e+06	2.555271952614091337e+06
6.742622241778348235e-02	1.032139261790334480e+06	2.523823190757684410e+06
6.963744730628236568e-02	1.018888946804587962e+06	2.491343075187013950e+06
7.192118872221178738e-02	1.005204091291044257e+06	2.457797782933510374e+06
7.427982482564911282e-02	9.910704446095821913e+05	2.423152381813406013e+06
7.671581176779301847e-02	9.764732887741645100e+05	2.387370794051344041e+06
7.923168624866261389e-02	9.613974231263452675e+05	2.350415758710990194e+06
8.183006815867406580e-02	9.496300984812538372e+05	2.321598108657628298e+06
8.451366330684703665e-02	9.378064126178906299e+05	2.292645557458713651e+06
8.728526623848370525e-02	9.255949721463427413e+05	2.262743515104857273e+06
9.014776314524917955e-02	9.129830607581863878e+05	2.231860843288176693e+06
9.310413487069084393e-02	8.999575451170698507e+05	2.199965382528327405e+06
9.615746001432116941e-02	8.865048611823966494e+05	2.167023918683426920e+06
9.931091813749780284e-02	8.726110000844973838e+05	2.133002148362719920e+06
1.025677930744420957e-01	8.612955405564215034e+05	2.105310984187730122e+06
1.059314763518370006e-01	8.504498989187066909e+05	2.078775496282767970e+06
1.094054707205743548e-01	8.392485773709939094e+05	2.051369784165623598e+06
1.129933938033223922e-01	8.276799114859859692e+05	2.023065309066549642e+06
1.166989818617144986e-01	8.157318543046208797e+05	1.993832596294498537e+06
1.205260936870841404e-01	8.033919637910388410e+05	1.963641204543820582e+06
1.244787146187906202e-01	7.906473898761547171e+05	1.932459694194418844e+06
1.285609606943296512e-01	7.798177465455136262e+05	1.905973565155355725e+06
1.327770829355431892e-01	7.699095319030918181e+05	1.881747775220533600e+06
1.371314717753943091e-01	7.596763800176776713e+05	1.856727506999277510e+06
1.416286616299197443e-01	7.491076346594941569e+05	1.830886705789161380e+06
1.462733356201129931e-01	7.381922901305693667e+05	1.804198462430789135e+06
1.510703304486655796e-01	7.269189798040154856e+05	1.776634985286090756e+06
1.560246414366371071e-01	7.152759642874629935e+05	1.748167571297678398e+06
1.611414277253016558e-01	7.049570197024521185e+05	1.722943503841394326e+06
1.664260176485901910e-01	6.959369991500194883e+05	1.700901254078203579e+06
1.718839142817145671e-01	6.866211694416663377e+05	1.678136134643138153e+06
1.775208011717636092e-01	6.769998295954251662e+05	1.654624439219096908e+06
1.833425482562292541e-01	6.670629604882253334e+05	1.630341684046664042e+06
1.893552179756291254e-01	6.568002144225426018e+05	1.605262582428100985e+06
1.955650715865947520e-01	6.462009043508820469e+05	1.579361018395185703e+06
2.019785756819878764e-01	6.364089452397287823e+05	1.555435671658638399e+06
2.086024089248504632e-01	6.282225829563633306e+05	1.535439525291176047e+06
2.154434690031886424e-01	6.197677511165232863e+05	1.514787610664180480e+06
2.225088798128364853e-01	6.110356453330771765e+05	1.493458422033382347e+06
2.298059988758848760e-01	6.020171724813738838e+05	1.471429748379385564e+06
2.373424250023866422e-01	5.927029412301805569e+05	1.448678650278375717e+06
2.451260062033339959e-01	5.830832522620733362e+05	1.425181436014281819e+06
2.531648478631358112e-01	5.738267052785987034e+05	1.402572855436743004e+06
2.614673211801087360e-01	5.664167405626380350e+05	1.384479944046846358e+06
2.700420718837769907e-01	5.587637680402877741e+05	1.365793680478282971e+06
2.788980292380439652e-01	5.508598183356837835e+05	1.346494605905421311e+06
2.880444153396297668e-01	5.426966607194164535e+05	1.326562623355658725e+06
2.974907547214443726e-01	5.342657945375114214e+05	1.305976976781563135e+06
3.072468842708997450e-01	5.255584403593274765e+05	1.284716229446694953e+06
3.173229634734973104e-01	5.168387631768514984e+05	1.263425954941660631e+06
3.277294849923382269e-01	5.101471761111933738e+05	1.247092445561949862e+06
3.384772855945983316e-01	5.032361402416045894e+05	1.230223283120835666e+06
3.495775574363279015e-01	4.960984588033905602e+05	1.212800901019767858e+06
3.610418597173329913e-01	4.887266990158882691e+05	1.194807156568308361e+06
3.728821307182829670e-01	4.811131843423829414e+05	1.176223312091343105e+06
3.851107002325568907e-01	4.732499864961989224e+05	1.157030015416731825e+06
3.977403024058037140e-01	4.651289171846237150e+05	1.137207279723035870e+06
4.107840889965651554e-01	4.590320958726716926e+05	1.122329753446980147e+06
4.242556430717768223e-01	4.528037938935670536e+05	1.107131560130547732e+06
4.381689931514186065e-01	4.463712364207466599e+05	1.091434946138648316e+06
4.525386278170167031e-01	4.397277249500517501e+05	1.075223565898849163e+06
4.673795107992463338e-01	4.328663413016750710e+05	1.058480537790049799e+06
4.827070965603187935e-01	4.257799404159566620e+05	1.041188426562910783e+06
4.985373463873883915e-01	4.184611429129218450e+05	1.023329225183767150e+06
5.148867450137487589e-01	4.126902506370626506e+05	1.009250267219549627e+06
5.317723177850967042e-01	4.070872819639691152e+05	9.955817879841924878e+05
5.492116483887790057e-01	4.013005654352911515e+05	9.814650546365720220e+05
5.672228971644548423e-01	3.953240750893643126e+05	9.668853668032450369e+05
5.858248200152549323e-01	3.891515873447264894e+05	9.518275420159619534e+05
6.050367879391213011e-01	3.827766745192311355e+05	9.362758999014993897e+05
6.248788072006887795e-01	3.761926981366161490e+05	9.202142458529917058e+05
6.453715401646701322e-01	3.707483635058745858e+05	9.069350168155989377e+05
6.665363268124920859e-01	3.657158772773305536e+05	8.946615537663507275e+05
6.883952069645510319e-01	3.605183520120356698e+05	8.819855857866853476e+05
7.109709432312424360e-01	3.551503752990240464e+05	8.688939128353153355e+05
7.342870447166758296e-01	3.496063572287614224e+05	8.553729019791326718e+05
7.583677914997191127e-01	3.438805245721307001e+05	8.414084731966484105e+05
7.832382599179205096e-01	3.379669147685129428e+05	8.269860847158412216e+05
8.089243486805955952e-01	3.328464502134445938e+05	8.144997177268826636e+05
8.354528058382855171e-01	3.283326300510591245e+05	8.034942219479932683e+05
8.628512566366886016e-01	3.236707803665173124e+05	7.921278038853986654e+05
8.911482322840202919e-01	3.188560465713244048e+05	7.803886271895624232e+05
9.203731996618230715e-01	3.138834148720571538e+05	7.682644673410371179e+05
9.505565920101212152e-01	3.087477070492806379e+05	7.557426989205367863e+05
9.817298406188821325e-01	3.034435750652428251e+05	7.428102824615366990e+05
1.013925407558814440e+00	2.986414582039936795e+05	7.311030532888554735e+05
1.047176819485520438e+00	2.945978059554684442e+05	7.212467404831887688e+05
1.081518702552289213e+00	2.904215432154792943e+05	7.110671925413507270e+05
1.116986818467825104e+00	2.861083210585092311e+05	7.005538090537040262e+05
1.153618101736475943e+00	2.816536479371949099e+05	6.896956419730202761e+05
1.191450698119774998e+00	2.770528850050799665e+05	6.784813842137928586e+05
1.230524004359261570e+00	2.723012412859837059e+05	6.668993578776816139e+05
1.270878709202059476e+00	2.678095943089990760e+05	6.559518465248475550e+05
1.312556835771845343e+00	2.641910610828514327e+05	6.471344669892975362e+05
1.355601785329366038e+00	2.604538590296129987e+05	6.380279238556525670e+05
1.400058382468096108e+00	2.565940964369111753e+05	6.286227340812302427e+05
1.445972921792019639e+00	2.526077539647108060e+05	6.189091036295087542e+05
1.493393216124253353e+00	2.484906804597975861e+05	6.088769172711633146e+05
1.542368646296630619e+00	2.442385886330000940e+05	5.985157280506349634e+05
1.592950212572119773e+00	2.400476359805660904e+05	5.883039264805779094e+05
1.645190587753660783e+00	2.368126404341552698e+05	5.804237700863052160e+05
1.699144172034625866e+00	2.334715540760409203e+05	5.722851860756028909e+05
1.754867149648152269e+00	2.300208976864940778e+05	5.638796993840696523e+05
1.812417547374239657e+00	2.264570779457076278e+05	5.551985570098393364e+05
1.871855294965575345e+00	2.227763836919151654e+05	5.462327188986970577e+05
1.933242287555043237e+00	2.189749820567934075e+05	5.369728485302698100e+05
1.996642450109793465e+00	2.150734736731337034e+05	5.274691820569317788e+05
2.062121803999144465e+00	2.121838381541919371e+05	5.204328949333787896e+05
2.129748535745523252e+00	2.091994378130630648e+05	5.131658546599041438e+05
2.199593068030070597e+00	2.061171648628083640e+05	5.056604937488175929e+05
2.271728133026902796e+00	2.029338095974486496e+05	4.979089965386959957e+05
2.346228848142262624e+00	1.996460570495587017e+05	4.899032910555979470e+05
2.423172794237601124e+00	1.962504835382448218e+05	4.816350406073596678e+05
2.502640096417921622e+00	1.927435531039163179e+05	4.730956351022326271e+05
2.584713507469558191e+00	1.900469051000537584e+05	4.665315535282690544e+05
2.669478494034318139e+00	1.873831515155389498e+05	4.600479437725024763e+05
2.757023325609582631e+00	1.846320408463217900e+05	4.533517057729284861e+05
2.847439166467247595e+00	1.817907082402283268e+05	4.464358664432929945e+05
2.940820170587066684e+00	1.788561948930254439e+05	4.392932240168475546e+05
3.037263579703306071e+00	1.758254449672888150e+05	4.319163405468347482e+05
3.136869824566873799e+00	1.726953024102238705e+05	4.242975341610247269e+05
3.239742629528195472e+00	1.701645595517321781e+05	4.181395765898849932e+05
3.345989120549975215e+00	1.677886401056631876e+05	4.123591679769394104e+05
3.455719936762142730e+00	1.653348030182993680e+05	4.063891924131503329e+05
3.569049345675222806e+00	1.628004930014829733e+05	4.002234331011847826e+05
3.686095362172154388e+00	1.601830709670652577e+05	3.938554693655058509e+05
3.806979871402284221e+00	1.574798112787100545e+05	3.872786699662456522e+05
3.931828755705770284e+00	1.546878989135679149e+05	3.804861861938020447e+05
4.060772025700369880e+00	1.523192212199218629e+05	3.747249179601345677e+05
4.193943955667178258e+00	1.502013609229011927e+05	3.695748879792284570e+05
4.331483223376394243e+00	1.480140459651976707e+05	3.642559641457234393e+05
4.473533054498463279e+00	1.457549985998339544e+05	3.587626076310012140e+05
4.620241371751312442e+00	1.434218663817309134e+05	3.530890979620434809e+05
4.771760948938751135e+00	1.410122197180036746e+05	3.472295270644527045e+05
4.928249570040502903e+00	1.385235493379204709e+05	3.411777931101161521e+05
5.089870193519674402e+00	1.363120544740688347e+05	3.358012099508502288e+05
5.256791122018420026e+00	1.344253146875674720e+05	3.312156370395565173e+05
5.429186177618942288e+00	1.324766997755669872e+05	3.264796814939422184e+05
5.607234882852038638e+00	1.304641805599141662e+05	3.215884115558293997e+05
5.791122647641747001e+00	1.283856613161025307e+05	3.165367337313535390e+05
5.981040962380932413e+00	1.262389775909014425e+05	3.113193874868825078e+05
6.177187597338488878e+00	1.240218939484176080e+05	3.059309397709955811e+05
6.379766808606282424e+00	1.219619022146227653e+05	3.009250558019098244e+05
6.588989550799956518e+00	1.202819747342964838e+05	2.968444017760045244e+05
6.805073696735220778e+00	1.185469544826095953e+05	2.926299237952656695e+05
7.028244264308338707e+00	1.167550347068949195e+05	2.882772331389707979e+05
7.258733650817245753e+00	1.149043494025152031e+05	2.837817971594759147e+05
7.496781874966876202e+00	1.129929713697119732e+05	2.791389345621747780e+05
7.742636826811278183e+00	1.110189102067272033e+05	2.743438105306585785e+05
7.996554525892363152e+00	1.091041602141758485e+05	2.696931716418556753e+05
8.258799387844256046e+00	1.076091636430715444e+05	2.660637670025974512e+05
8.529644499741017682e+00	1.060651390601979219e+05	2.623153370111688855e+05
8.809371904473991322e+00	1.044704786050526745e+05	2.584439782630544796e+05
9.098272894455567084e+00	1.028235216877791972e+05	2.544456593426335894e+05
9.396648314954710202e+00	1.011225532599216676e+05	2.503162166250909504e+05
9.704808877380287413e+00	9.936580202847017790e+04	2.460513499406524352e+05
1.002307548283864236e+01	9.758963847625347262e+04	2.417394754208066443e+05
1.035177955630176250e+01	9.625992034316099307e+04	2.385130192926917807e+05
1.069126339173477191e+01	9.488659446036598820e+04	2.351807524008071341e+05
1.104188050854162562e+01	9.346823072340735234e+04	2.317392047095207381e+05
1.140399601970030830e+01	9.200335212793179380e+04	2.281847923843127792e+05
1.177798701197118092e+01	9.049043323162361048e+04	2.245138140597697056e+05
1.216424293857368077e+01	8.892789856569588301e+04	2.207224469851930044e+05
1.256316602474121602e+01	8.731412099428498186e+04	2.168067430437992152e+05
1.297517168657589615e+01	8.610138276906918327e+04	2.138652814730134851e+05
1.340068896363947992e+01	8.488056745794067683e+04	2.109043397035840899e+05
1.384016096573130383e+01	8.361971583596098935e+04	2.078462946425982227e+05
1.429404533431761060e+01	8.231751492304891872e+04	2.046879618136412755e+05
1.476281471909391030e+01	8.097260868029326957e+04	2.014260523062478460e+05
1.524695727017576097e+01	7.958359659785033728e+04	1.980571693510155601e+05
1.574697714643083479e+01	7.814903223653168243e+04	1.945778047824005771e+05
1.626339504048190676e+01	7.701371828661096515e+04	1.918247077344445861e+05
1.679674872092653359e+01	7.592915198075247463e+04	1.891948282548633870e+05
1.734759359233932585e+01	7.480901761364504637e+04	1.864787025827701727e+05
1.791650327363903017e+01	7.365214874025511381e+04	1.836735022974025051e+05
1.850407019542298315e+01	7.245734066229715245e+04	1.807763062206975883e+05
1.911090621689136171e+01	7.122334917372776545e+04	1.777840973753400613e+05
1.973764326300255334e+01	6.994888926510051533e+04	1.746937598430536164e+05
2.038493398252463962e+01	6.888910514742965461e+04	1.721237865451558901e+05
2.105345242766708225e+01	6.792628652210850851e+04	1.697888355039765302e+05
2.174389475600075627e+01	6.693189251808350673e+04	1.673773103693580488e+05
2.245697995539771696e+01	6.590488762927456992e+04	1.648866999144336442e+05
2.319345059274427712e+01	6.484420239045768540e+04	1.623144105573254637e+05
2.395407358720879643e+01	6.374873226358342072e+04	1.596577636603329447e+05
2.473964100886816908e+01	6.261733648757308401e+04	1.569139927405502531e+05
2.555097090352501965e+01	6.163079701787108206e+04	1.545207530191150145e+05
2.638890814457507972e+01	6.077683223309250752e+04	1.524483064698311209e+05
2.725432531281027693e+01	5.989486190212887595e+04	1.503078945915471122e+05
2.814812360507581346e+01	5.898396759060082695e+04	1.480972884795186692e+05
2.907123377272581166e+01	5.804320074431972898e+04	1.458141861326678190e+05
3.002461709085543262e+01	5.707158170151671948e+04	1.434562100564088032e+05
3.100926635931923414e+01	5.606809867267751542e+04	1.410209047868572234e+05
3.202620693657650008e+01	5.515225965788427857e+04	1.387971242823805660e+05
3.307649780744242918e+01	5.439572717878989351e+04	1.369580743208880594e+05
3.416123268585532458e+01	5.361438441985563259e+04	1.350587132089228253e+05
3.528154115380876732e+01	5.280741773460541299e+04	1.330970630584736646e+05
3.643858983763541204e+01	5.197398679324478144e+04	1.310710811172215326e+05
3.763358362286533065e+01	5.111322370758926991e+04	1.289786576413333823e+05
3.886776690892667574e+01	5.022423212729395891e+04	1.268176136984925542e+05
4.014242490499325555e+01	4.937640819848518004e+04	1.247553483004809677e+05
4.145888496832903058e+01	4.870724091961817612e+04	1.231235318115804548e+05
4.281851798652406416e+01	4.801612847923170921e+04	1.214382003383853444e+05
4.422273980505897129e+01	4.730235119163690251e+04	1.196975988713322004e+05
4.567301270168746896e+01	4.656516576924559195e+04	1.178999148457893170e+05
4.717084690917022272e+01	4.580380454855240532e+04	1.160432762545537989e+05
4.871780218794621931e+01	4.501747469073319371e+04	1.141257496984485479e+05
5.031548945038046838e+01	4.423494679720062413e+04	1.122165526355912734e+05
5.196557243827657402e+01	4.364433378040455864e+04	1.107683981035571196e+05
5.366976945540476152e+01	4.303435176805482479e+04	1.092727517318676692e+05
5.542985515684674169e+01	4.240436555913469783e+04	1.077280560383731063e+05
5.724766239702167070e+01	4.175371912138048356e+04	1.061327024637142313e+05
5.912508413831869092e+01	4.108173490812601085e+04	1.044850296962582797e+05
6.106407542232037144e+01	4.038771315274408698e+04	1.027833219421034446e+05
6.306665540567406225e+01	3.967093113994850137e+04	1.010258071383467031e+05
6.513490946272808912e+01	3.914814026541321073e+04	9.973255121644768224e+04
6.727099135712350630e+01	3.861140787600656040e+04	9.840456971262549632e+04
6.947712548460225435e+01	3.805707349177717697e+04	9.703303741139233171e+04
7.175560918936922405e+01	3.748455986002345162e+04	9.561652607602185162e+04
7.410881515641570161e+01	3.689327079719642643e+04	9.415356063114774588e+04
7.653919388230156073e+01	3.628259056806736771e+04	9.264261762670229655e+04
7.904927622696436629e+01	3.565188324453582754e+04	9.108212365148124809e+04
8.164167604921453858e+01	3.516760177561197634e+04	8.986988462880215957e+04
8.431909292866251349e+01	3.469740712757474830e+04	8.868952268538219505e+04
8.708431497690725109e+01	3.421179257210541982e+04	8.747045108846045332e+04
8.994022174092053490e+01	3.371025241747352993e+04	8.621140036532767408e+04
9.288978720164516290e+01	3.319226438792389672e+04	8.491105941125737445e+04
9.593608287093125853e+01	3.265728907980802978e+04	8.356807412419527827e+04
9.908228099003788714e+01	3.210476939987916558e+04	8.218104599467270600e+04
1.023316578330244937e+02	3.165928883720616795e+04	8.104612210646730091e+04
1.056875971184805252e+02	3.125007574168837527e+04	7.999494916774392186e+04
1.091535935331393290e+02	3.082744261240535707e+04	7.890930329429464473e+04
1.127332563710484834e+02	3.039094934294749328e+04	7.778805395546682121e+04
1.164303132920875612e+02	2.994014139373326907e+04	7.663003354515769752e+04
1.202486142037412122e+02	2.947454931867763298e+04	7.543403616593578772e+04
1.241921352701784684e+02	2.899368827633696128e+04	7.419881637328655052e+04
1.282649830528062580e+02	2.858748069059696718e+04	7.313649488540271705e+04
1.324713987866115019e+02	2.823488623517104497e+04	7.219730667380096565e+04
1.368157627967470660e+02	2.787072853910327831e+04	7.122731803657820274e+04
1.413025990599533657e+02	2.749462838901673967e+04	7.022551888203326962e+04
1.459365799155757486e+02	2.710619413533344414e+04	6.919086599277841742e+04
1.507225309310758803e+02	2.670502128443245601e+04	6.812228193939127959e+04
1.556654359271059036e+02	2.629069207743306833e+04	6.701865395844056911e+04
1.607704421673822139e+02	2.592460798155364682e+04	6.602315476420518826e+04
1.660428657187529780e+02	2.562557370129569244e+04	6.517952886257354112e+04
1.714881969870540956e+02	2.531673267198210669e+04	6.430823647565800638e+04
1.771121064345090304e+02	2.499776328390660638e+04	6.340837028849053604e+04
1.829204504846290149e+02	2.466833338025885678e+04	6.247899323095210275e+04
1.889192776207664224e+02	2.432809991123485452e+04	6.151913750195995817e+04
1.951148346846616732e+02	2.397670857680435074e+04	6.052780356165463309e+04
2.015135733815558865e+02	2.365222713666852360e+04	5.959212601872855885e+04
2.081221569986341819e+02	2.340521525707439287e+04	5.882788961173663120e+04
2.149474673437976264e+02	2.315010268910820378e+04	5.803859027665478789e+04
2.219966119119952452e+02	2.288662377286637638e+04	5.722340608147503372e+04
2.292769312865648885e+02	2.261450413620010295e+04	5.638148813914978382e+04
2.367960067833078881e+02	2.233346040899947548e+04	5.551195972360822634e+04
2.445616683452449251e+02	2.204319992810779877e+04	5.461391535678307264e+04
2.525820026962779821e+02	2.176275632802610198e+04	5.372956438022533985e+04
2.608653617622545084e+02	2.156809526242577340e+04	5.302814097369910451e+04
2.694203713681882277e+02	2.136705033936402106e+04	5.230371457459416706e+04
2.782559402207126027e+02	2.115941220194679772e+04	5.155553080593557388e+04
2.873812691851068735e+02	2.094496462747682017e+04	5.078281055115771596e+04
2.968058608665596125e+02	2.072348430229146106e+04	4.998474914277616335e+04
3.065395295056523537e+02	2.049474058921629694e+04	4.916051552445177367e+04
3.165924111983520675e+02	2.026215723705612254e+04	4.831707692147613125e+04
3.269749744511767631e+02	2.012243123273268066e+04	4.766071272743858572e+04
3.376980310825094875e+02	1.997812295155534594e+04	4.698282324561638234e+04
3.487727474814170705e+02	1.982908211898313311e+04	4.628270255996723427e+04
3.602106562357066082e+02	1.967515353226172010e+04	4.555962160412121011e+04
3.720236681413065867e+02	1.951617689880411126e+04	4.481282740217252285e+04
3.842240846055060501e+02	1.935198666927088925e+04	4.404154228457230056e+04
3.968246104569486192e+02	1.918241186517640745e+04	4.324496307830729347e+04
4.098383671757252955e+02	1.909284317318349713e+04	4.259507228931699501e+04
4.232789065573544462e+02	1.900999888296149220e+04	4.194338148324794020e+04
4.371602248248502747e+02	1.892443773645064357e+04	4.127031865189980454e+04
4.514967772036101792e+02	1.883607063507729254e+04	4.057518290543299372e+04
4.663034929742735812e+02	1.874480555830394587e+04	3.985725036851353070e+04
4.815957910192341274e+02	1.865054746780427013e+04	3.911577342650998617e+04
4.973895958790057534e+02	1.855319820849545431e+04	3.834997994696925889e+04
5.137013543351338285e+02	1.851554034196706925e+04	3.768444922420683724e+04
5.305480525369574707e+02	1.849635660428489064e+04	3.703638823095959378e+04
5.479472336900292930e+02	1.847654374106822434e+04	3.636707425117168168e+04
5.659170163246230914e+02	1.845608112031382188e+04	3.567581029884711461e+04
5.844761131633625837e+02	1.843494743339741763e+04	3.496187653052073438e+04
6.036438506075865007e+02	1.841312067288412800e+04	3.422452949565419112e+04
6.234401888627863855e+02	1.839057810961114592e+04	3.346300136244797613e+04
6.438857427240425295e+02	1.839487722983443746e+04	3.276522598133648353e+04
6.650018030431132274e+02	1.841588007841513536e+04	3.209784892451677661e+04
6.868103588995293194e+02	1.843757170978456634e+04	3.140858541602990954e+04
7.093341204987989386e+02	1.845997471238964863e+04	3.069671769556060462e+04
7.325965428215230304e+02	1.848311241545934172e+04	2.996150446403675232e+04
7.566218500481062392e+02	1.850700891329842125e+04	2.920218011168181329e+04
7.814350607844559136e+02	1.853168909037794219e+04	2.841795392075185009e+04
8.070620141149491928e+02	1.851936172069785971e+04	2.767229000130155691e+04
8.335293965098187527e+02	1.846708405812090132e+04	2.696939208523029811e+04
8.608647696149245121e+02	1.841309196361438444e+04	2.624344282043509156e+04
8.890965989529167928e+02	1.835732921284278200e+04	2.549368624411416386e+04
9.182542835656300895e+02	1.829973773760856420e+04	2.471934160186832378e+04
9.483681866285909337e+02	1.824025756538322821e+04	2.391960253466725044e+04
9.794696670695386729e+02	1.817882675685526192e+04	2.309363623915210337e+04
1.011591112223829782e+03	1.802542604151175328e+04	2.229269420947780964e+04
1.044765971560805156e+03	1.770243937540558545e+04	2.156081325861734513e+04
1.079028791516185947e+03	1.736886044817106813e+04	2.080493046817681898e+04
1.114415251466786003e+03	1.702434188944413108e+04	2.002425870426174879e+04
1.150962200885031052e+03	1.666852493694259465e+04	1.921798501913229120e+04
1.188707697711903165e+03	1.630103906287155223e+04	1.838526980464570806e+04
1.227691047988360424e+03	1.592150158807634580e+04	1.752524591793519721e+04
1.267952846786436567e+03	1.549021530030593931e+04	1.668174063518975527e+04
1.309535020482665232e+03	1.490434320491441758e+04	1.597038568693419802e+04
1.352480870417874030e+03	1.429925759121566443e+04	1.523570204385129000e+04
1.396835117988739739e+03	1.367432835702764351e+04	1.447692464764823853e+04
1.442643951218158691e+03	1.302890473613611357e+04	1.369326335015054974e+04
1.489955072852856802e+03	1.236231462062328137e+04	1.288390209048616271e+04
1.538817750038343092e+03	1.167386386097247669e+04	1.204799804528560708e+04
1.589282865622976715e+03	1.097486773682369858e+04	1.120914208807751129e+04
1.641402971144466619e+03	1.038338374615363318e+04	1.060795027497626143e+04
1.695232341554121376e+03	9.772502196575193011e+03	9.987042537532484857e+03
1.750827031735726905e+03	9.141586950344089928e+03	9.345772297292834992e+03
1.808244934877948026e+03	8.489981007749343917e+03	8.683471771437009011e+03
1.867545842761074027e+03	7.817005822950321999e+03	7.999451277385874164e+03
1.928791508020777655e+03	7.121960597377708837e+03	7.292998514605263153e+03
1.992045708453871384e+03	6.404121549960890661e+03	6.563377822855856721e+03
2.057374313432916097e+03	5.974742682760656862e+03	6.131128299884660009e+03
2.124845352498878583e+03	5.547969995784723324e+03	5.701888088573043206e+03
2.194529086203311635e+03	5.107201412949029873e+03	5.258571059602572859e+03
2.266498079273692838e+03	4.651977942600942697e+03	4.800715567511908375e+03
2.340827276178294142e+03	4.181825540579578046e+03	4.327844827300514225e+03
2.417594079169133238e+03	3.696254616572864961e+03	3.839466417931565957e+03
2.496878428884322147e+03	3.194759524285781026e+03	3.335071769552424485e+03
2.578762887593798041e+03	2.918237439483022627e+03	3.051907202072695327e+03
2.663332725174980624e+03	2.688601485190411950e+03	2.814565455185652809e+03
2.750676007908067731e+03	2.451434681337821985e+03	2.569440149336273407e+03
2.840883690183307408e+03	2.206490055732811470e+03	2.316276024795011836e+03
2.934049709215781604e+03	1.953512536796129780e+03	2.054809450657958223e+03
3.030271082866393044e+03	1.692238687944365893e+03	1.784768150316280071e+03
3.129648010670750864e+03	1.422396433262074424e+03	1.505870917922849912e+03
3.232283978181380917e+03	1.265896324502280322e+03	1.342610537183912584e+03
3.338285864731764832e+03	1.163084559571678938e+03	1.234064376158581581e+03
3.447764054734457204e+03	1.056901110372077710e+03	1.121958472881608031e+03
3.560832552629274687e+03	9.472354034217320304e+02	1.006176086560119188e+03
3.677609101601030943e+03	8.339732390112475287e+02	8.865966479182808371e+02
3.798215306190736101e+03	7.169966722823612599e+02	7.630956336431650016e+02
3.922776758927723677e+03	5.961838904068007423e+02	6.355444367131769923e+02
4.051423171114639445e+03	5.175955490677653188e+02	5.523505679352108473e+02
4.184288507901576850e+03	4.759562587197423227e+02	5.079691548037106372e+02
4.321511127789762213e+03	4.329514190074604016e+02	4.621322651263786270e+02
4.463233926710398009e+03	3.885362471055967717e+02	4.147921669400799374e+02
4.609604486828438894e+03	3.426644915480773079e+02	3.658995629247447141e+02
4.760775230226357962e+03	2.952883840644036013e+02	3.154035390679138118e+02
4.916903577628021594e+03	2.463585898364325715e+02	2.632515116457178692e+02
5.078152112327669784e+03	2.100550599883014797e+02	2.245382625318504779e+02
5.244688749495119737e+03	1.936203789764477960e+02	2.069736017676356141e+02
5.416686911033157230e+03	1.766467270066370077e+02	1.888329126624111325e+02
5.594325706169366640e+03	1.591164286707928284e+02	1.700973045211580654e+02
5.777790117970495885e+03	1.410112289005631965e+02	1.507472671335716825e+02
5.967271195973309659e+03	1.223122739575298539e+02	1.307626504572377826e+02
6.162966255132942024e+03	1.030000917999750953e+02	1.101226436345003918e+02
6.365079081295578362e+03	8.678206569151852534e+01	9.278878763821499831e+01
6.573820143409572665e+03	8.020049091881591607e+01	8.575188431391545407e+01
6.789406812696099223e+03	7.340307516583716563e+01	7.848420763155500879e+01
7.012063589007177143e+03	6.638273998549779265e+01	7.097818944072294300e+01
7.242022334607316225e+03	5.913217479493798123e+01	6.322601339554371691e+01
7.479522515621828461e+03	5.164382926269291829e+01	5.521960681517435887e+01
7.724811451403416868e+03	4.390990544620133562e+01	4.695063227736759615e+01
7.978144572076612349e+03	3.666154227217466399e+01	3.920082377897665538e+01
8.239785684528511410e+03	3.395968009412850819e+01	3.631213952041306214e+01
8.510007247122248373e+03	3.116921107027135918e+01	3.332872163599137139e+01
8.789090653419963928e+03	2.828722936284868794e+01	3.024746336184787765e+01
9.077326525210242835e+03	2.531073383793576426e+01	2.706515604863080071e+01
9.375015015145270809e+03	2.223662494022576297e+01	2.377848582019346679e+01
9.682466119303113373e+03	1.906170146532528520e+01	2.038403012270809711e+01
1.000000000000000000e+04	1.578265722620225375e+01	1.687825416061292572e+01
