# Frequency (Hz)	Real Part (Ohm/m)
1000.0	27930333.89667591
1018.6101701559753	27966189.646583576
1037.566678745186	28002712.678098105
1056.875971184804	28039915.409443714
1076.5446128423157	28077810.48994994
1096.5792912678098	28116410.80435247
1116.9868184678226	28155729.477174085
1137.7741332214914	28195779.877187237
1158.9483034398106	28236575.621959437
1180.5165285688054	28278130.582483493
1202.4861420374123	28320458.887893725
1224.8646137509306	28363574.93027006
1247.6595526308697	28407493.369531464
1270.8787092020582	28439859.231052812
1294.529978227916	28460951.953847
1318.6214013947485	28482437.215801418
1343.1611700460153	28504322.32213667
1368.1576279674719	28526614.714024693
1393.619274224142	28549321.97111893
1419.5547660501015	28572451.814131472
1445.9729217920194	28596012.107458156
1472.882723907502	28620010.86185258
1500.2933220192183	28644456.23714981
1528.2140360258693	28669356.545040846
1556.654359271062	28694720.251898684
1585.6239617711371	28720041.935950797
1615.132693503091	28725601.189518414
1645.1905877536624	28731263.901740886
1675.807864530767	28737031.99800136
1706.9949340384078	28742907.4395147
1738.7624002162504	28748892.22399437
1771.1210643450886	28754988.386331547
1804.0819287193826	28761197.99928711
1837.6562003881704	28767523.174196377
1871.8552949655793	28773966.061686978
1906.690840512252	28780528.852410074
1942.1746814890264	28787213.77778523
1978.3188827841643	28794023.110759076
2015.1357338155585	28791990.493965972
2052.6377527092523	28782131.353955895
2090.8376905557498	28772088.73367264
2129.748535745521	28761859.21851711
2169.3835183851843	28751439.330343917
2209.756114795903	28740825.526278805
2250.880052095462	28730014.197514053
2292.7693128656488	28719001.668081366
2335.438139906479	28707784.193602093
2378.9010410788933	28696357.960014038
2423.1727942376006	28684719.082274668
2468.2684522556924	28672863.60304015
2514.2033481427966	28660174.008783463
2560.9931002584594	28635483.987250607
2608.6536176225477	28610334.480215866
2657.2011053245064	28584716.936575864
2706.652070033241	28558622.646089744
2757.0233256095826	28532042.736417588
2808.3319988231724	28504968.1701037
2860.5955351757416	28477389.7415038
2913.831704832789	28449298.07365503
2968.0586086656026	28420683.61508763
3023.2946844057765	28391536.63657736
3079.5587129142264	28361847.227837503
3136.8698245668766	28331605.294149145
3195.2475057592133	28296470.042116653
3254.711605531848	28257281.55136787
3315.282342319423	28217363.756138097
3376.9803108250912	28176703.083946835
3439.8264890229243	28135285.709727444
3503.8422452906757	28093097.551126413
3569.0493456752292	28050124.263715245
3635.4699612933177	28006351.23611321
3703.126675869927	27961763.585019242
3772.0424934169973	27916346.150151566
3842.240846055061	27870083.48909296
3913.745601980384	27822959.872040182
3986.581073580439	27774740.11444667
4060.7720257003657	27722894.90992145
4136.343684063274	27670084.85731824
4213.321743847289	27616292.000650145
4291.732378422157	27561498.049766272
4371.602248248501	27505684.374132942
4452.958509942655	27448831.99649904
4535.828825510186	27390921.586443596
4620.241371751313	27331933.453803223
4706.224849841281	27271847.541977223
4793.808495089106	27210643.42110818
4883.02208687788	27148300.2811355
4973.895958790063	27084796.924719878
5066.461008921268	27021182.99052948
5160.7487103859075	26957144.295472745
5256.791122018419	26891913.829404417
5354.620899273607	26825469.41326321
5454.271305329836	26757788.455231696
5555.7762223988775	26688847.943054907
5659.170163246242	26618624.436215863
5764.488282925873	26547094.0579656
5871.766390733255	26474232.487204768
5981.040962380945	26400014.950214256
6092.349152400711	26324416.21223179
6205.7288067765	26247410.568871893
6321.218475812449	26169612.85615616
6438.8574272404185	26096189.982163664
6558.685659571435	26021400.695992827
6680.743915695614	25945219.568480514
6805.073696735206	25867620.697222527
6931.717276155407	25788577.697766498
7060.717714137772	25708063.694640968
7192.118872221193	25626051.31221733
7325.96542821523	25542512.665401902
7462.302891391108	25457419.350154623
7601.17761795533	25370742.43383147
7742.636826811269	25282452.445346937
7886.728615614156	25192519.365153637
8033.501977124735	25107517.23263281
8183.00681586739	25025150.315826748
8335.293965098195	24941250.53668369
8490.415204088747	24855789.368374735
8648.423275731726	24768737.753181845
8809.37190447399	24680066.092617843
8973.31581458352	24589744.237362728
9140.310748756232	24497741.47701252
9310.413487069076	24404026.529637378
9483.681866285926	24308567.531145416
9660.174799522645	24211332.02444861
9839.952296278227	24112286.94842698
10023.075482838643	24013232.333138615
10209.606623060476	23925289.266384657
10399.609139541202	23835709.56419437
10593.1476351837	23744462.768503822
10790.287915161836	23651517.854419243
10991.097009294961	23556843.219668448
11195.643194838794	23460406.673855476
11403.99601970033	23362175.427515674
11616.22632608502	23262116.080966853
11832.40627458378	23160194.61295307
12052.609368708414	23056376.369076997
12276.910479883603	22950626.05001708
12505.385872903913	22842907.699525427
12738.113231864783	22744792.99324004
12975.171686575868	22651514.263880905
13216.641839466038	22556499.601496473
13462.60579298911	22459716.70007773
13713.147177539455	22361132.652395416
13968.351179887397	22260713.938811056
14228.30457214352	22158426.41588006
14493.09574126215	22054235.30474247
14762.81471909391	21948105.17929788
15037.553212997384	21839999.954160076
15317.404637020798	21729882.872387733
15602.46414366368	21617716.492986515
15892.828656229764	21506617.558858026
16188.596901781993	21411494.465130452
16489.86944471065	21314601.11444284
16796.74872092653	21215904.56201196
17109.339072690134	21115371.249946527
17427.746784089173	21012966.99583722
17752.08011717636	20908656.981134232
18082.44934877952	20802405.73930865
18418.96680799711	20694177.14379342
18761.746914391195	20583934.395699907
19110.90621689136	20471640.0113059
19466.56343342263	20357255.809310753
19828.83949127071	20240742.897853345
20197.857568198782	20137604.261037104
20573.743134329114	20040537.42055685
20956.623994804308	19941664.149658754
21346.630333242454	19840950.830365356
21743.8947560008	19738363.21906295
22148.55233726359	19633866.4348583
22560.74066496859	19527424.947718866
22980.599887588487	19419002.5663921
23408.272761782944	19308562.42610012
23843.904700937208	19196066.976005256
24287.643824604504	19081477.966442376
24739.64100886812	18964756.435913507
25200.049937640895	18850250.821697265
25669.027154919517	18754492.901407484
26146.732118010917	18656952.909927353
26633.327251749808	18557597.68260875
27128.978003724646	18456393.437603865
27633.852900531667	18353305.76437893
28148.123605075813	18248299.61201429
28671.964974937695	18141339.27728673
29205.55512182745	18032388.392529953
29749.075472144435	17921409.913269185
30302.71082866393	17808366.10562575
30866.649433372742	17693218.533486973
31441.08303147265	17575928.045437656
32026.206936576502	17474562.156416025
32622.220097116733	17379616.654490944
33229.325163989684	17282904.200619508
33847.72855945983	17184391.911525305
34477.640547344636	17084046.291968618
35119.275304507275	16981833.223357562
35772.850993678774	16877717.952147484
36438.58983763541	16771665.07802438
37116.71819475767	16663638.541868286
37807.466635993485	16553601.613492979
38511.070023255685	16441516.879157167
39227.76758927723	16327346.228843464
39957.803018952654	16216414.231006809
40701.42453219439	16125070.219801042
41458.88496832911	16032026.28100402
42230.441872066716	15937250.778674003
43016.35758106799	15840711.488118993
43816.89931514194	15742375.584940027
44632.33926710397	15642209.633870466
45462.95469532399	15540179.577407658
46309.02801799736	15436250.724233061
47170.84690917023	15330387.73741675
48048.704396551344	15222554.622402586
48942.89896114532	15112714.714769555
49853.73463873894	15000830.66776556
50781.5211232767	14906142.214282885
51726.57387216024	14817542.346309828
52689.21421350677	14727293.619718004
53669.76945540476	14635365.34896794
54668.57299720181	14541726.277457083
55685.96444286408	14446344.566892156
56722.28971644549	14349187.78646384
57777.90117970507	14250222.90181996
58853.1577519145	14149416.263833385
59948.42503189408	14046733.59716103
61064.07542232036	13942139.988589829
62200.48825634718	13835599.875165885
63358.04992658254	13733068.51413404
64537.15401646702	13649457.658247354
65738.20143409586	13564290.790105734
66961.60054853215	13477538.952056346
68207.76732865692	13389172.647539498
69477.1254846024	13299161.831059556
70770.10661181889	13207475.897969041
72087.15033782135	13114083.6740628
73428.70447166759	13018953.40497842
74795.22515621828	12922052.745399393
76187.17702322999	12823348.748057375
77605.0333513357	12722807.852529753
79049.2762269642	12620395.87382872
80520.39670825469	12535326.717094878
82018.8949920221	12455589.062099792
83545.28058382872	12374367.475777421
85100.07247122246	12291634.34191324
86683.79930019773	12207361.530350322
88296.99955494082	12121520.387424681
89940.22174092053	12034081.726222822
91614.0245713852	11945015.816657782
93318.9771573324	11854292.375360636
95055.65920101192	11761880.555383824
96824.66119303115	11667748.935712816
98626.5846131283	11571865.510582665
100462.04213468132	11480461.871845718
102331.65783302448	11406323.970399527
104236.06739764012	11330806.349992415
106175.9183482999	11253883.333819758
108151.87025522892	11175528.767227199
110164.59496336569	11095716.008817872
112214.77682079801	11014417.921393923
114303.11291144785	10931606.86272966
116430.31329208757	10847254.676172864
118597.10123376705	10761332.681071203
120804.21346773289	10673811.663020568
123052.40043592616	10584661.863931786
125342.42654613995	10493852.971912596
127675.07043192645	10419683.532684823
130051.12521734099	10349895.785770426
132471.39878661174	10278809.277011149
134936.71405883064	10206399.836228067
137447.90926775365	10132642.843431115
140005.8382468096	10057513.220448019
142611.37071941295	9980985.42239744
145265.39259467812	9903033.429003492
147968.80626863963	9823630.735748481
150722.53093107554	9742750.344861154
153527.5028780421	9660364.75613713
156384.67583022476	9576445.957588548
159295.0212572123	9497195.357364248
162259.5287078087	9433046.505586809
165279.2061464897	9367703.832762463
168355.08029612005	9301145.121678429
171488.19698705408	9233347.74165574
174679.62151272455	9164288.640854716
177930.43899185772	9093944.338436961
181241.75473742394	9022290.916581701
184614.69463245454	8949304.012353472
188050.40551285836	8874958.809418378
191550.0555573528	8799230.02960639
195114.83468466165	8722091.924316406
198745.9549580986	8643518.26576145
202444.65099768018	8580325.35341177
206212.18039991445	8520543.405904679
210049.8241653915	8459648.906182237
213958.88713434213	8397621.149458399
217940.6984302958	8334439.045627527
221996.61191199525	8270081.112093565
226128.00663372793	8204525.466465634
230336.2873142131	8137749.819117891
234622.88481422624	8069731.465610728
238989.25662310526	8000447.27897106
243436.8873543108	7929873.701828928
247967.289250216	7857986.73840765
252582.00269627848	7790725.283348726
257282.59674479323	7736255.489848462
262070.66964838552	7680772.004222792
266947.8494034318	7624255.9614887955
271915.7943036019	7566688.145582959
276976.1935036891	7508048.982827618
282130.76759394706	7448318.535275595
287381.2691851069	7387476.4939311305
292729.4835042813	7325502.171844622
298177.22900196735	7262374.497078768
303726.3579703311	7198072.005543976
309378.75717301364	7132572.833700269
315136.34848664823	7065854.711123472
321001.08955431683	7012959.588278649
326974.97445117676	6962588.700958938
333060.03436245886	6911280.402855307
339258.33827409917	6859017.248593552
345571.9936762143	6805781.468138093
352003.1472796675	6751554.960749987
358553.9857459817	6696319.288832406
365226.7364308175	6640055.671661769
372023.6681413066	6582744.979001994
378947.09190746717	6524367.724600057
385999.36176797637	6464904.059560475
393182.87557057705	6404333.765596398
400500.07578736113	6348178.006208518
407953.45034524484	6302593.650603753
415545.53347188793	6256160.9623847315
423278.90655735444	6208864.153937163
431156.19903182285	6160687.14383654
439180.0892596086	6111613.5513803465
447353.3054498463	6061626.691018374
455678.6265841068	6010709.566679502
464158.8833612772	5958844.865992838
472796.9591600391	5906014.954401293
481595.79101923504	5852201.869165716
490558.37063650455	5797387.313257282
499687.7453854889	5741552.649136365
508987.0193519675	5697877.663422378
518459.3543892913	5655974.530470859
528107.971193433	5613291.573085048
537936.1503980698	5569814.27859953
547947.2336900292	5525527.864265708
558144.6249454955	5480417.272225545
568531.7913873753	5434467.164391669
579112.2647641759	5387661.917232322
589889.6425508494	5339985.616459148
600867.5891719692	5291422.051616174
612049.837247669	5241954.710568101
623440.1888627863	5191566.77388595
635042.5168595961	5145273.431521038
646860.7661546321	5107550.904183742
658898.9550799957	5069126.354193984
671161.1767496272	5029986.716790753
683651.6004510238	4990118.684075601
696374.4730628222	4949508.700487837
709334.1204987989	4908142.958195477
722534.9491787221	4866007.392400421
735981.4475265755	4823087.676556309
749678.1874966878	4779369.2174972845
763629.8261282243	4734837.150476218
777841.1071286482	4689476.334110495
792316.8624866261	4643271.345233781
807062.0141149492	4607588.078607261
822081.575524054	4573071.986423796
837380.6535266489	4537913.5438916795
852964.4499741016	4502100.79676162
868838.2635251193	4465621.568313714
885007.4914473438	4428463.455217234
901477.6314524917	4390613.823313359
918254.2835656281	4352059.8033194095
935343.1520292377	4312788.2864531735
952750.0472427299	4272785.919975773
970480.8877380306	4232039.1026515905
988541.7021919573	4190533.9801236866
1006938.6314760271	4152743.5291470056
1025677.9307444209	4121797.5668767267
1044765.9715608053	4090275.694982952
1064209.2440647245	4058167.1956896046
1084014.359178331	4025461.151760955
1104188.0508541602	3992146.4427896617
1124737.1783647507	3958211.741415716
1145668.7286348727	3923645.509475008
1166989.8186171474	3888435.9940762366
1188707.6977119034	3852571.223604782
1210829.7502320393	3816039.0036522495
1233363.4979137746	3778826.912870226
1256316.6024741214	3740922.298746884
1279696.8682159416	3712006.4414237267
1303512.2446815087	3683792.660445447
1327770.829355429	3655053.8162024193
1352480.8704178738	3625780.1371779423
1377650.769549055	3595961.6700057243
1403289.084785873	3565588.276085645
1429404.533431761	3534649.6281364975
1456005.9950206485	3503135.2066846215
1483102.514336103	3471034.2964871586
1510703.3044866556	3438335.982888755
1538817.7500383465	3405029.1481104754
1567455.410205595	3371102.4674696173
1596626.022101425	3340487.521933848
1626339.5040481905	3315272.2993239784
1656605.9589499151	3289587.8171308157
1687435.6777273756	3263425.342353672
1718839.1428171454	3236775.9794692257
1750827.0317357269	3209630.6674069474
1783410.220710006	3181980.17646826
1816599.7883753285	3153815.1051883004
1850407.019542302	3125125.87713937
1884843.4090337954	3095902.7376748044
1919920.6655932867	3066135.7506123087
1955650.715865947	3035814.7948555555
1992045.7084538713	3004929.56095287
2029118.0180466783	2981646.9863117635
2066880.2496290822	2958722.5092017837
2105345.242766708	2935371.4036720465
2144526.0759716653	2911585.7300950764
2184436.0711494284	2887357.4010855574
2225088.7981283693	2862678.17875058
2266498.079273693	2837539.6718886327
2308677.994187172	2811933.3331365148
2351642.884494346	2785850.4560631528
2395407.358720879	2759282.172209292
2439986.29725955	2732219.4480721615
2485394.857429798	2704653.082033956
2531648.478631358	2679998.3927030996
2578762.8875937983	2659561.2063208064
2626754.1037238385	2638743.680422424
2675638.4445520453	2617538.736824847
2725432.531281028	2595939.1656187726
2776153.2944368036	2573937.6227172534
2827817.979625338	2551526.6273586494
2880444.1533962977	2528698.5595630524
2934049.709215787	2505445.657541447
2988652.873550383	2481760.0150566017
3044272.2120643063	2457633.578734856
3100926.6359319235	2433058.145327912
3158635.408267819	2408025.3589236015
3217418.1506763715	2389372.245394402
3277294.849923382	2370832.5846472327
3338285.8647317644	2351947.897658923
3400411.9327037027	2332711.7634324236
3463694.1773717343	2313117.6414748207
3528154.1153808828	2293158.8695735317
3593813.6638046256	2272828.6615310567
3660695.147596906	2252120.1048576017
3728821.30718283	2231026.1584207737
3798215.306190736	2209539.650051491
3868900.7393279755	2187653.2741054
3940901.6404034477	2165359.5889788545
4014242.490499326	2145597.199871206
4088948.226294856	2129101.2806764925
4165044.248545185	2112298.369618681
4242556.430717777	2095182.7535269693
4321511.127789762	2077748.6129074679
4401935.1852088785	2059990.0199645127
4483855.948021181	2041900.936585161
4567301.270168747	2023475.2122861515
4652299.523960189	2004706.5821226903
4738879.609717651	1985588.6645582935
4827070.965603188	1966114.9592949934
4916903.577628021	1946278.8450631802
5008407.989848212	1926073.5773702755
5101615.314749833	1911188.1477459697
5196557.243827657	1896249.667176849
5293266.058360566	1881033.1789424624
5391774.640387494	1865533.509272862
5492116.483887789	1849745.3881133446
5594325.706169377	1833663.4473326076
5698437.0594691355	1817282.2188975026
5804485.942768984	1800596.1330138557
5912508.413831869	1783599.5162326796
6022541.201461928	1766286.589521125
6134621.717992506	1748651.4662975743
6248788.072006888	1730688.150430111
6365079.081295578	1714905.297253383
6483534.286054714	1701633.9430003087
6604193.962330305	1688115.6065863797
6727099.135712336	1674345.6916315644
6852291.595284057	1660319.5162164064
6979813.907830667	1646032.3112901333
7109709.432312423	1631479.219049132
7242022.334607315	1616655.291285226
7376797.60252773	1601555.4877032565
7514081.061116962	1586174.6742073044
7653919.388230155	1570507.6211550538
7796360.130405221	1554549.0015796614
7941451.71902934	1538293.3893785123
8089243.486805938	1526451.5028069587
8239785.684528512	1514449.4882254743
8393129.498166373	1502224.1141104118
8549327.066268368	1489771.2237028515
8708431.497690724	1477086.5828858684
8870496.889654402	1464165.8787449165
9035578.34613892	1451004.7181013657
9203731.99661823	1437598.6260187875
9375015.01514529	1423943.0442814268
9549485.639791967	1410033.3298443556
9727203.192450536	1395864.7532547885
9908228.099003786	1381432.497044022
10092621.909870483	1368864.2868844767
10280447.320933098	1358214.5658425994
10471768.194855202	1347366.6516800195
10666649.582795387	1336316.8559890357
10865157.746525371	1325061.421720055
11067360.180959744	1313596.521904147
11273325.63710487	1301918.2583518457
11483124.14543511	1290022.6603277088
11696827.039703846	1277905.6832002366
11914506.981197748	1265563.2070666463
12136237.983442418	1252991.0353520613
12362095.437367693	1240184.8933826399
12592156.13694151	1227188.0078624678
12826498.3052806	1217742.9858243992
13065201.621247198	1208122.190319076
13308347.24654076	1198322.3501723611
13556017.853293689	1188340.133333016
13808297.652180923	1178172.1457397563
14065272.421052363	1167814.9301672431
14327029.534098294	1157264.9650505825
14593657.991557576	1146518.6632879602
14865248.449978571	1135572.3710209893
15141893.25304352	1124422.3663923533
15423686.462966273	1113064.858280338
15710723.892474487	1101495.9850098107
16003103.137387017	1091510.6045512657
16300923.609797413	1082981.944792245
16604286.571875297	1074294.5652239062
16913295.17029647	1065445.512043591
17228054.471313924	1056431.776477871
17548671.49648152	1047250.2937595311
17875255.259042352	1037897.9420855193
18207916.800994623	1028371.5415554962
18546769.230846975	1018667.8530906347
18891927.762076646	1008783.577332302
19243509.75230332	998715.3535202373
19601634.743191857	988459.7583498623
19966424.501097932	978127.8296301767
20338003.0584698	970570.3460985572
20716496.75602067	962872.2165124635
21102034.285685964	955030.823424889
21494746.734379806	947043.5006776956
21894767.628566206	938907.532495086
22302232.979659364	930620.1525602142
22717281.330269028	922178.5430746081
23140053.80130654	913579.833800083
23570694.139967278	904821.1010828384
24009348.76860652	895899.3668593749
24456166.83452444	886811.5976439271
24911300.26067791	877554.70349704
25374903.797335718	869635.8311904841
25847135.07469564	862816.7259046526
26328154.656480197	855870.7159091407
26818126.094530128	848795.4394857065
27317215.98441379	841588.4909641317
27825594.022071257	834247.4199042659
28343433.061513092	826769.7302628477
28870909.173592344	819152.8795448298
29408201.705870606	811394.2779388971
29955493.34359816	803491.2874369045
30512970.171828706	795441.2209369297
31080821.738690637	787241.3413296241
31659241.119835205	779041.6900358716
32248424.98408439	773003.1454628609
32848573.66030047	766852.2225478513
33459891.20549975	760586.8299107779
34082585.47423452	754204.8372506346
34716868.189265594	747704.0746211514
35362955.013550386	741082.3316929903
36021065.62357073	734337.357002206
36691423.78402494	727466.8571847291
37374257.42391064	720468.4961965928
38069798.71402284	713339.8945196542
38778284.14589453	706078.6283525336
39499954.61220647	698682.2287864941
40235055.48869293	692411.3355944336
40983836.717572615	686966.021790159
41746552.89253134	681419.3697694349
42523463.34528677	675769.493610809
43314832.23376403	670014.4722955102
44120928.631911896	664152.3490542831
44942026.62119142	658181.1307020611
45778405.38376616	652098.7869602666
46630349.29742726	645903.2497664893
47498148.03228505	639592.4125713279
48382096.649259575	633164.1296221386
49282495.700405136	626616.2152334539
50199651.33110079	620117.4820437907
51133875.38414321	615298.0416012838
52085485.50577665	610388.9105520848
53054805.25369574	605388.4197387423
54042164.20705915	600294.8689405004
55047898.078549676	595106.5262952051
56072348.82852027	589821.6277104534
57115864.78126434	584438.3762637819
58178800.74344935	578954.9415916958
59261518.124755524	573369.4592673231
60364385.060758635	567680.0301664904
61487776.53810017	561884.7198220013
62632074.521986924	555981.5577658934
63797668.08606282	551021.4859748936
64984953.54469889	546677.572095536
66194334.587743886	542252.8172397404
67426222.41778335	537745.7169431801
68681035.88995308	533154.7387431902
69959201.65435374	528478.3216577171
71261154.30111745	523714.8756545625
72587336.50817245	518862.78111076035
73938199.19175874	513920.388261885
75314201.65974376	508886.0166411148
76715811.76779301	503757.95450785337
78143506.07844542	498534.45826572174
79597770.02314977	493389.3202235776
81079098.06731695	489546.3136320313
82587993.87844272	485631.78803390625
84124970.49736118	481644.41244832036
85690550.51268347	477582.83112461085
87285266.2384837	473445.66308136453
88909659.89529167	469231.50163686933
90564283.79445294	464938.9139308277
92249700.52592173	460566.4404371672
93966483.1495469	456112.5944677872
95715215.38991857	451575.8616670685
97496491.83484097	446954.6994969756
99310918.137498	442247.5367125798
101159111.22238298	438327.9792499237
103041699.49505854	434865.4639295985
104959323.05582266	431338.51060999325
106912633.91734771	427745.92008897854
108902296.22637327	424086.47084706667
110928986.48952228	420358.9186320866
112993393.80332193	416561.9960361202
115096220.0885031	412694.412064573
117238180.32865997	408754.851697223
119420002.8133535	404741.97544109693
121642429.3857368	400654.4188750302
123906215.6947913	396490.7921857467
126212131.45225461	392420.82468226476
128560960.69432965	389358.61402703443
130953502.04826704	386239.4151104568
133390569.00390588	383062.16737129196
135872990.19027063	379825.7905110737
138401609.65731302	376529.1841267971
140977287.16289675	373171.2273367721
143600898.46512634	369750.7783995079
146273335.620113	366266.67432551255
148995507.28528506	362717.7304818588
151768339.02834037	359102.7401894
154592773.64194784	355420.47431248607
157469771.46430898	351669.6808410434
160400310.70568198	348574.7345287622
163385387.78098568	345816.5426257366
166426017.64859018	343007.02030207263
169523234.15541214	340145.2122899082
172678090.38843593	337230.1455436834
175891659.03277326	334260.8289092962
179165032.73638958	331236.25278709613
182499324.48161504	328155.3887886114
185895667.9635688	325017.1893868874
189355217.9756299	321820.58756031416
192879150.80207777	318564.49642982805
196468664.61804405	315247.8088893602
200124979.8969035	312030.5855880519
203849339.82524642	309591.9308739908
207643010.7255779	307107.8923807492
211507282.48687947	304577.62550847506
215443469.00318778	302000.269939168
219452908.62033114	299374.94934416283
223536964.59097964	296700.7710861708
227697025.53816846	293976.82591576996
231934505.92744273	291202.1876622533
236250846.547794	288375.9129187172
240647515.00154215	285497.04072129587
245126006.20333397	282564.592222423
249687842.8884332	279577.5703580126
254334576.13046482	277135.2889887914
259067785.8688001	274939.2795988895
263889081.44575077	272702.40210057684
268800102.15376073	270423.89593140257
273802517.7927863	268102.98637471837
278898029.23804396	265738.8842962682
284088369.0183295	263330.7858758721
289375301.9050947	260877.87233411951
294760625.51248586	258379.30965397696
300246170.90855557	255834.24829721168
305833803.23784316	253241.82291554002
311525422.35554785	250601.15205639898
317322963.4734973	248059.46070266925
323228397.81813806	246118.28448357907
329243733.30077755	244140.98264474896
335371015.2002929	242126.882882249
341612326.8585518	240075.3003804577
347969790.3887688	237985.53757921868
354445567.3970435	235856.883936663
361041859.71733445	233688.61568761608
367760910.160103	231479.9955975111
374605003.2748981	229230.27271171942
381576466.1271245	226938.6821002188
388677669.0892668	224604.44459751045
395911026.6468467	222226.766537692
403278998.21937054	220300.52643144253
410784088.99656343	218552.84241362812
418428850.79015756	216772.6336988629
426215882.9015325	214959.29499700267
434147833.0055101	213112.20975335044
442227398.0505897	211230.7499390218
450457325.17594445	209314.27583740666
458840412.64547515	207362.13582666067
467379510.7992463	205373.66615814646
476077523.0226378	203348.19073075106
484937406.7335233	201285.0208610055
493962174.38783056	199183.45504892332
503154894.5038046	197176.40684113998
512518692.70533323	195631.80807004476
522056752.7846986	194058.46405299674
531772317.7850967	192455.83983607794
541668691.1033136	190823.39050978623
551749237.6129117	189160.56102376085
562017384.8083187	187466.7859980602
572476623.970219	185741.48953092532
583130511.3526218	183984.08500296794
593982669.3920338	182193.97487771226
605036787.9391212	180370.55049842736
616296625.5132942	178513.19188117742
627766010.5806513	176621.2675040197
639448842.8556936	175102.70870089356
651349094.6272782	173712.30022886745
663470812.1092337	172296.01601859025
675818116.816111	170853.37451817072
688395206.964551	169383.88521395417
701206358.9007177	167887.0484637442
714255928.5543104	166362.35532691708
727548352.9196217	164809.2873913775
741088151.5641569	163227.31659729383
754879928.1653446	161615.9050575505
768928372.0758306	159974.50487486157
783238259.9179205	158302.5579554784
797814457.2076613	156718.3299077891
812661920.0091946	155489.6756891291
827785696.619849	154238.15600639698
843190929.286625	152963.34532941596
858882855.9546258	151664.8102088194
874866812.0479896	150342.10912867534
891148232.2840202	148994.79235636388
907732652.5210242	147622.4017896658
924625711.6405733	146224.47080100133
941833153.4647961	144800.52407877115
959360828.7093127	143350.07746574754
977214696.9725724	141872.6377944531
995400828.7621539	140367.70271948064
1013925407.5588143	139171.0058778916
1032794731.9189526	138065.15740308352
1052015217.6161569	136938.72889999268
1071593399.8226712	135791.33737079054
1091535935.3313932	134622.59268999452
1111849604.81927	133432.09747182013
1132541315.1528125	132219.44693506547
1153618101.736476	130984.2287654823
1175087130.9048076	129726.02297558315
1196955702.3590453	128444.40176184269
1219231251.6491096	127138.92935923942
1241921352.7017846	125809.1618930894
1265033720.3959012	124559.11888289063
1288576213.185518	123582.04843375745
1312556835.7718453	122586.7945373116
1336983741.8249452	121573.01879650468
1361865236.7560828	120540.37651666108
1387209780.541618	119488.51658827966
1413025990.5995336	118417.08136765049
1439322644.7194095	117325.70655525434
1466108684.0469828	116214.02107189581
1493393216.1242533	115081.64693253176
1521185517.9861019	113928.1991177542
1549495039.3146317	112753.2854428773
1578331405.6521199	111556.50642459243
1607704421.673822	110613.78288038298
1637624074.521689	109734.48165352209
1668100537.2000556	108838.81648121108
1699144172.0346258	107926.48282764046
1730765534.1957276	106997.17048953782
1762975375.2872038	106050.5634906952
1795784647.0020967	105086.33997453313
1829204504.8462899	104104.17209466708
1863246311.9315598	103103.72590343484
1897921642.8391032	102084.66123835176
1933242287.5550432	101046.63160645183
1969220255.4791734	99989.284066475
2005867779.5082297	99003.24536469592
2043197320.1952705	98226.43372248064
2081221569.9863415	97435.16548342467
2119953457.536069	96629.17160780098
2159406152.1035676	95808.17804900707
2199593068.0300703	94971.90566038725
2240527869.3000183	94120.07010031828
2282224474.1869006	93252.38173553151
2324697059.9856453	92368.5455426339
2367960067.833079	91468.26100779627
2412028207.618002	90551.22202457671
2456916462.98279	89617.11678983954
2502640096.4179215	88665.62769774036
2549214654.4514203	87923.22278324429
2596655972.934872	87224.22412345692
2644980182.4277143	86512.21697967229
2694203713.6818824	85786.95926178935
2744343303.2283683	85048.20437436973
2795415999.067865	84295.70113279164
2847439166.4672475	83529.19367784508
2900430493.8639855	82748.42138873608
2954407998.8803797	81953.11879447356
3009390034.449724	81143.01548360629
3065395295.056536	80317.83601227988
3122442823.0928583	79477.299810583
3180552015.3329134	78699.74420775406
3239742629.5281954	78082.292042445
3300034791.1252885	77453.34898727633
3361449000.108775	76812.7011948326
3424006137.9714255	76160.13083796158
3487727474.8141704	75495.41603571041
3552634676.5781393	74818.33077788402
3618749812.411284	74128.6448481994
3686095362.1721687	73426.1237460092
3754694224.0733366	72710.52860656918
3824569722.4669914	71981.61611982138
3895745615.775501	71239.13844766625
3968246104.5694857	70482.8431396953
4042095839.796318	69898.3837972152
4117319931.1616793	69342.84809098356
4193943955.6671777	68776.97377073125
4271993966.306777	68200.568433092
4351496500.925055	67613.43609404049
4432478591.24041	67015.37712225511
4514967772.036101	66406.18817124168
4598992090.5224285	65785.66211019274
4684580115.873045	65153.58795356133
4771760948.938751	64509.75078932378
4860564232.142149	63853.93170590706
4951020159.556351	63185.9077177566
5043159487.171348	62572.94179695511
5137013543.351338	62082.27675751164
5232614239.486667	61582.480358194516
5329994080.844104	61073.382662842756
5429186177.618942	60554.81057275464
5530224256.192888	60026.587767831814
5633142670.601352	59488.534646628985
5737976414.21414	58940.46826528762
5844761131.633649	58382.20227533276
5953533130.81437	57813.54686031261
6064329395.408049	57234.30867125887
6177187597.338489	56644.290760945834
6292146109.610351	56043.292516926806
6409244019.35647	55583.33573902789
6528521141.127848	55141.93106135493
6650018030.431105	54692.311767522864
6773775997.517745	54234.32498212707
6899837121.430025	53767.81498472587
7028244264.308367	53292.62315689353
7159041085.964888	52808.58792828865
7292272058.728297	52315.544721717946
7427982482.56491	51813.3258971786
7566218500.481063	51301.76069485903
7707027114.212319	50780.675177078396
7850456200.204509	50249.89216914622
7996554525.892329	49766.83448005996
8145371766.280737	49377.02801492966
8296958520.834915	48979.96718515543
8451366330.684739	48575.516985776805
8608647696.149244	48163.53989936821
8768856094.587408	47743.895849281216
8932045998.58096	47316.44215201705
9098272894.455566	46881.033468713
9267593301.146902	46437.521755725276
9440064789.417603	45985.75621429278
9615746001.432076	45525.583239263586
9794696670.695385	45056.84636686785
9976977642.36321	44579.386221518456
10162650893.929972	44217.55027444338
10351779556.301762	43866.932171871
10544427935.261662	43509.78900674998
10740661533.334322	43145.999346555946
10940547072.057436	42775.43949888473
11144152514.667904	42397.98346939534
11351547089.20999	42013.50291897086
11562801312.07373	41621.867120081326
11777987011.97118	41222.94291233518
11997177354.358854	40816.594657203554
12220446866.314913	40402.684191901346
12447871461.879063	39981.0707824106
12679528467.864315	39600.53106599579
12915496650.148827	39290.95101038524
13155856240.457052	38975.60961726286
13400688963.639534	38654.39966715724
13650078065.460136	38327.21194522444
13904108340.900667	37993.935204113535
14162866162.991974	37654.45612614145
14426439512.181587	37308.65928476389
14694918006.248201	36956.427105328905
14968392930.772554	36597.63982510033
15246957270.1757	36232.175452536874
15530705739.334583	35859.90972581398
15819734815.786015	35480.71607057355
16114142772.530231	35196.19831568324
16414029711.444664	34917.793833330725
16719497597.31985	34634.20819618943
17030650292.528427	34345.34498208712
17347593592.339325	34051.10597441854
17670435260.889503	33751.39112875072
17999285067.824764	33446.09853880684
18334254825.62285	33135.12440181671
18675458427.61074	32818.36298322304
19023011886.689457	32495.70658073049
19377033374.77993	32167.04548768564
19737643263.002552	31832.267955775642
20104964162.604927	31532.62242331853
20479120966.650833	31286.85607988239
20860240892.485046	31036.515982976263
21248453524.988873	30781.517014269863
21643890860.6402	30521.772471366305
22046687352.394028	30257.194038322225
22456979955.397717	29987.691755619515
22874908173.55704	29713.1739895783
23300614106.96929	29433.54740120022
23734242500.23866	29148.71691443234
24175940791.69123	28858.585683840116
24625859163.505444	28563.055061678926
25084150592.775414	28262.02456435304
25550970903.525124	28038.4272746657
26026478819.690044	27817.46367796347
26510836019.085308	27592.38791112834
27004207188.377697	27363.123445974357
27506760079.080673	27129.592330113162
28018665564.59201	26891.715160449057
28540097698.292374	26649.411056181354
29071233772.725693	26402.59763130372
29612254379.880314	26151.19096659228
30163343472.591972	25895.10558107223
30724688427.090096	25634.25440295317
31296480106.707504	25368.54874002399
31878912926.77636	25132.731375750496
32472184920.731255	24937.72574912842
33076497807.442425	24739.09103461352
33692057059.802742	24536.759694262637
34319071974.590427	24330.662933239964
34957755743.632645	24120.73067642607
35608325526.29274	23906.891544591595
36271002523.30648	23689.07283012767
36946012051.993095	23467.200472324395
37633583622.865326	23241.19903218957
38333951017.6659	23010.99166679834
39047352368.85556	22776.500103165956
39774030240.58036	22537.64461163425
40514231711.14655	22362.04609815091
41268208457.02952	22186.775898329015
42036216838.44701	22008.243890265174
42818517986.52406	21826.389371152913
43615377892.080055	21641.150508496365
44427067496.06892	21452.46431908627
45253862781.70167	21260.266647585206
46096044868.284195	21064.49214471394
46953900106.80053	20865.07424503198
47827720177.27485	20661.945144304795
48717802187.94641	20455.035776449444
49624448776.28914	20244.275790051495
50547968211.912254	20058.82130780072
51488674501.37487	19904.19756473367
52446887494.95119	19746.69624749798
53422932995.38363	19586.26380394875
54417142868.658875	19422.845685326563
55429855156.84652	19256.38632771024
56461414193.036606	19086.829133124596
57512170718.41614	18914.116450296533
58582482001.525475	18738.189555052948
59672711959.7331	18558.988630353924
60783231282.972115	18376.452745954124
61914417559.77835	18190.519837686035
63066655405.67406	18001.126686357486
64240336593.94204	17863.34740031435
65435860188.83229	17724.43089944846
66653632681.24893	17582.92913886398
67894068126.96099	17438.794006437627
69157588287.38525	17291.976494671366
70444622772.99051	17142.426684029255
71755609189.36922	16990.09372596433
73090993286.02888	16834.925825629456
74451229107.95128	16676.870224266575
75836779149.97191	16515.87318126821
77248114514.03416	16351.879955905048
78685715069.36842	16184.834788713491
80150069615.6538	16039.121922224402
81641676049.21454	15916.629738656668
83161041532.30962	15791.857954709954
84708682665.57419	15664.76414663334
86285125663.66887	15535.305101162665
87890906534.19963	15403.436800827527
89526571259.96382	15269.114408985006
91192675984.59299	15132.292254574508
92889787201.64516	14992.92381658932
94618481947.21991	14850.961708258888
96379347996.15794	14706.3576609367
98172984061.88821	14559.062507688626
100000000000.0	14409.026166575419
