#Parameters = {Conductivity_W=18000000; C_1=22; C_2=88.237180537789; Conductivity=10000; Conductivity_Mo=17900000; Conductivity_MoGr=1000000; Ip=90.938440877652; Pipe_lenght=40; Pipe_r=30; beta=1; cells_wave=20; conductivity_copper=59500000; d=-188.23718053779; half_gap_x=30; half_gap_y=8; half_gap_z=50; mu_copper=0.999994; offset_x=5; offset_y=1; sigma_z=5; teta=14; thcoll=22; translate_z=-138.23718053779; wakelength=20000}
#"Frequency / GHz"	"Z [Re / Ohm]"	"Z [Im / Ohm]"
#-----------------------------------------------
0.0000000000000	-0.071905173871975	-2.0044288206315e-12
0.020478289222872	-0.011263642686015	0.18138378875880
0.040956578445743	0.0026119357598141	0.33909306623123
0.061434867668615	0.0018745117493348	0.49872343332923
0.081913156891487	0.0062769249869359	0.66391459778951
0.10239144611436	0.010428026953332	0.82250021982327
0.12286973533723	0.0097621478605985	0.98399121476953
0.14334802456010	0.012765727747979	1.1466589065148
0.16382631378297	0.013915356980759	1.3062354123897
0.18430460300585	0.013728399771375	1.4688224219801
0.20478289222872	0.016064643156260	1.6305758847223
0.22526118145159	0.016150546327738	1.7911851744795
0.24573947067446	0.016683841372620	1.9540685898662
0.26621775989733	0.018402193248299	2.1153136742459
0.28669604912020	0.018187133141677	2.2767957422126
0.30717433834308	0.019267821863619	2.4395176258347
0.32765262756595	0.020353150799585	2.6006102102157
0.34813091678882	0.020244998102044	2.7627580531066
0.36860920601169	0.021575705470959	2.9251259441787
0.38908749523456	0.022106373555120	3.0863877865020
0.40956578445743	0.022309264456260	3.2489622991897
0.43004407368031	0.023596762783844	3.4109911317416
0.45052236290318	0.023752749590613	3.5726532499280
0.47100065212605	0.024308322178139	3.7354168719953
0.49147894134892	0.025333274872333	3.8972628374254
0.51195723057179	0.025339250673941	4.0594344530018
0.53243551979466	0.026163837538800	4.2222075794899
0.55291380901754	0.026825202712882	4.3840945979250
0.57339209824041	0.026881977168956	4.5467609925809
0.59387038746328	0.027812190730224	4.7094607963097
0.61434867668615	0.028125422239771	4.8716164440112
0.63482696590902	0.028361952164940	5.0346806769803
0.65530525513189	0.029218635009440	5.1973349170277
0.67578354435477	0.029291963271926	5.3599344602613
0.69626183357764	0.029743849179584	5.5232706928864
0.71674012280051	0.030393422270284	5.6859977335497
0.73721841202338	0.030381691619313	5.8491240366109
0.75769670124625	0.030993006302829	6.0126239460269
0.77817499046912	0.031372840264858	6.1755894172725
0.79865327969200	0.031413572464154	6.3392372256972
0.81913156891487	0.032066875129409	6.5028627859082
0.83960985813774	0.032200422121092	6.6662390122967
0.86008814736061	0.032383327470809	6.8303433866831
0.88056643658348	0.032953756540342	6.9941322308220
0.90104472580636	0.032929176816388	7.1580460588445
0.92152301502923	0.033268562735784	7.3225203511265
0.94200130425210	0.033661778078039	7.4865790583525
0.96247959347497	0.033596911094845	7.6510916151789
0.98295788269784	0.034039559353005	7.8158710185151
1.0034361719207	0.034220413349307	7.9803421017408
1.0239144611436	0.034220274066693	8.1454491410267
1.0443927503665	0.034673747918697	8.3105224478923
1.0648710395893	0.034673548003946	8.4755426457399
1.0853493288122	0.034796156511519	8.6411930161742
1.1058276180351	0.035161377262629	8.8066115116739
1.1263059072579	0.035056847117992	8.9722818897878
1.1467841964808	0.035299478475030	9.1384160612434
1.1672624857037	0.035506146024979	9.3042855079502
1.1877407749266	0.035391873221800	9.4706562463982
1.2082190641494	0.035702124761486	9.6372426638780
1.2286973533723	0.035736279371705	9.8036934683023
1.2491756425952	0.035693536230123	9.9707598380546
1.2696539318180	0.035990734617001	10.137810422976
1.2901322210409	0.035887613526510	10.304961832653
1.3106105102638	0.035952373130230	10.472688767288
1.3310887994867	0.036156652979181	10.640270853071
1.3515670887095	0.035986857803371	10.808210760048
1.3720453779324	0.036145947227749	10.976563946862
1.3925236671553	0.036209356992124	11.144786819115
1.4130019563781	0.036053502671453	11.313557235620
1.4334802456010	0.036254007638374	11.482529197932
1.4539585348239	0.036174125493860	11.651516410795
1.4744368240468	0.036091893160448	11.821118962738
1.4949151132696	0.036261783944162	11.990747445128
1.5153934024925	0.036079268009888	12.160612263260
1.5358716917154	0.036092903941549	12.331029327875
1.5563499809382	0.036169834703297	12.501397374644
1.5768282701611	0.035951142600735	12.672220362454
1.5973065593840	0.036039822383977	12.843441063332
1.6177848486069	0.035992327308425	13.014663997372
1.6382631378297	0.035805342859051	13.186487226429
1.6587414270526	0.035916815766493	13.358530152629
1.6792197162755	0.035753358011216	13.530732681182
1.6996980054984	0.035644021550373	13.703568147151
1.7201762947212	0.035715584636690	13.876494039985
1.7406545839441	0.035479843437240	14.049786758420
1.7611328731670	0.035457263373438	14.223636202980
1.7816111623898	0.035439194481729	14.397546309445
1.8020894516127	0.035192451386703	14.572011311254
1.8225677408356	0.035229908138955	14.746890191837
1.8430460300585	0.035103464289621	14.921911193667
1.8635243192813	0.034902300254068	15.097597977647
1.8840026085042	0.034947770575805	15.273553594447
1.9044808977271	0.034728748946407	15.449817601427
1.9249591869499	0.034605227713636	15.626755638165
1.9454374761728	0.034602198903767	15.803876328975
1.9659157653957	0.034333780802075	15.981501638608
1.9863940546186	0.034284982617015	16.159719746762
2.0068723438414	0.034192610429902	16.338131262213
2.0273506330643	0.033927643672092	16.517211750680
2.0478289222872	0.033917933116862	16.696760336663
2.0683072115100	0.033723954034032	16.876612486225
2.0887855007329	0.033505632986872	17.057220646076
2.1092637899558	0.033482128532179	17.238187461390
2.1297420791787	0.033205257165967	17.419633966428
2.1502203684015	0.033050186944548	17.601832136219
2.1706986576244	0.032958592145838	17.784347128185
2.1911769468473	0.032636284261056	17.967532485359
2.2116552360701	0.032526837691673	18.151395593939
2.2321335252930	0.032329638725049	18.335628760839
2.2526118145159	0.032002684869796	18.520683293843
2.2730901037388	0.031892544657695	18.706318866379
2.2935683929616	0.031577090453500	18.892467271600
2.3140466821845	0.031269232191008	19.079516006764
2.3345249714074	0.031098017409045	19.267083383838
2.3550032606302	0.030678359636241	19.455360355648
2.3754815498531	0.030388085811978	19.644541048395
2.3959598390760	0.030101485296065	19.834255695675
2.4164381282989	0.029608677226358	20.024882477084
2.4369164175217	0.029307835376158	20.216369463979
2.4573947067446	0.028876333929215	20.408502432238
2.4778729959675	0.028348331224669	20.601710400795
2.4983512851903	0.027997150268726	20.795735577764
2.5188295744132	0.027429654688987	20.990600950994
2.5393078636361	0.026901657466839	21.186639728543
2.5597861528590	0.026468664002357	21.383502348467
2.5802644420818	0.025813400669063	21.581442553084
2.6007427313047	0.025311137549495	21.780593644737
2.6212210205276	0.024789130137065	21.980659947188
2.6416993097505	0.024119888555244	22.182038800337
2.6621775989733	0.023658015092842	22.384638334644
2.6826558881962	0.023075588948078	22.588337981055
2.7031341774191	0.022474185061171	22.793545408153
2.7236124666419	0.022060286091248	23.000005057980
2.7440907558648	0.021477795863638	23.207828276051
2.7645690450877	0.021012742316751	23.417305353265
2.7850473343106	0.020655224441721	23.628138998367
2.8055256235334	0.020153322982380	23.840647573344
2.8260039127563	0.019867423051228	24.054928724454
2.8464822019792	0.019584683304999	24.270782455206
2.8669604912020	0.019247254678747	24.488641075974
2.8874387804249	0.019157876301923	24.708414944314
2.9079170696478	0.018988174024349	24.930106824284
2.9283953588707	0.018890533340980	25.154141045557
2.9488736480935	0.019003908394571	25.380323698007
2.9693519373164	0.019010692681146	25.608900779293
2.9898302265393	0.019213433699674	25.840187499122
3.0103085157621	0.019545173688810	26.074019673494
3.0307868049850	0.019817792835807	26.310854927896
3.0512650942079	0.020371937899377	26.550863221441
3.0717433834308	0.020970636398035	26.794054156447
3.0922216726536	0.021624938196246	27.041018639035
3.1126999618765	0.022592963345806	27.291834429338
3.1331782510994	0.023566735791548	27.546803425484
3.1536565403222	0.024754587216759	27.806578410066
3.1741348295451	0.026252157052212	28.071293768563
3.1946131187680	0.027810748568145	28.341630211899
3.2150914079909	0.029774219584590	28.618308288649
3.2355696972137	0.032075376913967	28.901767002056
3.2560479864366	0.034656948855955	29.193170424505
3.2765262756595	0.037932150036837	29.493494187624
3.2970045648823	0.041797855723314	29.803880889822
3.3174828541052	0.046554620709303	30.126261289317
3.3379611433281	0.052770499018776	30.462436273464
3.3584394325510	0.060730948029149	30.815038384683
3.3789177217738	0.071609925969260	31.187663284985
3.3993960109967	0.086988866438258	31.584439658625
3.4198743002196	0.10926604935218	32.011436691092
3.4403525894424	0.14325934521972	32.476529890852
3.4608308786653	0.19672070398575	32.989833538297
3.4813091678882	0.28368791429828	33.564940474569
3.5017874571111	0.42985887290912	34.217236688885
3.5222657463339	0.68039960073680	34.959694426220
3.5427440355568	1.1125211261400	35.787360077460
3.5632223247797	1.8376276365127	36.635859280184
3.5837006140025	2.9483422973271	37.316309847225
3.6041789032254	4.3530018320045	37.519335899319
3.6246571924483	5.6533347443816	37.078451087205
3.6451354816712	6.4525719013857	36.251625510686
3.6656137708940	6.7416076978674	35.454817336089
3.6860920601169	6.7506024127326	34.883154761914
3.7065703493398	6.6722652367832	34.526085591810
3.7270486385627	6.5973337756230	34.309766390153
3.7475269277855	6.5502625321398	34.168330583006
3.7680052170084	6.5260514866386	34.058993311359
3.7884835062313	6.5091914226376	33.958717181192
3.8089617954541	6.4827896179731	33.859857005544
3.8294400846770	6.4341107230080	33.764870649420
3.8499183738999	6.3558998663457	33.681547932943
3.8703966631228	6.2470381333154	33.620046625645
3.8908749523456	6.1119860500297	33.589123580325
3.9113532415685	5.9580516130242	33.594533464824
3.9318315307914	5.7941433981011	33.638983965198
3.9523098200142	5.6290621470399	33.721549849166
3.9727881092371	5.4698570617076	33.839150176776
3.9932663984600	5.3222823073557	33.987479732062
4.0137446876829	5.1901743984409	34.161118500435
4.0342229769057	5.0755463871744	34.354997715723
4.0547012661286	4.9796240748762	34.564246912517
4.0751795553515	4.9022761239499	34.784172027878
4.0956578445743	4.8426909841112	35.011113068833
4.1161361337972	4.7998750896444	35.241617363819
4.1366144230201	4.7719755120659	35.472750149908
4.1570927122430	4.7571726822379	35.702454697450
4.1775710014658	4.7535153027825	35.928683279294
4.1980492906887	4.7585071418906	36.150124018946
4.2185275799116	4.7700218838569	36.366057988434
4.2390058691344	4.7856838350834	36.575819500132
4.2594841583573	4.8029826858984	36.779667643699
4.2799624475802	4.8199667908752	36.978173294952
4.3004407368031	4.8344723951650	37.172151836188
4.3209190260259	4.8447534927011	37.363294464572
4.3413973152488	4.8497139192393	37.553257166820
4.3618756044717	4.8482589142819	37.744025146548
4.3823538936945	4.8401654652385	37.938035218128
4.4028321829174	4.8257308290606	38.137287971752
4.4233104721403	4.8054384313161	38.344008250295
4.4437887613632	4.7807093418699	38.560247390637
4.4642670505860	4.7530916380205	38.787384755441
4.4847453398089	4.7243646377008	39.026875055737
4.5052236290318	4.6969217313711	39.279518108537
4.5257019182546	4.6728457147371	39.545542272564
4.5461802074775	4.6544470412834	39.825156031871
4.5666584967004	4.6441771010521	40.117735958295
4.5871367859233	4.6439511930381	40.422413937948
4.6076150751461	4.6559154121023	40.738192755094
4.6280933643690	4.6819134780980	41.063316603251
4.6485716535919	4.7232743360186	41.396112635393
4.6690499428147	4.7814849691522	41.734622884865
4.6895282320376	4.8573777622201	42.076392045870
4.7100065212605	4.9514242084919	42.419267486269
4.7304848104834	5.0640478736476	42.760718948043
4.7509630997062	5.1948319763975	43.098148221779
4.7714413889291	5.3432128271424	43.429382426827
4.7919196781520	5.5083444633540	43.751959396844
4.8123979673749	5.6886484727379	44.063845186939
4.8328762565977	5.8826751230001	44.363434582598
4.8533545458206	6.0885972022504	44.649043274910
4.8738328350435	6.3042713999906	44.919730057014
4.8943111242663	6.5279347144741	45.174774897821
4.9147894134892	6.7574890415537	45.413536253832
4.9352677027121	6.9910006387084	45.636061354959
4.9557459919350	7.2269286609941	45.842254257746
4.9762242811578	7.4634278120880	46.032179602658
4.9967025703807	7.6990721809732	46.206287552389
5.0171808596036	7.9325346157246	46.364639707241
5.0376591488264	8.1621852910094	46.507595883619
5.0581374380493	8.3868076701245	46.635618398372
5.0786157272722	8.6049050385999	46.748868250993
5.0990940164951	8.8147958404003	46.848024405458
5.1195723057179	9.0151117196912	46.933733132716
5.1400505949408	9.2040375350424	47.006692801686
5.1605288841637	9.3798973808439	47.068261678970
5.1810071733865	9.5412712853829	47.119714004097
5.2014854626094	9.6864548607024	47.162728722408
5.2219637518323	9.8143020098208	47.199518193462
5.2424420410552	9.9238961964857	47.232130533237
5.2629203302780	10.014391770838	47.263133029184
5.2833986195009	10.085759738095	47.295208315529
5.3038769087238	10.138100497062	47.330767469768
5.3243551979466	10.171892301924	47.372591652442
5.3448334871695	10.188344573406	47.423078872468
5.3653117763924	10.188605623028	47.484340074773
5.3857900656153	10.174330907653	47.558591466296
5.4062683548381	10.147537167235	47.647355766999
5.4267466440610	10.110026812773	47.752012011052
5.4472249332839	10.064091106429	47.873792246079
5.4677032225067	10.011946986189	48.013220388679
5.4881815117296	9.9556065103676	48.170886684399
5.5086598009525	9.8974601402678	48.347027773916
5.5291380901754	9.8395062596659	48.541384020470
5.5496163793982	9.7837008988135	48.753887193579
5.5700946686211	9.7321894933926	48.983965339130
5.5905729578440	9.6865977877869	49.230857486899
5.6110512470668	9.6487081998995	49.493954869451
5.6315295362897	9.6202380219706	49.772091246050
5.6520078255126	9.6024376233931	50.064199824656
5.6724861147355	9.5968275827046	50.369191015650
5.6929644039583	9.6045976084628	50.685500448839
5.7134426931812	9.6266522952901	51.011851662332
5.7339209824041	9.6641294537778	51.346727447593
5.7543992716269	9.7176416653130	51.688350653146
5.7748775608498	9.7877477893607	52.035276726883
5.7953558500727	9.8750596000459	52.385664174054
5.8158341392956	9.9796070823952	52.737699910362
5.8363124285184	10.101557405668	53.089808828910
5.8567907177413	10.240871148272	53.440002548266
5.8772690069642	10.397026745830	53.786596656393
5.8977472961871	10.569719685054	54.127968858136
5.9182255854099	10.758200203559	54.462235238453
5.9387038746328	10.961461602279	54.787999655331
5.9591821638557	11.178665867506	55.103758289935
5.9796604530785	11.408416606667	55.408027959420
6.0001387423014	11.649348412837	55.699851792764
6.0206170315243	11.900128768148	55.978072920129
6.0410953207472	12.158944747667	56.241864296985
6.0615736099700	12.424278709558	56.490798084781
6.0820518991929	12.694489101118	56.724253361312
6.1025301884158	12.967701267598	56.942142932139
6.1230084776386	13.242475281263	57.144516336317
6.1434867668615	13.517115432729	57.331319413400
6.1639650560844	13.789994249731	57.503049695068
6.1844433453073	14.059855204437	57.660049811583
6.2049216345301	14.325101036444	57.802722250397
6.2253999237530	14.584429898429	57.931886946670
6.2458782129759	14.836665140370	58.048048643042
6.2663565021987	15.080302415962	58.152006576027
6.2868347914216	15.314242858808	58.244796709318
6.3073130806445	15.537243253308	58.327214144389
6.3277913698674	15.747923009686	58.400587887318
6.3482696590902	15.945353310321	58.466315641765
6.3687479483131	16.128359624719	58.525794782912
6.3892262375360	16.296004959392	58.581039782742
6.4097045267588	16.447821298804	58.633943120884
6.4301828159817	16.583216151973	58.686601414381
6.4506611052046	16.702231101815	58.741510778729
6.4711393944275	16.805296426199	58.800804971680
6.4916176836503	16.892925806994	58.866845725100
6.5120959728732	16.966430540697	58.941926136761
6.5325742620961	17.027256382591	59.027787668708
6.5530525513189	17.077059879763	59.126281018756
6.5735308405418	17.118103026717	59.238718328325
6.5940091297647	17.152423322856	59.365879250222
6.6144874189876	17.182279987309	59.508519909073
6.6349657082104	17.210102933710	59.666627268106
6.6554439974333	17.237829053605	59.839917303819
6.6759222866562	17.267575102302	60.027993876810
6.6964005758790	17.301173247389	60.229768822327
6.7168788651019	17.339929666018	60.444250402296
6.7373571543248	17.385273423515	60.670273125670
6.7578354435477	17.438043442219	60.906286801307
6.7783137327705	17.498752736723	61.151131802858
6.7987920219934	17.567958379298	61.403432067521
6.8192703112163	17.645553717185	61.661833971666
6.8397486004392	17.731433412240	61.925480291595
6.8602268896620	17.825437711995	62.193296739381
6.8807051788849	17.926912383546	62.464598932525
6.9011834681078	18.035527610672	62.739089641779
6.9216617573306	18.150815888215	63.016307339570
6.9421400465535	18.272168115370	63.296376394472
6.9626183357764	18.399502266232	63.579522291780
6.9830966249993	18.532563243002	63.865885219875
7.0035749142221	18.671357107876	64.156129176236
7.0240532034450	18.816410925673	64.450647867644
7.0445314926679	18.968087008028	64.749814329277
7.0650097818907	19.127285890812	65.054218546330
7.0854880711136	19.295185464412	65.363862260833
7.1059663603365	19.472816741110	65.678761767933
7.1264446495594	19.661767084685	65.998729544647
7.1469229387822	19.863484100470	66.322870196034
7.1674012280051	20.079270799125	66.650325856975
7.1878795172280	20.310723197832	66.979692208217
7.2083578064508	20.558856948589	67.309021359777
7.2288360956737	20.824532154627	67.636444998251
7.2493143848966	21.108464605111	67.959452369114
7.2697926741195	21.410510240556	68.275417704538
7.2902709633423	21.730379595847	68.581875832077
7.3107492525652	22.067228721118	68.875938133574
7.3312275417881	22.419391999203	69.155157134326
7.3517058310109	22.785143044515	69.417342893576
7.3721841202338	23.162034371374	69.660328738808
7.3926624094567	23.547204181799	69.882834640664
7.4131406986796	23.937910204422	70.083860947874
7.4336189879024	24.330864999947	70.262867146347
7.4540972771253	24.723000568127	70.420276654583
7.4745755663482	25.111546160195	70.556641654643
7.4950538555710	25.493574764259	70.673157531000
7.5155321447939	25.866904023576	70.771610704786
7.5360104340168	26.229640541013	70.853639530646
7.5564887232397	26.580077880051	70.921425958029
7.5769670124625	26.917375016534	70.977137566709
7.5974453016854	27.240722807907	71.022613616449
7.6179235909083	27.549651213895	71.060025375786
7.6384018801311	27.844253474599	71.091054950421
7.6588801693540	28.124323047390	71.117163397494
7.6793584585769	28.390010236950	71.139984381613
7.6998367477998	28.641546791022	71.160542950148
7.7203150370226	28.878722189128	71.180001528762
7.7407933262455	29.101685341549	71.199606049829
7.7612716154684	29.310286298981	71.220207455847
7.7817499046912	29.504111808675	71.243179644615
7.8022281939141	29.683136285796	71.269891884044
7.8227064831370	29.846915513120	71.301685760481
7.8431847723599	29.995164547588	71.340585613524
7.8636630615827	30.127971281576	71.388446313616
7.8841413508056	30.245057290442	71.447369595395
7.9046196400285	30.346493203407	71.519965425836
7.9250979292514	30.432157212590	71.608969764825
7.9455762184742	30.503344455325	71.717507254413
7.9660545076971	30.549920874298	71.845987097673
7.9865327969200	30.577131098754	72.030487717514
8.0070110861428	30.624790639740	72.265100513630
8.0274893753657	30.692318535116	72.527988198491
8.0479676645886	30.773943697687	72.821996155460
8.0684459538115	30.876675623450	73.153684841554
8.0889242430343	31.013839126814	73.524281944040
8.1094025322572	31.201283548084	73.928687678509
8.1298808214801	31.455389139582	74.353545272215
8.1503591107029	31.787775695062	74.775254501273
8.1708373999258	32.198399530245	75.162549330493
8.1913156891487	32.670163616168	75.483294680922
8.2117939783716	33.168019702638	75.716558232088
8.2322722675944	33.649539649569	75.864119932601
8.2527505568173	34.081262923888	75.949757619062
8.2732288460402	34.448709359600	76.008390088834
8.2937071352630	34.757052837702	76.072730354199
8.3141854244859	35.023198301517	76.164182941795
8.3346637137088	35.266790621634	76.292621954197
8.3551420029317	35.505929201095	76.459218048717
8.3756202921545	35.754406025828	76.659359928456
8.3960985813774	36.021613070993	76.886446387467
8.4165768706003	36.314035634714	77.132916625576
8.4370551598231	36.635065199452	77.390982299818
8.4575334490460	36.986268120146	77.653863852230
8.4780117382689	37.368125428522	77.914911128151
8.4984900274918	37.779430054025	78.168137006140
8.5189683167146	38.218505443130	78.408595824690
8.5394466059375	38.682963464349	78.631408611349
8.5599248951604	39.169363846558	78.832771952948
8.5804031843832	39.674412392303	79.009694207940
8.6008814736061	40.194175957748	79.159412136156
8.6213597628290	40.724409676548	79.280469304272
8.6418380520519	41.261380121750	79.371778373020
8.6623163412747	41.800810965495	79.432615523972
8.6827946304976	42.338752804050	79.463357191567
8.7032729197205	42.871656464239	79.464249358384
8.7237512089433	43.395449119321	79.436114808459
8.7442294981662	43.906703288723	79.380534211503
8.7647077873891	44.401978793283	79.298855074391
8.7851860766120	44.877532603009	79.193419764746
8.8056643658348	45.330493757150	79.067047535310
8.8261426550577	45.757785247316	78.922601680001
8.8466209442806	46.156689954281	78.764177537480
8.8670992335034	46.525565837915	78.595910244368
8.8875775227263	46.862685558931	78.422231576622
8.9080558119492	47.167448899938	78.248505392924
8.9285341011721	47.440264910116	78.079558457946
8.9490123903949	47.681727203432	77.920590155379
8.9694906796178	47.894034626753	77.776947934407
8.9899689688407	48.079978165494	77.652927824411
9.0104472580636	48.242780271692	77.553046420888
9.0309255472864	48.387150001460	77.480968721957
9.0514038365093	48.517652525703	77.439116612008
9.0718821257322	48.639344414516	77.429879105816
9.0923604149550	48.758007662383	77.454064211901
9.1128387041779	48.878509063264	77.511613061907
9.1333169934008	49.006130353400	77.602283001243
9.1537952826237	49.145845460017	77.724186852868
9.1742735718465	49.301401597685	77.875448968079
9.1947518610694	49.476964617768	78.053945602192
9.2152301502923	49.675615440245	78.256449251027
9.2357084395151	49.899627409121	78.480605541012
9.2561867287380	50.151753601196	78.723599543631
9.2766650179609	50.433342558317	78.982306194601
9.2971433071838	50.745816009099	79.254818927557
9.3176215964066	51.090908252508	79.538417395228
9.3380998856295	51.469035697170	79.830922441561
9.3585781748524	51.881568993061	80.131130646960
9.3790564640752	52.329685657932	80.436876244856
9.3995347532981	52.813760818837	80.747397178579
9.4200130425210	53.335710918825	81.062320145126
9.4404913317439	53.896651766020	81.380777171630
9.4609696209667	54.497953118325	81.704178794470
9.4814479101896	55.142801673375	82.033925745402
9.5019261994125	55.833523426624	82.372526640796
9.5224044886353	56.574741100599	82.725999126479
9.5428827778582	57.373681957426	83.101302873787
9.5633610670811	58.239094803910	83.510466383676
9.5838393563040	59.187499454200	83.972481548876
9.6043176455268	60.244319579092	84.513431391490
9.6247959347497	61.451562232320	85.176522614832
9.6452742239726	62.888565648340	86.027521050803
9.6657525131954	64.703480532613	87.167193563846
9.6862308024183	67.208652821077	88.752071440952
9.7067090916412	71.130875629650	90.962776610489
9.7271873808641	78.310097690084	93.634236317924
9.7476656700869	93.071370687717	93.320606344362
9.7681439593098	111.47827332127	72.056858661361
9.7886222485327	95.437828416510	46.372338456491
9.8091005377555	80.155993159962	45.931930910511
9.8295788269784	73.820307969744	48.193108348690
9.8500571162013	70.821282174744	49.215365821286
9.8705354054242	68.906493205928	48.917395196334
9.8910136946470	67.081519979153	47.565491016826
9.9114919838699	64.747871561417	45.417733418425
9.9319702730928	61.409825699645	42.778900735525
9.9524485623157	56.606577572000	40.117837719352
9.9729268515385	49.992957571092	38.207698441659
9.9934051407614	41.624198607522	38.191590989963
10.013883429984	32.382173054355	41.320599830617
10.034361719207	24.118598691740	48.177686563110
10.054840008430	18.887394918582	57.858249814525
10.075318297653	17.587063084064	68.249773474772
10.095796586876	19.529801961472	77.411267503590
10.116274876099	23.305624195420	84.495394323231
10.136753165321	27.707815271684	89.583977383780
10.157231454544	32.030919935877	93.149147338793
10.177709743767	35.973806069308	95.693888139546
10.198188032990	39.469396642833	97.621909768537
10.218666322213	42.566752977390	99.223217450425
10.239144611436	45.365981039384	100.69234117599
10.259622900659	47.986012814297	102.15242264857
10.280101189882	50.552506359323	103.67203892611
10.300579479104	53.190616950339	105.27355014770
10.321057768327	56.020044635674	106.93837074961
10.341536057550	59.149796314857	108.60673543785
10.362014346773	62.666884654891	110.17696434815
10.382492635996	66.621949940808	111.50861542811
10.402970925219	71.010397765404	112.43048064265
10.423449214442	75.751533709541	112.76248601960
10.443927503665	80.678498213330	112.35382408189
10.464405792887	85.550558184252	111.13145434507
10.484884082110	90.100251543554	109.14291501746
10.505362371333	94.108624771351	106.56115410900
10.525840660556	97.470386454568	103.63620452617
10.546318949779	100.21245954454	100.61598749595
10.566797239002	102.45847955532	97.678313832047
10.587275528225	104.36697529045	94.906538088194
10.607753817448	106.08132918321	92.304900383255
10.628232106670	107.70500676157	89.829078776139
10.648710395893	109.29776826605	87.415875260952
10.669188685116	110.88691119521	85.002380750667
10.689666974339	112.47441633688	82.528045541521
10.710145263562	114.04157493288	79.947219489469
10.730623552785	115.56245142462	77.226194429440
10.751101842008	117.00415829033	74.340481154432
10.771580131231	118.32900575710	71.275399091567
10.792058420453	119.49629980559	68.025349834147
10.812536709676	120.46303427619	64.593956700223
10.833014998899	121.18505231435	60.994630344459
10.853493288122	121.61771511743	57.252058071905
10.873971577345	121.71968589402	53.405611660480
10.894449866568	121.46056007484	49.508349255057
10.914928155791	120.82534003667	45.621163976500
10.935406445013	119.81549938312	41.807098820747
10.955884734236	118.44823460611	38.125847154836
10.976363023459	116.75364366796	34.629502683452
10.996841312682	114.77142053910	31.359728918276
11.017319601905	112.54645647734	28.345980884634
11.037797891128	110.12445045929	25.606395078224
11.058276180351	107.54938267839	23.149715657787
11.078754469574	104.86172162156	20.977430103404
11.099232758796	102.09821083250	19.086349392401
11.119711048019	99.292756334559	17.469688538846
11.140189337242	96.476708220490	16.117500961574
11.160667626465	93.679467233004	15.016849524062
11.181145915688	90.928334495946	14.151008047950
11.201624204911	88.247434144191	13.499470349870
11.222102494134	85.657077101986	13.038236123150
11.242580783357	83.172491750108	12.740174084003
11.263059072579	80.802903402427	12.576583169575
11.283537361802	78.551493716479	12.518449083655
11.304015651025	76.415084492193	12.537866083185
11.324493940248	74.384862091249	12.609876509826
11.344972229471	72.447468439228	12.713307347101
11.365450518694	70.585831592206	12.831820941920
11.385928807917	68.780932653615	12.954585921308
11.406407097140	67.013058177484	13.075958875707
11.426885386362	65.262889831653	13.195599170471
11.447363675585	63.513028149440	13.317773789592
11.467841964808	61.748432044471	13.450348414134
11.488320254031	59.957064455550	13.604370187511
11.508798543254	58.130438754189	13.792804441449
11.529276832477	56.263197139916	14.029819131453
11.549755121700	54.353418677989	14.330426744297
11.570233410923	52.402416940076	14.709440688737
11.590711700145	50.414225225002	15.181446146857
11.611189989368	48.396014450514	15.760422614444
11.631668278591	46.357607665719	16.458971077803
11.652146567814	44.311370135699	17.288479596673
11.672624857037	42.272548304447	18.258227277543
11.693103146260	40.258395279738	19.374728023343
11.713581435483	38.288138892952	20.641659602131
11.734059724705	36.382479868739	22.058616567920
11.754538013928	34.562107955558	23.621073370302
11.775016303151	32.847417943685	25.320424709587
11.795494592374	31.257042063041	27.143404239526
11.815972881597	29.806507409526	29.073404832873
11.836451170820	28.508282153012	31.090948988452
11.856929460043	27.370392806806	33.174282838977
11.877407749266	26.396703993423	35.301490507511
11.897886038488	25.587967001377	37.450357030975
11.918364327711	24.941439058346	39.599056965845
11.938842616934	24.453433814237	41.726522293917
11.959320906157	24.120882371919	43.808396596886
11.979799195380	23.941786374078	45.811586848053
12.000277484603	23.915913984054	47.674061452125
12.020755773826	24.008631271525	49.239010924775
12.041234063049	23.820104117417	50.131040204078
12.061712352271	21.708602168103	51.558534025528
12.082190641494	21.205111116328	55.327104900262
12.102668930717	21.927069711956	57.972726182358
12.123147219940	22.587202272545	60.059518182767
12.143625509163	23.166187464939	61.959484700182
12.164103798386	23.717917751974	63.778329303033
12.184582087609	24.276766238941	65.553815699725
12.205060376832	24.868097852010	67.301431795237
12.225538666054	25.514416883478	69.023456264926
12.246016955277	26.235662681340	70.706269306929
12.266495244500	27.034924394962	72.318326611710
12.286973533723	27.882772508484	73.831211530698
12.307451822946	28.733371986285	75.250245897311
12.327930112169	29.561450466752	76.611726620579
12.348408401392	30.373575836296	77.951757021943
12.368886690615	31.191064247034	79.287506720654
12.389364979837	32.033231149007	80.620122982626
12.409843269060	32.912773595775	81.943193854286
12.430321558283	33.836173751470	83.247128201446
12.450799847506	34.804252920371	84.521931631115
12.471278136729	35.813562757193	85.758898046074
12.491756425952	36.856917566451	86.951416238108
12.512234715175	37.924199202558	88.096775371599
12.532713004397	39.004461584396	89.197133460753
12.553191293620	40.087656669842	90.259735093897
12.573669582843	41.167072322723	91.297071059749
12.594147872066	42.242198314612	92.325378735428
12.614626161289	43.321035862032	93.361963904630
12.635104450512	44.421957739903	94.420199270321
12.655582739735	45.570951410655	95.501933900224
12.676061028958	46.792376767630	96.593721123400
12.696539318180	48.099403584983	97.671461693849
12.717017607403	49.491068872433	98.710420825004
12.737495896626	50.957552582937	99.693379075132
12.757974185849	52.490132662539	100.61183530531
12.778452475072	54.085520317944	101.45003986923
12.798930764295	55.705304731917	102.18759794166
12.819409053518	57.340181856258	102.87598570052
12.839887342741	59.021343377279	103.49663598344
12.860365631963	60.739341690287	104.03113442175
12.880843921186	62.486327570973	104.46733080013
12.901322210409	64.249044159477	104.78614348098
12.921800499632	65.996053047955	104.96514516270
12.942278788855	67.665468402415	104.99714333308
12.962757078078	69.176857876633	104.93133237802
12.983235367301	70.503647483935	104.89143222002
13.003713656524	71.737563089198	104.98705663053
13.024191945746	73.011000903402	105.21061629226
13.044670234969	74.385304671418	105.47963548369
13.065148524192	75.852266123868	105.72450796936
13.085626813415	77.381921092114	105.91184240187
13.106105102638	78.947593966687	106.03144186210
13.126583391861	80.530470175785	106.08315100753
13.147061681084	82.117891079256	106.07026344120
13.167539970307	83.701015946491	105.99697520127
13.188018259529	85.273246903960	105.86775316634
13.208496548752	86.829427472497	105.68729662519
13.228974837975	88.365472476839	105.46073516160
13.249453127198	89.878533240664	105.19383530418
13.269931416421	91.367343354369	104.89275519817
13.290409705644	92.832347505949	104.56365708837
13.310887994867	94.275841631543	104.21222715079
13.331366284089	95.701819340352	103.84296509979
13.351844573312	97.115485023792	103.45868260286
13.372322862535	98.522718245739	103.06013479717
13.392801151758	99.929286237743	102.64581742272
13.413279440981	101.34010182963	102.21219988179
13.433757730204	102.75869940961	101.75401508142
13.454236019427	104.18662021438	101.26468761444
13.474714308650	105.62302614494	100.73708473135
13.495192597872	107.06457462035	100.16423978637
13.515670887095	108.50539094306	99.540217513875
13.536149176318	109.93749292357	98.861060906456
13.556627465541	111.35151200844	98.125465088122
13.577105754764	112.73763136343	97.335323722957
13.597584043987	114.08689642051	96.495837935577
13.618062333210	115.39239840169	95.614989727502
13.638540622433	116.65019828857	94.702706296107
13.659018911655	117.85995219284	93.769592848749
13.679497200878	119.02483241548	92.825504695236
13.699975490101	120.15097309703	91.878382629822
13.720453779324	121.24650780950	90.933287121269
13.740932068547	122.32020862231	89.992054835195
13.761410357770	123.38038845198	89.053608396821
13.781888646993	124.43410520250	88.114437014315
13.802366936216	125.48659815408	87.169325409531
13.822845225438	126.54117347168	86.212066500612
13.843323514661	127.59917791589	85.235956294692
13.863801803884	128.66006754923	84.234330780983
13.884280093107	129.72164230696	83.200888966081
13.904758382330	130.78007708332	82.129938079946
13.925236671553	131.83005817312	81.016851980974
13.945714960776	132.86511349695	79.858383548970
13.966193249999	133.87790679110	78.652963020698
13.986671539221	134.86078289326	77.400964478714
14.007149828444	135.80632492540	76.104634878450
14.027628117667	136.70777992357	74.768005570159
14.048106406890	137.55960333310	73.396652143896
14.068584696113	138.35776781410	71.997206797863
14.089062985336	139.09992419319	70.576991920407
14.109541274559	139.78559162569	69.143516900961
14.130019563781	140.41603948041	67.703917399547
14.150497853004	140.99411439093	66.264574218861
14.170976142227	141.52397625752	64.830619282058
14.191454431450	142.01052232870	63.405652851257
14.211932720673	142.45893069661	61.991741879023
14.232411009896	142.87418643720	60.589407590530
14.252889299119	143.26057705852	59.197924305852
14.273367588342	143.62151419531	57.815702467209
14.293845877564	143.95935819980	56.440582891544
14.314324166787	144.27539036047	55.070316125911
14.334802456010	144.57005107962	53.702831354249
14.355280745233	144.84302494226	52.336389364624
14.375759034456	145.09346121260	50.969839976434
14.396237323679	145.32026772828	49.602622825880
14.416715612902	145.52223793265	48.234792749097
14.437193902125	145.69836736283	46.867034156812
14.457672191347	145.84804880387	45.500392235781
14.478150480570	145.97108625315	44.136138584553
14.498628769793	146.06782378166	42.775570630210
14.519107059016	146.13900776762	41.419716865195
14.539585348239	146.18561440921	40.069316786787
14.560063637462	146.20877189326	38.724719837208
14.580541926685	146.20943053002	37.386057100619
14.601020215908	146.19009363900	36.054442952109
14.621498505130	146.15341986699	34.721564397748
14.641976794353	146.09036940965	33.390448501267
14.662455083576	146.00469994999	32.062431218669
14.682933372799	145.89515017614	30.735898269708
14.703411662022	145.75991669884	29.411154344954
14.723889951245	145.59813346410	28.088839438106
14.744368240468	145.40809894109	26.767927294063
14.764846529691	145.18420975870	25.449732066939
14.785324818913	144.92326578046	24.141103280662
14.805803108136	144.62672898663	22.848710188448
14.826281397359	144.29803171442	21.577392498100
14.846759686582	143.94141478147	20.330405093107
14.867237975805	143.56149986094	19.109819143646
14.887716265028	143.16332210228	17.916531930098
14.908194554251	142.75198872064	16.749981821916
14.928672843473	142.33218837794	15.608233027095
14.949151132696	141.90785843114	14.488087338167
14.969629421919	141.48169719020	13.385349528864
14.990107711142	141.05497995881	12.295380224896
15.010586000365	140.62755163041	11.213423408892
15.031064289588	140.19772135338	10.135081964310
15.051542578811	139.76254374694	9.0568628439826
15.072020868034	139.31816449941	7.9764372422144
15.092499157256	138.86023484694	6.8929579661319
15.112977446479	138.38456353621	5.8070312617427
15.133455735702	137.88742634113	4.7204361932501
15.153934024925	137.36586544694	3.6360037802473
15.174412314148	136.81799114607	2.5572121144113
15.194890603371	136.24294741139	1.4878609800999
15.215368892594	135.64104853714	0.43184270917828
15.235847181817	135.01371754534	-0.60736284880992
15.256325471039	134.36317481113	-1.6268932175048
15.276803760262	133.69231756475	-2.6247064433071
15.297282049485	133.00427973992	-3.5998036257665
15.317760338708	132.30210477384	-4.5520154624275
15.338238627931	131.58864822782	-5.4820045011418
15.358716917154	130.86619932713	-6.3911356631087
15.379195206377	130.13647644829	-7.2811364303346
15.399673495600	129.40056583642	-8.1541196244563
15.420151784822	128.65870069600	-9.0122194885097
15.440630074045	127.91055442806	-9.8573388508281
15.461108363268	127.15517471168	-10.691176312627
15.481586652491	126.39111417248	-11.514762200561
15.502064941714	125.61694124653	-12.328585535298
15.522543230937	124.83113557283	-13.132660635693
15.543021520160	124.03272805920	-13.926333575121
15.563499809382	123.22183821989	-14.709343407961
15.583978098605	122.39966785221	-15.482817504443
15.604456387828	121.56952284134	-16.253521320021
15.624934677051	120.72699818149	-17.052346968858
15.645412966274	119.72748014867	-17.917440007792
15.665891255497	118.64646679286	-18.462310371824
15.686369544720	117.76392243872	-19.012587771518
15.706847833943	116.88007790585	-19.612417905967
15.727326123165	115.97359638461	-20.210691489085
15.747804412388	115.04960358717	-20.791927400189
15.768282701611	114.11120898972	-21.350092452416
15.788760990834	113.16175419571	-21.879248139010
15.809239280057	112.20921273104	-22.375103499322
15.829717569280	111.26342923073	-22.841452965418
15.850195858503	110.32590947872	-23.287506723101
15.870674147726	109.39198003700	-23.716381307589
15.891152436948	108.46013760558	-24.126385487159
15.911630726171	107.53204231911	-24.516979448132
15.932109015394	106.60925698625	-24.889654819315
15.952587304617	105.69226572233	-25.246562193645
15.973065593840	104.78038995531	-25.589986072518
15.993543883063	103.87158348983	-25.921239291605
16.014022172286	102.96382994060	-26.239724654327
16.034500461509	102.05647855206	-26.543739696503
16.054978750731	101.15061937475	-26.831593905660
16.075457039954	100.24879612757	-27.103062786142
16.095935329177	99.353281007273	-27.360161908220
16.116413618400	98.464603938862	-27.606240122598
16.136891907623	97.580943367451	-27.844631947827
16.157370196846	96.698564698960	-28.076723392989
16.177848486069	95.814102439688	-28.301279911624
16.198326775292	94.925788717098	-28.516013065018
16.218805064514	94.033019784473	-28.718488973206
16.239283353737	93.136249603557	-28.906467919451
16.259761642960	92.236504908601	-29.078347877747
16.280239932183	91.335024234140	-29.232860694548
16.300718221406	90.433429000697	-29.369168521813
16.321196510629	89.533307532999	-29.486988557196
16.341674799852	88.636230986671	-29.586211722666
16.362153089074	87.743917631334	-29.667165517641
16.382631378297	86.857858614283	-29.730596634751
16.403109667520	85.979469090729	-29.777492545446
16.423587956743	85.109914808831	-29.809376590807
16.444066245966	84.249751255417	-29.827932346638
16.464544535189	83.399241476139	-29.834802549194
16.485022824412	82.558232763670	-29.831729843895
16.505501113635	81.726179466971	-29.820225295195
16.525979402857	80.902388749203	-29.801769141500
16.546457692080	80.085607033670	-29.777821685535
16.566935981303	79.274127645684	-29.749332164349
16.587414270526	78.466025820825	-29.716802922137
16.607892559749	77.659120321577	-29.680036266378
16.628370848972	76.851549654686	-29.638018191647
16.648849138195	76.041905752194	-29.589374072399
16.669327427418	75.229188267974	-29.532297495838
16.689805716640	74.413160516031	-29.464811318858
16.710284005863	73.594073368282	-29.385155287795
16.730762295086	72.772608595387	-29.291635113666
16.751240584309	71.949968465874	-29.182977709083
16.771718873532	71.127397630529	-29.058405993837
16.792197162755	70.306223352949	-28.917396207099
16.812675451978	69.487756813420	-28.759930578220
16.833153741201	68.672934073835	-28.586217792783
16.853632030423	67.862574282566	-28.396497721002
16.874110319646	67.057228896491	-28.191198279213
16.894588608869	66.257118075737	-27.970529150493
16.915066898092	65.462501713646	-27.734521031659
16.935545187315	64.673497347494	-27.483117469699
16.956023476538	63.890283213133	-27.215871766110
16.976501765761	63.113368223494	-26.932263031005
16.996980054984	62.343359408722	-26.631723207276
17.017458344206	61.581251842126	-26.313555215513
17.037936633429	60.828395536583	-25.977364032572
17.058414922652	60.086228038277	-25.622927643300
17.078893211875	59.356515694998	-25.250262651345
17.099371501098	58.641054884767	-24.859911520995
17.119849790321	57.941535422553	-24.452640230258
17.140328079544	57.259715796806	-24.029612462813
17.160806368766	56.597024890225	-23.592442630619
17.181284657989	55.954629948015	-23.142869990402
17.201762947212	55.333468756488	-22.682996430994
17.222241236435	54.733886318046	-22.215073765978
17.242719525658	54.155890892775	-21.741245813118
17.263197814881	53.599066719943	-21.263732054508
17.283676104104	53.062449765495	-20.784423269604
17.304154393327	52.544939732057	-20.304830957290
17.324632682549	52.045168829788	-19.826212285957
17.345110971772	51.561680000526	-19.349215099792
17.365589260995	51.093318118820	-18.874149912737
17.386067550218	50.639041464168	-18.401101423975
17.406545839441	50.198231280182	-17.929830081886
17.427024128664	49.770759841692	-17.460297261763
17.447502417887	49.356640046643	-16.992665962424
17.467980707110	48.956208977488	-16.527357780397
17.488458996332	48.569773515875	-16.065424407555
17.508937285555	48.197281965645	-15.608198939157
17.529415574778	47.838476173854	-15.157320288986
17.549893864001	47.492449787959	-14.714732752924
17.570372153224	47.157689654951	-14.282133057285
17.590850442447	46.832316227456	-13.861071983863
17.611328731670	46.513819999428	-13.452704018128
17.631807020893	46.199659062802	-13.057341115931
17.652285310115	45.887593338264	-12.674275444750
17.672763599338	45.581200178762	-12.307731772399
17.693241888561	45.260170473526	-11.961585800435
17.713720177784	44.931377995695	-11.620372744694
17.734198467007	44.595419163920	-11.291673704122
17.754676756230	44.245408661101	-10.977960711819
17.775155045453	43.870881096087	-10.680760003027
17.795633334676	43.451821867239	-10.394858737778
17.816111623898	42.964930955172	-10.089620410242
17.836589913121	42.425837000809	-9.7052393116978
17.857068202344	41.910134466456	-9.2246162448714
17.877546491567	41.459328561389	-8.7048956487862
17.898024780790	41.051992695434	-8.1884302482924
17.918503070013	40.662569059509	-7.6795645682470
17.938981359236	40.280153916479	-7.1709798839761
17.959459648458	39.902503234557	-6.6559968724014
17.979937937681	39.530984615325	-6.1306653187415
18.000416226904	39.167781234153	-5.5933003042439
18.020894516127	38.815108945294	-5.0434636138931
18.041372805350	38.474892674170	-4.4817335508222
18.061851094573	38.148297415241	-3.9090127899618
18.082329383796	37.836401668929	-3.3259884344699
18.102807673019	37.540281355898	-2.7337288036119
18.123285962241	37.260641023712	-2.1333751768006
18.143764251464	36.998116959174	-1.5261087512805
18.164242540687	36.753006107634	-0.91322951879715
18.184720829910	36.525406183469	-0.29571562286529
18.205199119133	36.315615989583	0.32550596648569
18.225677408356	36.123861111539	0.94939557263550
18.246155697579	35.950429244702	1.5749424575508
18.266633986802	35.795631864125	2.2008502066570
18.287112276024	35.659559533342	2.8256891060687
18.307590565247	35.542277857504	3.4478273866624
18.328068854470	35.443405950953	4.0651963861577
18.348547143693	35.361886348788	4.6758090046513
18.369025432916	35.296251608289	5.2777797930566
18.389503722139	35.244224464448	5.8693818463974
18.409982011362	35.202788496776	6.4497263289207
18.430460300585	35.168578637632	7.0189774889976
18.450938589807	35.138221365372	7.5787844145856
18.471416879030	35.109470678108	8.1323189764614
18.491895168253	35.081842758898	8.6832504564151
18.512373457476	35.056506247488	9.2349548247441
18.532851746699	35.036034305228	9.7896791459607
18.553330035922	35.023370098499	10.348048572301
18.573808325145	35.021128436023	10.909527554582
18.594286614368	35.031353599542	11.472614692993
18.614764903590	35.055032175069	12.035354206320
18.635243192813	35.092454415371	12.596068680664
18.655721482036	35.143675067633	13.153207861219
18.676199771259	35.208453275775	13.705281093647
18.696678060482	35.286359115850	14.250812590132
18.717156349705	35.376491063707	14.788265859777
18.737634638928	35.477465253894	15.316543030659
18.758112928150	35.587859130499	15.834936951977
18.778591217373	35.706035970551	16.343023924403
18.799069506596	35.830394576360	16.841008155038
18.819547795819	35.959750395653	17.329332551514
18.840026085042	36.093031354988	17.808494679440
18.860504374265	36.229391560812	18.279174367522
18.880982663488	36.368154670698	18.741961500467
18.901460952711	36.508619337226	19.197589746902
18.921939241933	36.650411251370	19.646926493161
18.942417531156	36.793300406621	20.090662127078
18.962895820379	36.937117788852	20.529568668900
18.983374109602	37.082012179842	20.964308922267
19.003852398825	37.228255782874	21.395252611742
19.024330688048	37.375100370803	21.821194836597
19.044808977271	37.521784379307	22.246816703843
19.065287266494	37.671485288747	22.669503602770
19.085765555716	37.822604612887	23.089154938454
19.106243844939	37.974775943636	23.505520262178
19.126722134162	38.124977378738	23.919195873169
19.147200423385	38.274493338118	24.336600791653
19.167678712608	38.429353748892	24.755174796550
19.188157001831	38.587797945610	25.171316395273
19.208635291054	38.746804703273	25.585424115146
19.229113580277	38.905526925202	26.000292394228
19.249591869499	39.065350851946	26.417789017735
19.270070158722	39.227730367330	26.838361850024
19.290548447945	39.393567250915	27.262132171057
19.311026737168	39.563738837084	27.689241413319
19.331505026391	39.739020475036	28.119583606168
19.351983315614	39.919991859495	28.553133270436
19.372461604837	40.107328774787	28.989866437741
19.392939894060	40.301585606761	29.429721368932
19.413418183282	40.503483100833	29.872855603446
19.433896472505	40.714084153536	30.319119696622
19.454374761728	40.934251983800	30.768048071310
19.474853050951	41.164819400297	31.219179736746
19.495331340174	41.406583320678	31.671794344961
19.515809629397	41.660118248853	32.125177653322
19.536287918620	41.926142319455	32.578554543835
19.556766207842	42.205152040964	33.030779712448
19.577244497065	42.497278633104	33.480860870558
19.597722786288	42.802735004865	33.927902604156
19.618201075511	43.121633188311	34.370925789180
19.638679364734	43.454144723846	34.809021331158
19.659157653957	43.800503345792	35.240903525622
19.679635943180	44.160473086489	35.665054201832
19.700114232403	44.533549045915	36.080031268903
19.720592521625	44.918808836521	36.484261638926
19.741070810848	45.314672770491	36.876591795194
19.761549100071	45.719484491941	37.256552846226
19.782027389294	46.131624946609	37.624228333226
19.802505678517	46.550068908308	37.980844077996
19.822983967740	46.978281286244	38.328235897999
19.843462256963	47.416264747645	38.649935162206
19.863940546186	47.842026872712	38.960009831320
19.884418835408	48.270895983695	39.265782254007
19.904897124631	48.702802742254	39.561015937414
19.925375413854	49.134647295089	39.844978565228
19.945853703077	49.562207607728	40.118622534851
19.966331992300	49.980074375951	40.390011984121
19.986810281523	50.399022845387	40.673289081566
20.007288570746	50.836954795699	40.957581118804
20.027766859969	51.287740846981	41.228592787230
20.048245149191	51.743293872505	41.486395799117
20.068723438414	52.201160796195	41.733708363945
20.089201727637	52.661125363178	41.972198946281
20.109680016860	53.123417252115	42.202581971529
20.130158306083	53.588385010580	42.425245695012
20.150636595306	54.056647005034	42.639946522389
20.171114884529	54.528152597083	42.845677227145
20.191593173752	55.001873812497	43.041761389942
20.212071462974	55.476521270115	43.228395882491
20.232549752197	55.951308005485	43.406604224323
20.253028041420	56.426492347362	43.577378966563
20.273506330643	56.902641852322	43.740866200620
20.293984619866	57.379899409530	43.896853694219
20.314462909089	57.858236584646	44.045136136096
20.334941198312	58.337326391423	44.185463104082
20.355419487534	58.816680902026	44.318072557742
20.375897776757	59.296362460237	44.443428134847
20.396376065980	59.776761161233	44.561617598500
20.416854355203	60.258379077123	44.672345465088
20.437332644426	60.741549642940	44.774621387471
20.457810933649	61.225741763515	44.867140469907
20.478289222872	61.709803289537	44.948928034217
