# Frequency (Hz)	Real Part (Ohm/m)
1000.0	5250895.860939673
1018.6101701559753	5267574.079816213
1037.566678745186	5284562.683183946
1056.875971184804	5301867.447351063
1076.5446128423157	5319494.256123838
1096.5792912678098	5337449.102807184
1116.9868184678226	5355738.092242429
1137.7741332214914	5374367.442883046
1158.9483034398106	5393343.48890898
1180.5165285688054	5412672.682380346
1202.4861420374123	5432361.595431189
1224.8646137509306	5452416.922504095
1247.6595526308697	5472845.482626363
1270.8787092020582	5489680.849300993
1294.529978227916	5503014.971254588
1318.6214013947485	5516597.2434866205
1343.1611700460153	5530432.284115995
1368.1576279674719	5544524.797205599
1393.619274224142	5558879.574361724
1419.5547660501015	5573501.496363277
1445.9729217920194	5588395.534821285
1472.882723907502	5603566.753869306
1500.2933220192183	5619020.311885285
1528.2140360258693	5634761.463245456
1556.654359271062	5650795.560110892
1585.6239617711371	5666947.736996139
1615.132693503091	5676302.92966753
1645.1905877536624	5685832.224066376
1675.807864530767	5695538.860255451
1706.9949340384078	5705426.138595648
1738.7624002162504	5715497.420868135
1771.1210643450886	5725756.131417402
1804.0819287193826	5736205.758315572
1837.6562003881704	5746849.854548383
1871.8552949655793	5757692.0392232435
1906.690840512252	5768735.998799765
1942.1746814890264	5779985.488343202
1978.3188827841643	5791444.33280121
2015.1357338155585	5799626.650700777
2052.6377527092523	5804930.603101358
2090.8376905557498	5810333.262958611
2129.748535745521	5815836.467235105
2169.3835183851843	5821442.087079587
2209.756114795903	5827152.028463204
2250.880052095462	5832968.232827551
2292.7693128656488	5838892.67774478
2335.438139906479	5844927.377589999
2378.9010410788933	5851074.384226178
2423.1727942376006	5857335.787701805
2468.2684522556924	5863713.716961529
2514.2033481427966	5869935.775327278
2560.9931002584594	5871008.50568995
2608.6536176225477	5872101.199747203
2657.2011053245064	5873214.229026791
2706.652070033241	5874347.971970659
2757.0233256095826	5875502.814063625
2808.3319988231724	5876679.147964447
2860.5955351757416	5877877.373639322
2913.831704832789	5879097.898497892
2968.0586086656026	5880341.137531759
3023.2946844057765	5881607.513455591
3079.5587129142264	5882897.456850847
3136.8698245668766	5884211.406312181
3195.2475057592133	5883098.064878732
3254.711605531848	5880039.433440809
3315.282342319423	5876923.88035138
3376.9803108250912	5873750.346288829
3439.8264890229243	5870517.752217378
3503.8422452906757	5867224.9990202105
3569.0493456752292	5863870.967125762
3635.4699612933177	5860454.516127051
3703.126675869927	5856974.484393923
3772.0424934169973	5853429.688678094
3842.240846055061	5849818.923710825
3913.745601980384	5846140.961793121
3986.581073580439	5842165.240238357
4060.7720257003657	5835261.114723655
4136.343684063274	5828228.502258346
4213.321743847289	5821065.011678416
4291.732378422157	5813768.207319885
4371.602248248501	5806335.608190644
4452.958509942655	5798764.6871269075
4535.828825510186	5791052.869933938
4620.241371751313	5783197.534510795
4706.224849841281	5775196.009958796
4793.808495089106	5767045.575673376
4883.02208687788	5758743.46041906
4973.895958790063	5750286.841387206
5066.461008921268	5740664.352119904
5160.7487103859075	5730148.140375354
5256.791122018419	5719436.220140844
5354.620899273607	5708524.94924807
5454.271305329836	5697410.617747364
5555.7762223988775	5686089.44664626
5659.170163246242	5674557.586624601
5764.488282925873	5662811.116725722
5871.766390733255	5650846.043023294
5981.040962380945	5638658.2972633345
6092.349152400711	5626243.735480965
6205.7288067765	5613598.136591414
6321.218475812449	5600681.71762595
6438.8574272404185	5587202.610560706
6558.685659571435	5573472.655019424
6680.743915695614	5559487.1826692885
6805.073696735206	5545241.438299003
6931.717276155407	5530730.578201988
7060.717714137772	5515949.668529458
7192.118872221193	5500893.6836128635
7325.96542821523	5485557.504255105
7462.302891391108	5469935.915989955
7601.17761795533	5454023.607309084
7742.636826811269	5437815.167856089
7886.728615614156	5421305.086586909
8033.501977124735	5405069.198433935
8183.00681586739	5388902.418828397
8335.293965098195	5372434.772703525
8490.415204088747	5355660.660882201
8648.423275731726	5338574.379985667
8809.37190447399	5321170.120494315
8973.31581458352	5303441.964772392
9140.310748756232	5285383.885055931
9310.413487069076	5266989.7414032575
9483.681866285926	5248253.279607332
9660.174799522645	5229168.129069266
9839.952296278227	5209727.800632234
10023.075482838643	5190193.1727657225
10209.606623060476	5172184.783663815
10399.609139541202	5153841.255376488
10593.1476351837	5135156.350906472
10790.287915161836	5116123.717184921
10991.097009294961	5096736.882911296
11195.643194838794	5076989.25635305
11403.99601970033	5056874.123104381
11616.22632608502	5036384.643803244
11832.40627458378	5015513.851805906
12052.609368708414	4994254.650818208
12276.910479883603	4972599.812482745
12505.385872903913	4950541.973921163
12738.113231864783	4930117.417204777
12975.171686575868	4910485.665645272
13216.641839466038	4890488.563848783
13462.60579298911	4870119.312585235
13713.147177539455	4849370.986089722
13968.351179887397	4828236.529707678
14228.30457214352	4806708.75749621
14493.09574126215	4784780.349780806
14762.81471909391	4762443.850666567
15037.553212997384	4739691.665503126
15317.404637020798	4716516.058302373
15602.46414366368	4692909.149108146
15892.828656229764	4669473.903539546
16188.596901781993	4649096.91405349
16489.86944471065	4628340.705325834
16796.74872092653	4607198.220021964
17109.339072690134	4585662.269469069
17427.746784089173	4563725.531211914
17752.08011717636	4541380.546523122
18082.44934877952	4518619.7178671425
18418.96680799711	4495435.306316985
18761.746914391195	4471819.428922912
19110.90621689136	4447764.056032153
19466.56343342263	4423261.008558729
19828.83949127071	4398301.955202486
20197.857568198782	4376056.02043759
20573.743134329114	4355029.852879729
20956.623994804308	4333612.3847658895
21346.630333242454	4311796.333926138
21743.8947560008	4289574.28266813
22148.55233726359	4266938.675254995
22560.74066496859	4243881.815336318
22980.599887588487	4220395.863331292
23408.272761782944	4196472.833763175
23843.904700937208	4172104.5925441505
24287.643824604504	4147282.85420964
24739.64100886812	4121999.1791011556
25200.049937640895	4097171.4897877946
25669.027154919517	4076290.1253158515
26146.732118010917	4055020.1550979996
26633.327251749808	4033354.3471151805
27128.978003724646	4011285.334759234
27633.852900531667	3988805.6143281697
28148.123605075813	3965907.5424748217
28671.964974937695	3942583.333608042
29205.55512182745	3918825.0572454976
29749.075472144435	3894624.6353172306
30302.71082866393	3869973.839419038
30866.649433372742	3844864.2880146946
31441.08303147265	3819287.443586178
32026.206936576502	3797132.418088572
32622.220097116733	3776353.2154563987
33229.325163989684	3755187.3083275394
33847.72855945983	3733627.500065502
34477.640547344636	3711666.4601031803
35119.275304507275	3689296.7214503577
35772.850993678774	3666510.678154858
36438.58983763541	3643300.582716454
37116.71819475767	3619658.5434525986
37807.466635993485	3595576.5218152115
38511.070023255685	3571046.3296574536
39227.76758927723	3546059.626449677
39957.803018952654	3521775.5549158948
40701.42453219439	3501753.4079898684
41458.88496832911	3481358.6455026628
42230.441872066716	3460584.3330152803
43016.35758106799	3439423.4070376316
43816.89931514194	3417868.6726268833
44632.33926710397	3395912.8009410836
45462.95469532399	3373548.326747289
46309.02801799736	3350767.645883298
47170.84690917023	3327563.012672157
48048.704396551344	3303926.537288553
48942.89896114532	3279850.1830761717
49853.73463873894	3255325.763815163
50781.5211232767	3234567.8459340893
51726.57387216024	3215143.3714429075
52689.21421350677	3195357.404176257
53669.76945540476	3175203.2166920733
54668.57299720181	3154673.956349454
55685.96444286408	3133762.6429786817
56722.28971644549	3112462.1665078914
57777.90117970507	3090765.2845455795
58853.1577519145	3068664.619918095
59948.42503189408	3046152.658161333
61064.07542232036	3023221.744965732
62200.48825634718	2999864.083573727
63358.04992658254	2977388.0245726868
64537.15401646702	2959069.6068682745
65738.20143409586	2940410.280293395
66961.60054853215	2921403.7004759605
68207.76732865692	2902043.4049740387
69477.1254846024	2882322.811078558
70770.10661181889	2862235.2135751056
72087.15033782135	2841773.7824640893
73428.70447166759	2820931.560638462
74795.22515621828	2799701.4615182295
76187.17702322999	2778076.2666409435
77605.0333513357	2756048.6232073344
79049.2762269642	2733611.0415812912
80520.39670825469	2714988.2430405268
82018.8949920221	2697539.2435741033
83545.28058382872	2679765.515258561
85100.07247122246	2661661.0148347593
86683.79930019773	2643219.5865774825
88296.99955494082	2624434.9602024183
89940.22174092053	2605300.7487341953
91614.0245713852	2585810.4463347504
93318.9771573324	2565957.4260912607
95055.65920101192	2545734.9377629296
96824.66119303115	2525136.105485831
98626.5846131283	2504153.9254350387
100462.04213468132	2484157.9925686256
102331.65783302448	2467958.403476142
104236.06739764012	2451457.3372741896
106175.9183482999	2434649.183422464
108151.87025522892	2417528.226967548
110164.59496336569	2400088.6465997747
112214.77682079801	2382324.512673909
114303.11291144785	2364229.7851930084
116430.31329208757	2345798.311754763
118597.10123376705	2327023.825459604
120804.21346773289	2307899.9427799038
123052.40043592616	2288420.1613894906
125342.42654613995	2268577.8579528015
127675.07043192645	2252389.7917184383
130051.12521734099	2237165.2835942023
132471.39878661174	2221657.444783235
134936.71405883064	2205861.0024532443
137447.90926775365	2189770.5856436333
140005.8382468096	2173380.723439315
142611.37071941295	2156685.843110539
145265.39259467812	2139680.268218113
147968.80626863963	2122358.2166833393
150722.53093107554	2104713.7988220523
153527.5028780421	2086741.0153420637
156384.67583022476	2068433.7553033342
159295.0212572123	2051151.1055682274
162259.5287078087	2037179.6409346443
165279.2061464897	2022948.1649669008
168355.08029612005	2008451.83880983
171488.19698705408	1993685.7335563363
174679.62151272455	1978644.8285715359
177930.43899185772	1963324.009785668
181241.75473742394	1947718.067955265
184614.69463245454	1931821.6968919572
188050.40551285836	1915629.4916582953
191550.0555573528	1899135.9467300358
195114.83468466165	1882335.4541241867
198745.9549580986	1865222.3014922366
202444.65099768018	1851475.1459121422
206212.18039991445	1838475.5767437282
210049.8241653915	1825234.0833811369
213958.88713434213	1811746.1635739487
217940.6984302958	1798007.2312840968
221996.61191199525	1784012.6151265725
226128.00663372793	1769757.5567810861
230336.2873142131	1755237.2093742082
234622.88481422624	1740446.6358313647
238989.25662310526	1725380.8071981827
243436.8873543108	1710034.6009305995
247967.289250216	1694402.7991531247
252582.00269627848	1679782.1468804465
257282.59674479323	1667955.6985037907
262070.66964838552	1655909.1579105037
266947.8494034318	1643638.429146987
271915.7943036019	1631139.340033241
276976.1935036891	1618407.6407442947
282130.76759394706	1605439.0023652066
287381.2691851069	1592229.0154191907
292729.4835042813	1578773.1883683542
298177.22900196735	1565066.9460865094
303726.3579703311	1551105.628303602
309378.75717301364	1536884.488021153
315136.34848664823	1522398.6898982336
321001.08955431683	1510926.543083769
326974.97445117676	1500005.578053997
333060.03436245886	1488881.3720067549
339258.33827409917	1477550.1425921232
345571.9936762143	1466008.037070008
352003.1472796675	1454251.1310001703
358553.9857459817	1442275.4269078625
365226.7364308175	1430076.8529246608
372023.6681413066	1417651.261403971
378947.09190746717	1404994.4275107915
385999.36176797637	1392102.0477852267
393182.87557057705	1378969.7386792507
400500.07578736113	1366798.7104094503
407953.45034524484	1356928.4788136447
415545.53347188793	1346874.5605283612
423278.90655735444	1336633.5371130563
431156.19903182285	1326201.926509419
439180.0892596086	1315576.1818574483
447353.3054498463	1304752.6902894704
455678.6265841068	1293727.7717017299
464158.8833612772	1282497.6775031178
472796.9591600391	1271058.5893405995
481595.79101923504	1259406.6178009487
490558.37063650455	1247537.8010882926
499687.7453854889	1235448.1036770626
508987.0193519675	1226000.2709951457
518459.3543892913	1216938.0151359495
528107.971193433	1207707.1091532176
537936.1503980698	1198304.414439453
547947.2336900292	1188726.73397714
558144.6249454955	1178970.8112517255
568531.7913873753	1169033.3291443605
579112.2647641759	1158910.9088040565
589889.6425508494	1148600.108498829
600867.5891719692	1138097.4224454763
612049.837247669	1127399.2796175778
623440.1888627863	1116502.0425312968
635042.5168595961	1106493.4095622154
646860.7661546321	1098344.1883310848
658898.9550799957	1090043.3087062032
671161.1767496272	1081587.9482990603
683651.6004510238	1072975.2321960086
696374.4730628222	1064202.2319807746
709334.1204987989	1055265.9647387571
722534.9491787221	1046163.392042805
735981.4475265755	1036891.4189201264
749678.1874966878	1027446.8927999508
763629.8261282243	1017826.6024416373
777841.1071286482	1008027.2768428059
792316.8624866261	998045.5841271653
807062.0141149492	990343.1561166128
822081.575524054	982893.9955225037
837380.6535266489	975306.2047822201
852964.4499741016	967577.2039651517
868838.2635251193	959704.365127741
885007.4914473438	951685.0114199566
901477.6314524917	943516.4161751292
918254.2835656281	935195.8019828605
935343.1520292377	926720.3397446712
952750.0472427299	918087.147712078
970480.8877380306	909293.2905067698
988541.7021919573	900335.7781225435
1006938.6314760271	892182.16102642
1025677.9307444209	885509.4527849859
1044765.9715608053	878712.5643077767
1064209.2440647245	871789.1845794765
1084014.359178331	864736.9595763779
1104188.0508541602	857553.4914659935
1124737.1783647507	850236.3377917649
1145668.7286348727	842783.0106426006
1166989.8186171474	835190.9758069632
1188707.6977119034	827457.6519112041
1210829.7502320393	819580.4095418741
1233363.4979137746	811556.5703516908
1256316.6024741214	803383.406148873
1279696.8682159416	797152.6979922187
1303512.2446815087	791073.9989377923
1327770.829355429	784882.1742596361
1352480.8704178738	778575.1186706435
1377650.769549055	772150.6877039557
1403289.084785873	765606.6969838234
1429404.533431761	758940.9214828903
1456005.9950206485	752151.0947656633
1483102.514336103	745234.908217899
1510703.3044866556	738190.0102616497
1538817.7500383465	731014.0055557038
1567455.410205595	723704.4541811403
1596626.022101425	717109.9675421447
1626339.5040481905	711681.2292095744
1656605.9589499151	706151.4611329022
1687435.6777273756	700518.7831314007
1718839.1428171454	694781.2800338572
1750827.0317357269	688937.0010273976
1783410.220710006	682983.9589941899
1816599.7883753285	676920.1298357972
1850407.019542302	670743.4517849708
1884843.4090337954	664451.8247046198
1919920.6655932867	658043.1093737449
1955650.715865947	651515.1267600826
1992045.7084538713	644865.6572792032
2029118.0180466783	639855.8716113488
2066880.2496290822	634923.5130756743
2105345.242766708	629899.3625083799
2144526.0759716653	624781.7116441401
2184436.0711494284	619568.8204265168
2225088.7981283693	614258.9164163294
2266498.079273693	608850.1941890006
2308677.994187172	603340.8147206942
2351642.884494346	597728.9047630301
2395407.358720879	592012.5562061524
2439986.29725955	586189.8254299611
2485394.857429798	580258.7326432526
2531648.478631358	574955.175158639
2578762.8875937983	570560.5206855609
2626754.1037238385	566084.0809449609
2675638.4445520453	561524.333899096
2725432.531281028	556879.7291848393
2776153.2944368036	552148.6875865425
2827817.979625338	547329.6004990875
2880444.1533962977	542420.8293809374
2934049.709215787	537420.7051970223
2988652.873550383	532327.5278512435
3044272.2120643063	527139.5656084247
3100926.6359319235	521855.0545055055
3158635.408267819	516472.1977517685
3217418.1506763715	512463.0791175404
3277294.849923382	508478.5199140041
3338285.8647317644	504419.8073856929
3400411.9327037027	500285.56152661657
3463694.1773717343	496074.3766486353
3528154.1153808828	491784.820903517
3593813.6638046256	487415.4357960885
3660695.147596906	482964.7356883332
3728821.30718283	478431.20729426044
3798215.306190736	473813.309165366
3868900.7393279755	469109.4711665304
3940901.6404034477	464318.09394215036
4014242.490499326	460071.4742874688
4088948.226294856	456527.8002893239
4165044.248545185	452918.17791509535
4242556.430717777	449241.37985428405
4321511.127789762	445496.15595593187
4401935.1852088785	441681.23280355876
4483855.948021181	437795.3132821888
4567301.270168747	433837.0761373128
4652299.523960189	429805.17552565347
4738879.609717651	425698.2405575591
4827070.965603188	421514.87483088864
4916903.577628021	417253.65595622105
5008407.989848212	412913.13507322303
5101615.314749833	409716.6843594053
5196557.243827657	406508.9099315571
5293266.058360566	403241.4382757842
5391774.640387494	399913.1584165183
5492116.483887789	396522.938702744
5594325.706169377	393069.6264232306
5698437.0594691355	389552.04741459386
5804485.942768984	385969.0056620688
5912508.413831869	382319.28289285407
6022541.201461928	378601.6381618813
6134621.717992506	374814.80742988613
6248788.072006888	370957.50313361664
6365079.081295578	367568.9083435904
6483534.286054714	364720.1734475267
6604193.962330305	361818.42311031726
6727099.135712336	358862.67070558266
6852291.595284057	355851.91124565684
6979813.907830667	352785.1210398828
7109709.432312423	349661.2573465474
7242022.334607315	346479.25801833416
7376797.60252773	343238.0411411871
7514081.061116962	339936.50466644386
7653919.388230155	336573.52603612916
7796360.130405221	333147.9618012741
7941451.71902934	329658.64723312744
8089243.486805938	327117.576053086
8239785.684528512	324542.158800045
8393129.498166373	321918.81259370205
8549327.066268368	319246.6454680816
8708431.497690724	316524.7488575675
8870496.889654402	313752.1972879851
9035578.34613892	310928.0480619265
9203731.99661823	308051.34093822486
9375015.01514529	305121.0978054625
9549485.639791967	302136.322349401
9727203.192450536	299095.9997142249
9908228.099003786	295999.0961574791
10092621.909870483	293302.5152598265
10280447.320933098	291017.9487752048
10471768.194855202	288690.8661195716
10666649.582795387	286320.47605975013
10865157.746525371	283905.9726375793
11067360.180959744	281446.53489587945
11273325.63710487	278941.32659931877
11483124.14543511	276389.49595008296
11696827.039703846	273790.17529825564
11914506.981197748	271142.4808468078
12136237.983442418	268445.5123510973
12362095.437367693	265698.3528127766
12592156.13694151	262910.2817647984
12826498.3052806	260884.6779587835
13065201.621247198	258821.37732127003
13308347.24654076	256719.67830780928
13556017.853293689	254578.8663180916
13808297.652180923	252398.21345297334
14065272.421052363	250176.97826698414
14327029.534098294	247914.40551622718
14593657.991557576	245609.72590158816
14865248.449978571	243262.15580716595
15141893.25304352	240870.89703383343
15423686.462966273	238435.13652784226
15710723.892474487	235954.04610437536
16003103.137387017	233812.777158765
16300923.609797413	231984.12669793132
16604286.571875297	230121.44474086576
16913295.17029647	228224.09795563272
17228054.471313924	226291.44122388161
17548671.49648152	224322.8174214993
17875255.259042352	222317.5571951818
18207916.800994623	220274.97873484547
18546769.230846975	218194.38754180536
18891927.762076646	216075.07619263776
19243509.75230332	213916.32409864842
19601634.743191857	211717.39726086563
19966424.501097932	209502.11610750086
20338003.0584698	207882.03561450596
20716496.75602067	206231.80514787
21102034.285685964	204550.86361145327
21494746.734379806	202838.63946702174
21894767.628566206	201094.55053991717
22302232.979659364	199318.00382111198
22717281.330269028	197508.39526557983
23140053.80130654	195665.10958691334
23570694.139967278	193787.52004812096
24009348.76860652	191874.9882485286
24456166.83452444	189926.86390671707
24911300.26067791	187942.48463941924
25374903.797335718	186245.08111115848
25847135.07469564	184783.55629434038
26328154.656480197	183294.8322519941
26818126.094530128	181778.4028019045
27317215.98441379	180233.75234171902
27825594.022071257	178660.35567363814
28343433.061513092	177057.67782584144
28870909.173592344	175425.17387059203
29408201.705870606	173762.28873895513
29955493.34359816	172068.45703206846
30512970.171828706	170343.1028289012
31080821.738690637	168585.63949043368
31659241.119835205	166828.238299137
32248424.98408439	165534.22295043315
32848573.66030047	164216.12575590526
33459891.20549975	162873.49854830524
34082585.47423452	161505.8848199158
34716868.189265594	160112.81956733335
35362955.013550386	158693.82913336196
36021065.62357073	157248.43104596453
36691423.78402494	155776.13385421765
37374257.42391064	154276.4369612122
38069798.71402284	152748.83045384553
38778284.14589453	151192.79492944537
39499954.61220647	149607.80131916722
40235055.48869293	148264.09231391398
40983836.717572615	147097.37296450476
41746552.89253134	145908.94076947874
42523463.34528677	144698.39164908443
43314832.23376403	143465.31400357728
44120928.631911896	142209.28857327186
44942026.62119142	140929.88829598823
45778405.38376616	139626.67816184674
46630349.29742726	138299.2150653599
47498148.03228505	136947.04765477148
48382096.649259575	135569.71617859282
49282495.700405136	134166.7523292813
50199651.33110079	132774.3377290431
51133875.38414321	131741.85296936365
52085485.50577665	130690.15349262304
53054805.25369574	129618.88170966742
54042164.20705915	128527.67337654771
55047898.078549676	127416.15747067305
56072348.82852027	126283.95606465895
57115864.78126434	125130.684197828
58178800.74344935	123955.94974531932
59261518.124755524	122759.35328476138
60364385.060758635	121540.48796046442
61487776.53810017	120298.93934508509
62632074.521986924	119034.28529871648
63797668.08606282	117971.73603092751
64984953.54469889	117041.23216969887
66194334.587743886	116093.41147328199
67426222.41778335	115127.95167242744
68681035.88995308	114144.5245004001
69959201.65435374	113142.79558136546
71261154.30111745	112122.4243166974
72587336.50817245	111083.06376917163
73938199.19175874	110024.36054500287
75314201.65974376	108945.95467368775
76715811.76779301	107847.47948561027
78143506.07844542	106728.56148737053
79597770.02314977	105626.4378111638
81079098.06731695	104803.31630687637
82587993.87844272	103964.87637133518
84124970.49736118	103110.83292592801
85690550.51268347	102240.89558668125
87285266.2384837	101354.76856552603
88909659.89529167	100452.15056972721
90564283.79445294	99532.73469944084
92249700.52592173	98596.20834336434
93966483.1495469	97642.25307244569
95715215.38991857	96670.54453161405
97496491.83484097	95680.75232949542
99310918.137498	94672.53992607641
101159111.22238298	93833.06314497454
103041699.49505854	93091.50432088252
104959323.05582266	92336.14496089333
106912633.91734771	91566.72823468581
108902296.22637327	90782.99253228272
110928986.48952228	89984.67137510078
112993393.80332193	89171.49332534456
115096220.0885031	88343.1818937151
117238180.32865997	87499.45544540086
119420002.8133535	86640.0271043184
121642429.3857368	85764.60465557172
123906215.6947913	84872.89044609552
126212131.45225461	84001.2420206273
128560960.69432965	83345.46706754206
130953502.04826704	82677.48803099587
133390569.00390588	81997.0777909191
135872990.19027063	81304.00500049861
138401609.65731302	80598.03400751778
140977287.16289675	79878.9247742324
143600898.46512634	79146.43279575482
146273335.620113	78400.30901692006
148995507.28528506	77640.29974760377
151768339.02834037	76866.14657646521
154592773.64194784	76077.58628308498
157469771.46430898	75274.35074846669
160400310.70568198	74611.59133111543
163385387.78098568	74020.96270940478
166426017.64859018	73419.34238854496
169523234.15541214	72806.52581114466
172678090.38843593	72182.30461296452
175891659.03277326	71546.46655207143
179165032.73638958	70898.79543667349
182499324.48161504	70239.07105161273
185895667.9635688	69567.06908348993
189355217.9756299	68882.56104439522
192879150.80207777	68185.31419421997
196468664.61804405	67475.09146152226
200124979.8969035	66786.1725947851
203849339.82524642	66263.99939001561
207643010.7255779	65732.10845305448
211507282.48687947	65190.31893525219
215443469.00318778	64638.446622334886
219452908.62033114	64076.303871769705
223536964.59097964	63503.69954896454
227697025.53816846	62920.438962279935
231934505.92744273	62326.32379683198
236250846.547794	61721.1520470628
240647515.00154215	61104.717948056685
245126006.20333397	60476.81190557812
249687842.8884332	59837.22042480706
254334576.13046482	59314.28652428917
259067785.8688001	58844.09323431038
263889081.44575077	58365.14956719877
268800102.15376073	57877.2926769471
273802517.7927863	57380.356686956075
278898029.23804396	56874.17263363479
284088369.0183295	56358.56840895097
289375301.9050947	55833.36870191253
294760625.51248586	55298.39493896021
300246170.90855557	54753.46522325039
305833803.23784316	54198.39427280828
311525422.35554785	53632.9933575298
317322963.4734973	53088.788493830434
323228397.81813806	52673.17594799153
329243733.30077755	52249.8287819556
335371015.2002929	51818.60305312479
341612326.8585518	51379.3521401048
347969790.3887688	50931.92669285224
354445567.3970435	50476.1745818942
361041859.71733445	50011.94084660229
367760910.160103	49539.06764250455
374605003.2748981	49057.39418761636
381576466.1271245	48566.75670777296
388677669.0892668	48066.98838094479
395911026.6468467	47557.919280515765
403278998.21937054	47145.513664855906
410784088.99656343	46771.34161154802
418428850.79015756	46390.20615266039
426215882.9015325	46001.97769803037
434147833.0055101	45606.524245800305
442227398.0505897	45203.711337535555
450457325.17594445	44793.40201250697
458840412.64547515	44375.45676112294
467379510.7992463	43949.73347749477
476077523.0226378	43516.087411118904
484937406.7335233	43074.37111766042
493962174.38783056	42624.43440882001
503154894.5038046	42194.73547201533
512518692.70533323	41864.052361853326
522056752.7846986	41527.2151827435
531772317.7850967	41184.10940641565
541668691.1033136	40834.61837320885
551749237.6129117	40478.623252405996
562017384.8083187	40116.00300183031
572476623.970219	39746.634326689404
583130511.3526218	39370.39163765393
593982669.3920338	38987.14700815555
605036787.9391212	38596.77013089076
616296625.5132942	38199.12827351512
627766010.5806513	37794.08623351258
639448842.8556936	37468.9824386353
651349094.6272782	37171.316118779636
663470812.1092337	36868.11017806169
675818116.816111	36559.26152319468
688395206.964551	36244.66514230815
701206358.9007177	35924.21406924293
714255928.5543104	35597.79934718132
727548352.9196217	35265.30999160064
741088151.5641569	34926.63295253756
754879928.1653446	34581.65307614959
768928372.0758306	34230.25306556173
783238259.9179205	33872.31344098393
797814457.2076613	33533.15400956713
812661920.0091946	33270.12056570729
827785696.619849	33002.192024700526
843190929.286625	32729.277287956033
858882855.9546258	32451.283561522596
874866812.0479896	32168.116324537994
891148232.2840202	31879.679297090453
907732652.5210242	31585.87440748283
924625711.6405733	31286.601758887016
941833153.4647961	30981.759595377735
959360828.7093127	30671.2442673349
977214696.9725724	30354.95019620108
995400828.7621539	30032.769838584132
1013925407.5588143	29776.579096040325
1032794731.9189526	29539.83782507965
1052015217.6161569	29298.6907587835
1071593399.8226712	29053.055904550918
1091535935.3313932	28802.849743884824
1111849604.81927	28547.98720399472
1132541315.1528125	28288.38162887082
1153618101.736476	28023.944749820483
1175087130.9048076	27754.58665545544
1196955702.3590453	27480.215761121377
1219231251.6491096	27200.73877775797
1241921352.7017846	26916.06068017943
1265033720.3959012	26648.450055270627
1288576213.185518	26439.277621241374
1312556835.7718453	26226.2124526229
1336983741.8249452	26009.182104962176
1361865236.7560828	25788.11278560242
1387209780.541618	25562.929328593167
1413025990.5995336	25333.55516913261
1439322644.7194095	25099.912317535105
1466108684.0469828	24861.9213327137
1493393216.1242533	24619.501295169124
1521185517.9861019	24372.569779476682
1549495039.3146317	24121.042826260273
1578331405.6521199	23864.834913645693
1607704421.673822	23663.01435923634
1637624074.521689	23474.770974271585
1668100537.2000556	23283.024347881947
1699144172.0346258	23087.709284148314
1730765534.1957276	22888.759373844576
1762975375.2872038	22686.106971857615
1795784647.0020967	22479.683174187114
1829204504.8462899	22269.417794517765
1863246311.9315598	22055.239340354816
1897921642.8391032	21837.074988716147
1933242287.5550432	21614.850561371564
1969220255.4791734	21388.490499621235
2005867779.5082297	21177.39568569589
2043197320.1952705	21011.090905783567
2081221569.9863415	20841.691165619326
2119953457.536069	20669.13886746629
2159406152.1035676	20493.375341683775
2199593068.0300703	20314.340826779277
2240527869.3000183	20131.974449088575
2282224474.1869006	19946.214202078318
2324697059.9856453	19756.99692526303
2367960067.833079	19564.25828272971
2412028207.618002	19367.932741263263
2456916462.98279	19167.953548064113
2502640096.4179215	18964.25270805187
2549214654.4514203	18805.311037025218
2596655972.934872	18655.661266925832
2644980182.4277143	18503.226489141125
2694203713.6818824	18347.95487420412
2744343303.2283683	18189.79362809275
2795415999.067865	18028.688974279165
2847439166.4672475	17864.586135445224
2900430493.8639855	17697.429314857505
2954407998.8803797	17527.16167739588
3009390034.449724	17353.725330229037
3065395295.056536	17177.061303130187
3122442823.0928583	16997.10952842663
3180552015.3329134	16830.639979999585
3239742629.5281954	16698.444119226053
3300034791.1252885	16563.788070989613
3361449000.108775	16426.626050782957
3424006137.9714255	16286.911422041352
3487727474.8141704	16144.596680285587
3552634676.5781393	15999.633436970009
3618749812.411284	15851.97240302997
3686095362.1721687	15701.563372122897
3754694224.0733366	15548.355203557681
3824569722.4669914	15392.29580490618
3895745615.775501	15233.332114291305
3968246104.5694857	15071.410082345461
4042095839.796318	14946.273643427328
4117319931.1616793	14827.328722493912
4193943955.6671777	14706.170216342738
4271993966.306777	14582.75692977622
4351496500.925055	14457.04690094719
4432478591.24041	14328.99738709134
4514967772.036101	14198.564849994273
4598992090.5224285	14065.704941187949
4684580115.873045	13930.372486871805
4771760948.938751	13792.52147255321
4860564232.142149	13652.105027401974
4951020159.556351	13509.075408313809
5043159487.171348	13377.83221680072
5137013543.351338	13272.770738825346
5232614239.486667	13165.754048868015
5329994080.844104	13056.745760101046
5429186177.618942	12945.708808531737
5530224256.192888	12832.605440400124
5633142670.601352	12717.39719934234
5737976414.21414	12600.044913315101
5844761131.633649	12480.508681276702
5953533130.81437	12358.747859620293
6064329395.408049	12234.721048354526
6177187597.338489	12108.38607702717
6292146109.610351	11979.699990386764
6409244019.35647	11881.208277682423
6528521141.127848	11786.687868308698
6650018030.431105	11690.408418033316
6773775997.517745	11592.337190805765
6899837121.430025	11492.440841352101
7028244264.308367	11390.685403837144
7159041085.964888	11287.036280315762
7292272058.728297	11181.458228969128
7427982482.56491	11073.915352122174
7566218500.481063	10964.371084038034
7707027114.212319	10852.788178485236
7850456200.204509	10739.128696073629
7996554525.892329	10635.686364119169
8145371766.280737	10552.2078838031
8296958520.834915	10467.175854763984
8451366330.684739	10380.561365195741
8608647696.149244	10292.33496523868
8768856094.587408	10202.466656966173
8932045998.58096	10110.92588418506
9098272894.455566	10017.681522046283
9267593301.146902	9922.70186646202
9440064789.417603	9825.954623325995
9615746001.432076	9727.406897533088
9794696670.695385	9627.025181794672
9976977642.36321	9524.775345245811
10162650893.929972	9447.280235605525
10351779556.301762	9372.186391047988
10544427935.261662	9295.695037265568
10740661533.334322	9217.780166373783
10940547072.057436	9138.415286477015
11144152514.667904	9057.573412660964
11351547089.20999	8975.227057817485
11562801312.07373	8891.348223298644
11777987011.97118	8805.908389396904
11997177354.358854	8718.878505648154
12220446866.314913	8630.228980954183
12447871461.879063	8539.929673521434
12679528467.864315	8458.424231148341
12915496650.148827	8392.111584914963
13155856240.457052	8324.564849051687
13400688963.639534	8255.761056940517
13650078065.460136	8185.676814550797
13904108340.900667	8114.288292484951
14162866162.991974	8041.57121787626
14426439512.181587	7967.500866135856
14694918006.248201	7892.052052546051
14968392930.772554	7815.199123697289
15246957270.1757	7736.915948765666
15530705739.334583	7657.175910628201
15819734815.786015	7575.951896812751
16114142772.530231	7514.9998893815555
16414029711.444664	7455.35634285617
16719497597.31985	7394.602819781243
17030650292.528427	7332.718663304302
17347593592.339325	7269.682832145367
17670435260.889503	7205.4738934426405
17999285067.824764	7140.070015465136
18334254825.62285	7073.448960189609
18675458427.61074	7005.588075739419
19023011886.689457	6936.464288682677
19377033374.77993	6866.054096186982
19737643263.002552	6794.333558028244
20104964162.604927	6730.135700725322
20479120966.650833	6677.475080661155
20860240892.485046	6623.834437497076
21248453524.988873	6569.195532836435
21643890860.6402	6513.539788862938
22046687352.394028	6456.848282023935
22456979955.397717	6399.101736596247
22874908173.55704	6340.28051813223
23300614106.96929	6280.364626783817
23734242500.23866	6219.333690502376
24175940791.69123	6157.166958111959
24625859163.505444	6093.8432922537
25084150592.775414	6029.341162198921
25550970903.525124	5981.421670087679
26026478819.690044	5934.065592306445
26510836019.085308	5885.828209859782
27004207188.377697	5836.693121517897
27506760079.080673	5786.643620821342
28018665564.59201	5735.6626904006
28540097698.292374	5683.732996190031
29071233772.725693	5630.8368815340555
29612254379.880314	5576.95636118373
30163343472.591972	5522.073115181593
30724688427.090096	5466.168482632644
31296480106.707504	5409.223455359463
31878912926.77636	5358.679406775166
32472184920.731255	5316.875962280046
33076497807.442425	5274.2945485697655
33692057059.802742	5230.920687504854
34319071974.590427	5186.739631505214
34957755743.632645	5141.736358535748
35608325526.29274	5095.895566998736
36271002523.30648	5049.201670531136
36946012051.993095	5001.638792705027
37633583622.865326	4953.1907616294775
38333951017.6659	4903.84110445189
39047352368.85556	4853.573041757078
39774030240.58036	4802.369481862104
40514231711.14655	4764.7156029456055
41268208457.02952	4727.1313339777225
42036216838.44701	4688.847615369159
42818517986.52406	4649.851430243079
43615377892.080055	4610.129519476368
44427067496.06892	4569.668377191368
45253862781.70167	4528.454246163748
46096044868.284195	4486.473113144874
46953900106.80053	4443.710704097169
47827720177.27485	4400.152479340806
48717802187.94641	4355.783628610034
49624448776.28914	4310.589066017548
50547968211.912254	4270.815248977963
51488674501.37487	4237.645901736705
52446887494.95119	4203.859267299325
53422932995.38363	4169.443857846067
54417142868.658875	4134.387971766903
55429855156.84652	4098.679689682839
56461414193.036606	4062.306870393205
57512170718.41614	4025.257146747537
58582482001.525475	3987.5179214405916
59672711959.7331	3949.0763627291376
60783231282.972115	3909.919400069003
61914417559.77835	3870.0337196709634
63066655405.67406	3829.405759973929
64240336593.94204	3799.8365862470605
65435860188.83229	3770.0228720942205
66653632681.24893	3739.6543196480143
67894068126.96099	3708.7206032733866
69157588287.38525	3677.2112051734703
70444622772.99051	3645.1154118134023
71755609189.36922	3612.422310277619
73090993286.02888	3579.120784559329
74451229107.95128	3545.1995117809606
75836779149.97191	3510.6469583442786
77248114514.03416	3475.451376008817
78685715069.36842	3439.600797897362
80150069615.6538	3408.3210860640793
81641676049.21454	3382.016929354109
83161041532.30962	3355.2232478119568
84708682665.57419	3327.9309312972
86285125663.66887	3300.1307001281593
87890906534.19963	3271.8131019266802
89526571259.96382	3242.9685084042703
91192675984.59299	3213.587112088321
92889787201.64516	3183.658922987513
94618481947.21991	3153.1737651950843
96379347996.15794	3122.121273428901
98172984061.88821	3090.490889507188
100000000000.0	3058.2718587585864
