# Frequency (Hz)	Imaginary Part (Ohm/m)
1000.0	61813051.56874973
1018.6101701559753	61673007.50689275
1037.566678745186	61530357.201215275
1056.875971184804	61385052.14907634
1076.5446128423157	61237042.94519255
1096.5792912678098	61086279.26483989
1116.9868184678226	60932709.846742496
1137.7741332214914	60776282.47564355
1158.9483034398106	60616943.96455141
1180.5165285688054	60454640.136655435
1202.4861420374123	60289315.80690535
1224.8646137509306	60120914.7632477
1247.6595526308697	59949379.74751314
1270.8787092020582	59788801.077098
1294.529978227916	59638817.11968281
1318.6214013947485	59486041.93529945
1343.1611700460153	59330423.57873913
1368.1576279674719	59171909.13808379
1393.619274224142	59010444.71671573
1419.5547660501015	58845975.414991826
1445.9729217920194	58678445.31157743
1472.882723907502	58507797.444432236
1500.2933220192183	58333973.791442715
1528.2140360258693	58156915.25069395
1556.654359271062	57976561.62037425
1585.6239617711371	57793622.49655328
1615.132693503091	57637623.43498718
1645.1905877536624	57478721.20434118
1675.807864530767	57316861.77614468
1706.9949340384078	57151990.11644811
1738.7624002162504	56984050.167110674
1771.1210643450886	56812984.826740086
1804.0819287193826	56638735.931277424
1837.6562003881704	56461244.234220706
1871.8552949655793	56280449.38648047
1906.690840512252	56096289.91586048
1942.1746814890264	55908703.20615642
1978.3188827841643	55717625.47586576
2015.1357338155585	55541382.179990396
2052.6377527092523	55377829.82648446
2090.8376905557498	55211233.73585036
2129.748535745521	55041537.26362223
2169.3835183851843	54868682.71117109
2209.756114795903	54692611.306086555
2250.880052095462	54513263.18219384
2292.7693128656488	54330577.359198324
2335.438139906479	54144491.72195175
2378.9010410788933	53954942.99933245
2423.1727942376006	53761866.74273237
2468.2684522556924	53565197.30414385
2514.2033481427966	53366719.245841846
2560.9931002584594	53200050.931486905
2608.6536176225477	53030280.89144223
2657.2011053245064	52857351.40206494
2706.652070033241	52681203.66546534
2757.0233256095826	52501777.78951504
2808.3319988231724	52319012.76748291
2860.5955351757416	52132846.4572922
2913.831704832789	51943215.56039154
2968.0586086656026	51750055.60023273
3023.2946844057765	51553300.900348045
3079.5587129142264	51352884.5620195
3136.8698245668766	51148738.44153263
3195.2475057592133	50963199.97711694
3254.711605531848	50791797.54633744
3315.282342319423	50617205.28715599
3376.9803108250912	50439363.83632326
3439.8264890229243	50258212.725829735
3503.8422452906757	50073690.36234598
3569.0493456752292	49885734.00628022
3635.4699612933177	49694279.75044618
3703.126675869927	49499262.49833396
3772.0424934169973	49300615.941976614
3842.240846055061	49098272.53940453
3913.745601980384	48892163.49168065
3986.581073580439	48685357.30505386
4060.7720257003657	48513770.67873975
4136.343684063274	48338990.79611346
4213.321743847289	48160958.230131656
4291.732378422157	47979612.44780363
4371.602248248501	47794891.78960942
4452.958509942655	47606733.44853486
4535.828825510186	47415073.44871666
4620.241371751313	47219846.62368973
4706.224849841281	47020986.59423007
4793.808495089106	46818425.74578492
4883.02208687788	46612095.20548327
4973.895958790063	46401924.81871823
5066.461008921268	46213560.77556266
5160.7487103859075	46039915.52502187
5256.791122018419	45863038.706821784
5354.620899273607	45682870.1809383
5454.271305329836	45499348.68813138
5555.7762223988775	45312411.829116076
5659.170163246242	45121996.04334605
5764.488282925873	44928036.58740247
5871.766390733255	44730467.5129804
5981.040962380945	44529221.64446579
6092.349152400711	44324230.55609492
6205.7288067765	44115424.548689045
6321.218475812449	43907214.092823066
6438.8574272404185	43735836.0232476
6558.685659571435	43561268.578636326
6680.743915695614	43383452.40417714
6805.073696735206	43202327.04045479
6931.717276155407	43017830.902894005
7060.717714137772	42829901.2608201
7192.118872221193	42638474.21612983
7325.96542821523	42443484.68156544
7462.302891391108	42244866.35858416
7601.17761795533	42042551.71481609
7742.636826811269	41836471.96110247
7886.728615614156	41626557.02810654
8033.501977124735	41440789.76017017
8183.00681586739	41269478.253587045
8335.293965098195	41094978.61071673
8490.415204088747	40917231.49980043
8648.423275731726	40736176.48490525
8809.37190447399	40551752.00537528
8973.31581458352	40363895.35490033
9140.310748756232	40172542.660195105
9310.413487069076	39977628.85928162
9483.681866285926	39779087.67936737
9660.174799522645	39576851.61431197
9839.952296278227	39370851.90167421
10023.075482838643	39166762.40487558
10209.606623060476	38999454.94583198
10399.609139541202	38829033.866507225
10593.1476351837	38655441.22189808
10790.287915161836	38478617.98863494
10991.097009294961	38298504.04491323
11195.643194838794	38115038.150051385
11403.99601970033	37928157.923668355
11616.22632608502	37737799.824473545
11832.40627458378	37543899.12866216
12052.609368708414	37346389.907908365
12276.910479883603	37145205.00694893
12505.385872903913	36940276.020749874
12738.113231864783	36760966.174223445
12975.171686575868	36595210.641412415
13216.641839466038	36426370.36993146
13462.60579298911	36254387.952269055
13713.147177539455	36079204.912550144
13968.351179887397	35900761.686653614
14228.30457214352	35718997.60195997
14493.09574126215	35533850.85672193
14762.81471909391	35345258.49905117
15037.553212997384	35153156.40551405
15317.404637020798	34957479.25932889
15602.46414366368	34758160.528157584
15892.828656229764	34561984.4188359
16188.596901781993	34401345.304291
16489.86944471065	34237716.66849073
16796.74872092653	34071042.875935815
17109.339072690134	33901267.255740926
17427.746784089173	33728332.08236587
17752.08011717636	33552178.555988334
18082.44934877952	33372746.78251135
18418.96680799711	33189975.753198575
18761.746914391195	33003803.32393071
19110.90621689136	32814166.19407581
19466.56343342263	32620999.884966407
19828.83949127071	32424238.71797609
20197.857568198782	32253891.95887403
20573.743134329114	32095838.671456173
20956.623994804308	31934843.985465772
21346.630333242454	31770853.160974853
21743.8947560008	31603810.439336166
22148.55233726359	31433659.024224456
22560.74066496859	31260341.06232524
22980.599887588487	31083797.623663995
23408.272761782944	30903968.681569323
23843.904700937208	30720793.09226332
24287.643824604504	30534208.57407191
24739.64100886812	30344151.686248485
25200.049937640895	30158352.51969209
25669.027154919517	30006182.78606711
26146.732118010917	29851181.1478068
26633.327251749808	29693294.902684007
27128.978003724646	29532470.367674198
27633.852900531667	29368652.860702593
28148.123605075813	29201786.6820517
28671.964974937695	29031815.095422868
29205.55512182745	28858680.308645178
29749.075472144435	28682323.454025622
30302.71082866393	28502684.568333466
30866.649433372742	28319702.572411902
31441.08303147265	28133315.25041079
32026.206936576502	27973694.92454486
32622.220097116733	27824974.756425947
33229.325163989684	27673486.880672738
33847.72855945983	27519179.789775174
34477.640547344636	27362001.01765974
35119.275304507275	27201897.121850327
35772.850993678774	27038813.665297255
36438.58983763541	26872695.19786814
37116.71819475767	26703485.237494085
37807.466635993485	26531126.250965394
38511.070023255685	26355559.6343695
39227.76758927723	26176725.693165027
39957.803018952654	26003146.89625987
40701.42453219439	25860989.173323102
41458.88496832911	25716185.870973513
42230.441872066716	25568687.75452806
43016.35758106799	25418444.67303784
43816.89931514194	25265405.542236358
44632.33926710397	25109518.327170134
45462.95469532399	24950730.02450638
46309.02801799736	24788986.644511282
47170.84690917023	24624233.19269285
48048.704396551344	24456413.651102316
48942.89896114532	24285470.959287286
49853.73463873894	24111346.99489065
50781.5211232767	23964020.365625314
51726.57387216024	23826184.67457932
52689.21421350677	23685783.837869402
53669.76945540476	23542770.117698282
54668.57299720181	23397094.88786014
55685.96444286408	23248708.617207192
56722.28971644549	23097560.852808576
57777.90117970507	22943600.202795815
58853.1577519145	22786774.31888899
59948.42503189408	22627029.878597803
61064.07542232036	22464312.567091323
62200.48825634718	22298567.05873037
63358.04992658254	22138941.905424967
64537.15401646702	22008345.799065486
65738.20143409586	21875319.276944958
66961.60054853215	21739817.1086125
68207.76732865692	21601793.221870854
69477.1254846024	21461200.68711137
70770.10661181889	21317991.701357357
72087.15033782135	21172117.572010603
73428.70447166759	21023528.70029534
74795.22515621828	20872174.564394157
76187.17702322999	20718003.702270065
77605.0333513357	20560963.69416875
79049.2762269642	20401001.14479537
80520.39670825469	20267505.294201773
82018.8949920221	20142101.995895017
83545.28058382872	20014364.920868676
85100.07247122246	19884250.637140863
86683.79930019773	19751714.904453155
88296.99955494082	19616712.65922838
89940.22174092053	19479197.99924852
91614.0245713852	19339124.168047503
93318.9771573324	19196443.53901344
95055.65920101192	19051107.599195093
96824.66119303115	18903066.932806946
98626.5846131283	18752271.2044273
100462.04213468132	18608277.685067944
102331.65783302448	18490697.245924607
104236.06739764012	18370928.614801805
106175.9183482999	18248931.06907446
108151.87025522892	18124663.1282625
110164.59496336569	17998082.53992711
112214.77682079801	17869146.265304357
114303.11291144785	17737810.4646716
116430.31329208757	17604030.48244149
118597.10123376705	17467760.8319786
120804.21346773289	17328955.180133518
123052.40043592616	17187566.33148899
125342.42654613995	17043546.21231303
127675.07043192645	16925175.292497333
130051.12521734099	16813507.051949542
132471.39878661174	16699760.646444153
134936.71405883064	16583897.400977673
137447.90926775365	16465877.920798242
140005.8382468096	16345662.07801095
142611.37071941295	16223208.997933924
145265.39259467812	16098477.045200562
147968.80626863963	15971423.809602946
150722.53093107554	15842006.091671987
153527.5028780421	15710179.887989134
156384.67583022476	15575900.376224717
159295.0212572123	15448851.662382958
162259.5287078087	15345327.482710222
165279.2061464897	15239876.70043851
168355.08029612005	15132463.461165663
171488.19698705408	15023051.243232919
174679.62151272455	14911602.84530732
177930.43899185772	14798080.373732712
181241.75473742394	14682445.229645554
184614.69463245454	14564658.095850961
188050.40551285836	14444678.923454233
191550.0555573528	14322466.918244043
195114.83468466165	14197980.526821788
198745.9549580986	14071177.422473049
202444.65099768018	13968627.404176166
206212.18039991445	13871416.624270245
210049.8241653915	13772396.735209292
213958.88713434213	13671534.069164088
217940.6984302958	13568794.331741385
221996.61191199525	13464142.590323493
226128.00663372793	13357543.262190666
230336.2873142131	13248960.102422789
234622.88481422624	13138356.191575557
238989.25662310526	13025693.92312753
243436.8873543108	12910934.990693554
247967.289250216	12794040.375000035
252582.00269627848	12684502.522301685
257282.59674479323	12595374.063461503
262070.66964838552	12504586.908836557
266947.8494034318	12412110.189816078
271915.7943036019	12317912.463319143
276976.1935036891	12221961.70110381
282130.76759394706	12124225.278877048
287381.2691851069	12024669.965202203
292729.4835042813	11923261.910199957
298177.22900196735	11819966.634038912
303726.3579703311	11714749.01521221
309378.75717301364	11607573.278595736
315136.34848664823	11498402.98328423
321001.08955431683	11411538.347020976
326974.97445117676	11328725.422619555
333060.03436245886	11244371.335603917
339258.33827409917	11158447.404675564
345571.9936762143	11070924.414772157
352003.1472796675	10981772.607134106
358553.9857459817	10890961.669186177
365226.7364308175	10798460.724231027
372023.6681413066	10704238.320950672
378947.09190746717	10608262.422712754
385999.36176797637	10510500.396677775
393182.87557057705	10410919.002703471
400500.07578736113	10318518.697836028
407953.45034524484	10243336.277528223
415545.53347188793	10166754.699585743
423278.90655735444	10088747.92544696
431156.19903182285	10009289.431968112
439180.0892596086	9928352.202405296
447353.3054498463	9845908.717228364
455678.6265841068	9761930.944764031
464158.8833612772	9676390.331664834
472796.9591600391	9589257.793200593
481595.79101923504	9500503.703369424
490558.37063650455	9410097.884824455
499687.7453854889	9318009.598613264
508987.0193519675	9245879.502876814
518459.3543892913	9176650.970995896
528107.971193433	9106134.08435703
537936.1503980698	9034304.866458945
547947.2336900292	8961138.894593598
558144.6249454955	8886611.291542228
568531.7913873753	8810696.71711674
579112.2647641759	8733369.359543879
589889.6425508494	8654602.926688878
600867.5891719692	8574370.637115858
612049.837247669	8492645.210981898
623440.1888627863	8409398.860761497
635042.5168595961	8332909.284591684
646860.7661546321	8270564.594807312
658898.9550799957	8207059.659737725
671161.1767496272	8142372.887020763
683651.6004510238	8076482.282456683
696374.4730628222	8009365.442529993
709334.1204987989	7940999.546791936
722534.9491787221	7871361.350101319
735981.4475265755	7800427.174720951
749678.1874966878	7728172.902266862
763629.8261282243	7654573.965507919
777841.1071286482	7579605.3400125895
792316.8624866261	7503241.535640427
807062.0141149492	7444304.221391482
822081.575524054	7387302.5682897745
837380.6535266489	7329240.104724679
852964.4499741016	7270097.088832957
868838.2635251193	7209853.411351949
885007.4914473438	7148488.5887822015
901477.6314524917	7085981.756422845
918254.2835656281	7022311.661277369
935343.1520292377	6957456.654827382
952750.0472427299	6891394.685671894
970480.8877380306	6824103.292029587
988541.7021919573	6755559.594101564
1006938.6314760271	6693182.403003459
1025677.9307444209	6642162.817797713
1044765.9715608053	6590193.749429995
1064209.2440647245	6537257.527857113
1084014.359178331	6483336.154193343
1104188.0508541602	6428411.294590649
1124737.1783647507	6372464.274004954
1145668.7286348727	6315476.069846433
1166989.8186171474	6257427.305511646
1188707.6977119034	6198298.243795241
1210829.7502320393	6138068.780179135
1233363.4979137746	6076718.435996728
1256316.6024741214	6014226.351469951
1279696.8682159416	5966650.902550008
1303512.2446815087	5920247.183214781
1327770.829355429	5872979.882766856
1352480.8704178738	5824832.929814781
1377650.769549055	5775789.95387577
1403289.084785873	5725834.279809589
1429404.533431761	5674948.922148773
1456005.9950206485	5623116.579323446
1483102.514336103	5570319.627778555
1510703.3044866556	5516540.115981693
1538817.7500383465	5461759.75831939
1567455.410205595	5405959.928879787
1596626.022101425	5355654.6171688745
1626339.5040481905	5314303.346986307
1656605.9589499151	5272182.522629472
1687435.6777273756	5229277.822564252
1718839.1428171454	5185574.658730325
1750827.0317357269	5141058.1715810895
1783410.220710006	5095713.225031273
1816599.7883753285	5049524.401310437
1850407.019542302	5002475.995720861
1884843.4090337954	4954552.011297692
1919920.6655932867	4905736.153369851
1955650.715865947	4856011.824019675
1992045.7084538713	4805362.116439389
2029118.0180466783	4767289.932636021
2066880.2496290822	4729817.659671527
2105345.242766708	4691648.02133103
2144526.0759716653	4652768.039526231
2184436.0711494284	4613164.494644376
2225088.7981283693	4572823.921053492
2266498.079273693	4531732.602523895
2308677.994187172	4489876.567564524
2351642.884494346	4447241.5846725125
2395407.358720879	4403813.157494273
2439986.29725955	4359576.519896647
2485394.857429798	4314516.6309462
2531648.478631358	4274264.579992059
2578762.8875937983	4240973.464023722
2626754.1037238385	4207062.794722526
2675638.4445520453	4172521.0420955354
2725432.531281028	4137336.4615746713
2776153.2944368036	4101497.0900234426
2827817.979625338	4064990.741669371
2880444.1533962977	4027805.003960648
2934049.709215787	3989927.233345795
2988652.873550383	3951344.55097467
3044272.2120643063	3912043.83831954
3100926.6359319235	3872011.732714656
3158635.408267819	3831234.622812755
3217418.1506763715	3800948.170911568
3277294.849923382	3770854.988382012
3338285.8647317644	3740201.7666050424
3400411.9327037027	3708978.0831549824
3463694.1773717343	3677173.321643012
3528154.1153808828	3644776.6681075385
3593813.6638046256	3611777.107337285
3660695.147596906	3578163.419126021
3728821.30718283	3543924.174457583
3798215.306190736	3509047.731619845
3868900.7393279755	3473522.2322464664
3940901.6404034477	3437335.5972848726
4014242.490499326	3405299.7631981033
4088948.226294856	3378618.6529901316
4165044.248545185	3351441.0027812347
4242556.430717777	3323757.571877512
4321511.127789762	3295558.947614172
4401935.1852088785	3266835.542155123
4483855.948021181	3237577.5892330264
4567301.270168747	3207775.1408286295
4652299.523960189	3177418.063788365
4738879.609717651	3146496.0363789434
4827070.965603188	3114998.54477786
4916903.577628021	3082914.8794986024
5008407.989848212	3050234.131749263
5101615.314749833	3026237.0112378127
5196557.243827657	3002158.667960138
5293266.058360566	2977632.222616989
5391774.640387494	2952649.335952687
5492116.483887789	2927201.5135165704
5594325.706169377	2901280.1027748208
5698437.0594691355	2874876.290168484
5804485.942768984	2847981.098116775
5912508.413831869	2820585.381964611
6022541.201461928	2792679.8268733057
6134621.717992506	2764254.944653456
6248788.072006888	2735301.070538832
6365079.081295578	2709895.2303789123
6483534.286054714	2688575.4909971897
6604193.962330305	2666858.9876378872
6727099.135712336	2644738.3364558774
6852291.595284057	2622206.01619141
6979813.907830667	2599254.3656128086
7109709.432312423	2575875.5809115847
7242022.334607315	2552061.7130490257
7376797.60252773	2527804.665053475
7514081.061116962	2503096.1892672456
7653919.388230155	2477927.8845423367
7796360.130405221	2452291.193383965
7941451.71902934	2426177.399040895
8089243.486805938	2407213.5344336317
8239785.684528512	2387994.30024974
8393129.498166373	2368417.392847416
8549327.066268368	2348476.1558672115
8708431.497690724	2328163.8090736796
8870496.889654402	2307473.446050057
9035578.34613892	2286398.0318499743
9203731.99661823	2264930.4006055174
9375015.01514529	2243063.253090759
9549485.639791967	2220789.154239925
9727203.192450536	2198100.530619407
9908228.099003786	2174989.6678527053
10092621.909870483	2154889.015962113
10280447.320933098	2137886.4602736677
10471768.194855202	2120567.4841307737
10666649.582795387	2102926.198894934
10865157.746525371	2084956.6063390842
11067360.180959744	2066652.5966081352
11273325.63710487	2048007.946141559
11483124.14543511	2029016.3155573003
11696827.039703846	2009671.2474963295
11914506.981197748	1989966.1644270646
12136237.983442418	1969894.3664089413
12362095.437367693	1949449.0288143663
12592156.13694151	1928699.688675095
12826498.3052806	1913662.8182746507
13065201.621247198	1898346.1091574412
13308347.24654076	1882744.3534773288
13556017.853293689	1866852.246469279
13808297.652180923	1850664.3846456727
14065272.421052363	1834175.263959068
14327029.534098294	1817379.2779307626
14593657.991557576	1800270.715744532
14865248.449978571	1782843.7603048927
15141893.25304352	1765092.4862592216
15423686.462966273	1747010.857983075
15710723.892474487	1728592.7275280117
16003103.137387017	1712713.9197632913
16300923.609797413	1699171.3567795837
16604286.571875297	1685376.7643944016
16913295.17029647	1671325.4522976985
17228054.471313924	1657012.6428919614
17548671.49648152	1642433.4696677725
17875255.259042352	1627582.9755491489
18207916.800994623	1612456.1112080775
18546769.230846975	1597047.7333476925
18891927.762076646	1581352.602953498
19243509.75230332	1565365.3835120455
19601634.743191857	1549080.6391964685
19966424.501097932	1532675.7591364586
20338003.0584698	1520704.2164799445
20716496.75602067	1508509.8813775629
21102034.285685964	1496088.6076239857
21494746.734379806	1483436.171852302
21894767.628566206	1470548.2720980193
22302232.979659364	1457420.5263363568
22717281.330269028	1444048.4709923049
23140053.80130654	1430427.5594229645
23570694.139967278	1416553.1603716398
24009348.76860652	1402420.5563931577
24456166.83452444	1388024.9422498897
24911300.26067791	1373361.4232779138
25374903.797335718	1360830.368800983
25847135.07469564	1350052.3521404888
26328154.656480197	1339073.7547559992
26818126.094530128	1327890.8438061096
27317215.98441379	1316499.8169806027
27825594.022071257	1304896.8012076232
28343433.061513092	1293077.8513367854
28870909.173592344	1281038.948797787
29408201.705870606	1268776.0002340463
29955493.34359816	1256284.8361109188
30512970.171828706	1243561.2092980158
31080821.738690637	1230600.7936251229
31659241.119835205	1217641.9324313595
32248424.98408439	1208116.926256488
32848573.66030047	1198414.6580959647
33459891.20549975	1188531.8290740761
34082585.47423452	1178465.0789224678
34716868.189265594	1168210.9848376203
35362955.013550386	1157766.0603170586
36021065.62357073	1147126.7539739013
36691423.78402494	1136289.4483293577
37374257.42391064	1125250.4585827368
38069798.71402284	1114006.0313585813
38778284.14589453	1102552.3434304784
39499954.61220647	1090885.5004211178
40235055.48869293	1081002.9422413332
40983836.717572615	1072429.4673874155
41746552.89253134	1063696.438707639
42523463.34528677	1054800.8868781542
43314832.23376403	1045739.7873154909
44120928.631911896	1036510.0591481669
44942026.62119142	1027108.5641691557
45778405.38376616	1017532.1057688646
46630349.29742726	1007777.4278482524
47498148.03228505	997841.2137117198
48382096.649259575	987720.0849394011
49282495.700405136	977410.6002384591
50199651.33110079	967179.6440503987
51133875.38414321	959604.2191657177
52085485.50577665	951887.8143349282
53054805.25369574	944027.805897246
54042164.20705915	936021.5213651108
55047898.078549676	927866.2385155159
56072348.82852027	919559.18446442
57115864.78126434	911097.5347239368
58178800.74344935	902478.4122419844
59261518.124755524	893698.8864240478
60364385.060758635	884755.9721367501
61487776.53810017	875646.6286928757
62632074.521986924	866367.7588175006
63797668.08606282	858577.3418254695
64984953.54469889	851759.6204707073
66194334.587743886	844815.0201614572
67426222.41778335	837741.1796587866
68681035.88995308	830535.6937807042
69959201.65435374	823196.112584375
71261154.30111745	815719.9405331088
72587336.50817245	808104.6356478529
73938199.19175874	800347.608642892
75314201.65974376	792446.2220454651
76715811.76779301	784397.7892989919
78143506.07844542	776199.5738496179
79597770.02314977	768125.2451906926
81079098.06731695	762101.8151088028
82587993.87844272	755966.2879681671
84124970.49736118	749716.5776234474
85690550.51268347	743350.559105787
87285266.2384837	736866.0679002966
88909659.89529167	730260.8992100968
90564283.79445294	723532.807206664
92249700.52592173	716679.5042662222
93966483.1495469	709698.6601919284
95715215.38991857	702587.9014215795
97496491.83484097	695344.8102205755
99310918.137498	687966.9238598666
101159111.22238298	681827.5267763251
103041699.49505854	676406.9930309064
104959323.05582266	670885.582230148
106912633.91734771	665261.4170348863
108902296.22637327	659532.5851683557
110928986.48952228	653697.1387659953
112993393.80332193	647753.0937131508
115096220.0885031	641698.4289704567
117238180.32865997	635531.0858866639
119420002.8133535	629248.9674986711
121642429.3857368	622849.9378185396
123906215.6947913	616331.8211072272
126212131.45225461	609961.0223518457
128560960.69432965	605172.2726172553
130953502.04826704	600294.4034352697
133390569.00390588	595325.7562778097
135872990.19027063	590264.6417513046
138401609.65731302	585109.339022281
140977287.16289675	579858.095232265
143600898.46512634	574509.1249017861
146273335.620113	569060.6093232989
148995507.28528506	563510.6959427985
151768339.02834037	557857.497729935
154592773.64194784	552099.0925364045
157469771.46430898	546233.5224423954
160400310.70568198	541396.1705884705
163385387.78098568	537086.8984558634
166426017.64859018	532697.4300356192
169523234.15541214	528226.2728611797
172678090.38843593	523671.9066909298
175891659.03277326	519032.7829913
179165032.73638958	514307.3244102454
182499324.48161504	509493.9242409316
185895667.9635688	504590.9458754378
189355217.9756299	499596.7222482911
192879150.80207777	494509.5552696474
196468664.61804405	489327.7152479193
200124979.8969035	484301.77418438153
203849339.82524642	480494.8461488814
207643010.7255779	476617.0705348691
211507282.48687947	472667.1288568543
215443469.00318778	468643.67809210526
219452908.62033114	464545.3502240093
223536964.59097964	460370.751776933
227697025.53816846	456118.4633424238
231934505.92744273	451787.0390965969
236250846.547794	447375.0063085376
240647515.00154215	442880.86483955773
245126006.20333397	438303.08663313516
249687842.8884332	433640.1151953547
254334576.13046482	429829.1258681317
259067785.8688001	426403.3934660463
263889081.44575077	422913.9076010486
268800102.15376073	419359.48181034636
273802517.7927863	415738.9075508724
278898029.23804396	412050.95378836815
284088369.0183295	408294.3665788162
289375301.9050947	404467.8686420881
294760625.51248586	400570.15892765584
300246170.90855557	396599.9121722192
305833803.23784316	392555.778449104
311525422.35554785	388436.38270926784
317322963.4734973	384471.7254930026
323228397.81813806	381445.32027115097
329243733.30077755	378362.5931331598
335371015.2002929	375222.49591858685
341612326.8585518	372023.96096054435
347969790.3887688	368765.9007226821
354445567.3970435	365447.2074294149
361041859.71733445	362066.7526892645
367760910.160103	358623.38711119595
374605003.2748981	355115.93991381046
381576466.1271245	351543.2185272676
388677669.0892668	347904.00818780134
395911026.6468467	344197.07152468426
403278998.21937054	341194.86302170844
410784088.99656343	338471.444469818
418428850.79015756	335697.34263527044
426215882.9015325	332871.61429355183
434147833.0055101	329993.2986665793
442227398.0505897	327061.4170960268
450457325.17594445	324074.9727105693
458840412.64547515	321032.9500869364
467379510.7992463	317934.31490465923
476077523.0226378	314778.01359438867
484937406.7335233	311562.97297967103
493962174.38783056	308288.09991205536
503154894.5038046	305160.7057529296
512518692.70533323	302754.6688786176
522056752.7846986	300303.855248673
531772317.7850967	297807.4315600552
541668691.1033136	295264.5490018109
551749237.6129117	292674.3429664703
562017384.8083187	290035.93275607296
572476623.970219	287348.4212827189
583130511.3526218	284610.89476355026
593982669.3920338	281822.4224100533
605036787.9391212	278982.056111582
616296625.5132942	276088.83011299075
627766010.5806513	273141.76068626606
639448842.8556936	270776.7107304368
651349094.6272782	268611.4521080898
663470812.1092337	266405.8976543488
675818116.816111	264159.2974569354
688395206.964551	261870.8876475757
701206358.9007177	259539.89014227767
714255928.5543104	257165.51237677288
727548352.9196217	254746.94703703705
741088151.5641569	252283.3717847953
754879928.1653446	249773.94897791732
768928372.0758306	247217.82538561063
783238259.9179205	244614.1318983108
797814457.2076613	242147.1168354089
812661920.0091946	240234.07625837217
827785696.619849	238285.43367068158
843190929.286625	236300.52651286128
858882855.9546258	234278.67989508968
874866812.0479896	232219.20636773258
891148232.2840202	230121.4056875991
907732652.5210242	227984.564579855
924625711.6405733	225807.9564955001
941833153.4647961	223590.84136433186
959360828.7093127	221332.46534331774
977214696.9725724	219032.06056027586
995400828.7621539	216688.844852794
1013925407.5588143	214825.63532102728
1032794731.9189526	213103.90443839077
1052015217.6161569	211350.131851066
1071593399.8226712	209563.7212574758
1091535935.3313932	207744.0652587705
1111849604.81927	205890.5451523043
1132541315.1528125	204002.53072126888
1153618101.736476	202079.38002041535
1175087130.9048076	200120.43915778285
1196955702.3590453	198125.04207237135
1219231251.6491096	196092.51030767206
1241921352.7017846	194022.15278098377
1265033720.3959012	192075.89749258902
1288576213.185518	190554.57536518524
1312556835.7718453	189004.9411741285
1336983741.8249452	187426.46802709685
1361865236.7560828	185818.6192262121
1387209780.541618	184180.8480855581
1413025990.5995336	182512.59774529966
1439322644.7194095	180813.3009823462
1466108684.0469828	179082.3800174891
1493393216.1242533	177319.24631894904
1521185517.9861019	175523.3004022718
1549495039.3146317	173693.93162649393
1578331405.6521199	171830.5179865207
1607704421.673822	170362.48294204287
1637624074.521689	168993.13817604506
1668100537.2000556	167598.3096709501
1699144172.0346258	166177.5231700367
1730765534.1957276	164730.29559058597
1762975375.2872038	163256.13485962752
1795784647.0020967	161754.53974662838
1829204504.8462899	160224.99969307124
1863246311.9315598	158666.9946388567
1897921642.8391032	157079.99484547938
1933242287.5550432	155463.4607159102
1969220255.4791734	153816.8426111263
2005867779.5082297	152281.16455179526
2043197320.1952705	151071.04090629995
2081221569.9863415	149838.3966538522
2119953457.536069	148582.812682125
2159406152.1035676	147303.86207903846
2199593068.0300703	146001.1099876077
2240527869.3000183	144674.11345808406
2282224474.1869006	143322.4212973496
2324697059.9856453	141945.5739155057
2367960067.833079	140543.10316960653
2412028207.618002	139114.53220448774
2456916462.98279	137659.37529062794
2502640096.4179215	136177.13765899747
2549214654.4514203	135020.21002330884
2596655972.934872	133930.79180960386
2644980182.4277143	132821.0993375711
2694203713.6818824	131690.75529981276
2744343303.2283683	130539.3753671769
2795415999.067865	129366.56805808055
2847439166.4672475	128171.934605402
2900430493.8639855	126955.06882089509
2954407998.8803797	125715.55695708124
3009390034.449724	124452.97756657146
3065395295.056536	123166.90135876888
3122442823.0928583	121856.8910539058
3180552015.3329134	120644.84868200507
3239742629.5281954	119681.9088716133
3300034791.1252885	118701.0485875001
3361449000.108775	117701.93432660041
3424006137.9714255	116684.22637930031
3487727474.8141704	115647.57871393186
3552634676.5781393	114591.63885911887
3618749812.411284	113516.04778393336
3686095362.1721687	112420.43977582036
3754694224.0733366	111304.4423162524
3824569722.4669914	110167.67595406823
3895745615.775501	109009.75417645594
3968246104.5694857	107830.28327753501
4042095839.796318	106918.213182719
4117319931.1616793	106051.11472981755
4193943955.6671777	105167.87942716561
4271993966.306777	104268.20696524334
4351496500.925055	103351.7914457201
4432478591.24041	102418.3212774449
4514967772.036101	101467.47907050283
4598992090.5224285	100498.94152829805
4684580115.873045	99512.37933763016
4771760948.938751	98507.45705672452
4860564232.142149	97483.8330011777
4951020159.556351	96441.1591277816
5043159487.171348	95484.1537407408
5137013543.351338	94717.50374412545
5232614239.486667	93936.58626062301
5329994080.844104	93141.13576987482
5429186177.618942	92330.88181014333
5530224256.192888	91505.54888635167
5633142670.601352	90664.85637641276
5737976414.21414	89808.518435815
5844761131.633649	88936.24390043171
5953533130.81437	88047.73618752243
6064329395.408049	87142.69319489098
6177187597.338489	86220.807198168
6292146109.610351	85281.7647461816
6409244019.35647	84562.34522963945
6528521141.127848	83871.765242542
6650018030.431105	83168.33344437834
6773775997.517745	82451.81066075759
6899837121.430025	81721.95326621304
7028244264.308367	80978.51310136636
7159041085.964888	80221.23738855132
7292272058.728297	79449.86864586578
7427982482.56491	78664.14459962568
7566218500.481063	77863.79809518944
7707027114.212319	77048.55700612185
7850456200.204509	76218.1441416688
7996554525.892329	75462.04974705237
8145371766.280737	74851.22316009218
8296958520.834915	74229.02898641292
8451366330.684739	73595.25567329141
8608647696.149244	72949.68773097251
8768856094.587408	72292.10565939985
8932045998.58096	71622.28587358353
9098272894.455566	70940.00062757936
9267593301.146902	70245.01793705211
9440064789.417603	69537.10150039884
9615746001.432076	68816.01061840328
9794696670.695385	68081.50011239566
9976977642.36321	67333.32024088991
10162650893.929972	66765.40932524743
10351779556.301762	66214.92795913915
10544427935.261662	65654.20204113993
10740661533.334322	65083.04091839571
10940547072.057436	64501.25038997077
11144152514.667904	63908.632640816686
11351547089.20999	63304.98617451355
11562801312.07373	62690.105744758446
11777987011.97118	62063.78228557989
11997177354.358854	61425.80284025335
12220446866.314913	60775.95048889324
12447871461.879063	60114.004274698214
12679528467.864315	59516.11137527945
12915496650.148827	59028.92746557868
13155856240.457052	58532.6769804211
13400688963.639534	58027.191189294754
13650078065.460136	57512.298221584235
13904108340.900667	56987.82300813252
14162866162.991974	56453.58722171574
14426439512.181587	55909.40921641034
14694918006.248201	55355.10396583107
14968392930.772554	54790.483000220294
15246957270.1757	54215.35434236586
15530705739.334583	53629.522442327056
15819734815.786015	53032.78811094573
16114142772.530231	52583.960497660555
16414029711.444664	52144.61155684238
16719497597.31985	51697.086257477735
17030650292.528427	51241.2324361427
17347593592.339325	50776.89509762639
17670435260.889503	50303.916362230506
17999285067.824764	49822.13541208886
18334254825.62285	49331.38843648716
18675458427.61074	48831.50857616588
19023011886.689457	48322.32586658647
19377033374.77993	47803.6671801413
19737643263.002552	47275.356167288635
20104964162.604927	46801.95871682642
20479120966.650833	46412.81885217235
20860240892.485046	46016.43702842261
21248453524.988873	45612.67847148614
21643890860.6402	45201.40589910325
22046687352.394028	44782.47947416781
22456979955.397717	44355.75675718143
22874908173.55704	43921.092657822475
23300614106.96929	43478.339385613785
23734242500.23866	43027.34639967225
24175940791.69123	42567.96035752321
24625859163.505444	42100.02506296239
25084150592.775414	41623.3814129478
25550970903.525124	41268.075993297396
26026478819.690044	40916.81338930265
26510836019.085308	40559.01372847814
27004207188.377697	40194.55535508384
27506760079.080673	39823.31434934592
28018665564.59201	39445.16448532231
28540097698.292374	39059.977187984885
29071233772.725693	38667.62148950208
29612254379.880314	38267.96398470875
30163343472.591972	37860.8687857471
30724688427.090096	37446.1974758631
31296480106.707504	37023.80906234345
31878912926.77636	36648.29892081816
32472184920.731255	36336.83116192563
33076497807.442425	36019.566935042
33692057059.802742	35696.398366911686
34319071974.590427	35367.21557673946
34957755743.632645	35031.90663882971
35608325526.29274	34690.35754453056
36271002523.30648	34342.4521634699
36946012051.993095	33988.07220406952
37633583622.865326	33627.097173324895
38333951017.6659	33259.404335836065
39047352368.85556	32884.86867207635
39774030240.58036	32503.36283588459
40514231711.14655	32221.421009732967
41268208457.02952	31939.898019552318
42036216838.44701	31653.135838621594
42818517986.52406	31361.036964709376
43615377892.080055	31063.502081051283
44427067496.06892	30760.43002258098
45253862781.70167	30451.71774153308
46096044868.284195	30137.260272405656
46953900106.80053	29816.950696270877
47827720177.27485	29490.680104421637
48717802187.94641	29158.337561341188
49624448776.28914	28819.810066984017
50547968211.912254	28521.17111956304
51488674501.37487	28271.150343373447
52446887494.95119	28016.476637996446
53422932995.38363	27757.06341162811
54417142868.658875	27492.822460976422
55429855156.84652	27223.663941270923
56461414193.036606	26949.496335714713
57512170718.41614	26670.226424367844
58582482001.525475	26385.759252451364
59672711959.7331	26095.9980980618
60783231282.972115	25800.844439284447
61914417559.77835	25500.197920695027
63066655405.67406	25193.956319237855
64240336593.94204	24969.466528358313
65435860188.83229	24743.062012724586
66653632681.24893	24512.444070530833
67894068126.96099	24277.534289191783
69157588287.38525	24038.252796850713
70444622772.99051	23794.518235221993
71755609189.36922	23546.24773192853
73090993286.02888	23293.35687232406
74451229107.95128	23035.75967079142
75836779149.97191	22773.36854150653
77248114514.03416	22506.09426865825
78685715069.36842	22233.845976114004
80150069615.6538	21995.461268984174
81641676049.21454	21793.945861104956
83161041532.30962	21588.68021719604
84708682665.57419	21379.59454472681
86285125663.66887	21166.617752315793
87890906534.19963	20949.6774255587
89526571259.96382	20728.699802406987
91192675984.59299	20503.60974808773
92889787201.64516	20274.33072955717
94618481947.21991	20040.78478947861
96379347996.15794	19802.8925197159
98172984061.88821	19560.57303433416
100000000000.0	19313.74394209731
