Frequency [GHz]	Zx real [Ohm/m]	Zy real [Ohm/m]
1.000000000000000166e-10	2.346977857817743143e+02	3.965615124181532565e+02
1.032794731918951654e-10	2.404630943045114861e+02	4.068152572495523600e+02
1.066664958279539403e-10	2.464174745746818473e+02	4.174052708938625642e+02
1.101645949633656381e-10	2.525671271495558869e+02	4.283425811966558854e+02
1.137774133221491146e-10	2.589184559320176504e+02	4.396385776587438272e+02
1.175087130904807540e-10	2.654780748392293503e+02	4.513050232965633768e+02
1.213623798344240958e-10	2.722528146899936132e+02	4.633540668915222227e+02
1.253424265461399975e-10	2.792497303179842447e+02	4.757982556410573807e+02
1.294529978227915867e-10	2.864761079182543426e+02	4.886505482245825647e+02
1.336983741824946476e-10	2.939394726346704374e+02	5.019243282979281844e+02
1.380829765218092491e-10	3.016475963961748334e+02	5.156334184303303800e+02
1.426113707194128486e-10	3.096085060100357964e+02	5.297920944984774678e+02
1.472882723907502473e-10	3.178304915205143288e+02	5.444151005526067593e+02
1.521185517986104510e-10	3.263221148416506026e+02	5.595176641701303879e+02
1.571072389247450498e-10	3.350922186731601755e+02	5.751155123127796287e+02
1.622595287078087593e-10	3.441499357087254793e+02	5.912248877037795864e+02
1.675807864530767868e-10	3.535046981462699023e+02	6.078625657421091546e+02
1.730765534195724819e-10	3.631662475101189784e+02	6.250458719714594054e+02
1.787525525904235329e-10	3.731446447952772587e+02	6.427927001220826924e+02
1.846146946324547531e-10	3.834502809443831666e+02	6.611215307443171696e+02
1.906690840512252406e-10	3.940938876682531600e+02	6.800514504531957982e+02
1.969220255479172543e-10	4.050865486212832707e+02	6.996021718041744180e+02
2.033800305846981002e-10	4.164397109433438686e+02	7.197940538206802330e+02
2.100498241653915480e-10	4.281651971801890113e+02	7.406481231948569075e+02
2.169383518385184289e-10	4.402752175947905471e+02	7.621860961835785702e+02
2.240527869300018610e-10	4.527823828824221550e+02	7.844304012225430824e+02
2.314005380130653023e-10	4.656997173027276062e+02	8.074042022819839985e+02
2.389892566231049743e-10	4.790406722424544341e+02	8.311314229883284952e+02
2.468268452255692806e-10	4.928191402229724645e+02	8.556367715369193547e+02
2.549214654451423314e-10	5.070494693671652726e+02	8.809457664217414958e+02
2.632815465648021228e-10	5.217464783407606319e+02	9.070847630089499489e+02
2.719157943036017723e-10	5.369254717836550981e+02	9.340809809818657641e+02
2.808331998823172083e-10	5.526022562473091284e+02	9.619625326860293626e+02
2.900430493863991314e-10	5.687931566547996454e+02	9.907584524038152267e+02
2.995549334359813486e-10	5.855150333006804431e+02	1.020498726589105331e+03
3.093787571730138678e-10	6.027852994083447129e+02	1.051214325093498701e+03
3.195247505759212065e-10	6.206219392631785468e+02	1.082937233416573235e+03
3.300034791125284578e-10	6.390435269403866414e+02	1.115700486013792670e+03
3.408258547423451742e-10	6.580692456469903391e+02	1.149538200696730883e+03
3.520031472796679687e-10	6.777189076981425160e+02	1.184485614161446392e+03
3.635469961293320139e-10	6.980129751485601446e+02	1.220579118681997443e+03
3.754694224073336536e-10	7.189725811005595233e+02	1.257856300007315895e+03
3.877828414589456106e-10	7.406195517108810691e+02	1.296355976500891529e+03
4.005000757873611052e-10	7.629764289192257820e+02	1.336118239564040778e+03
4.136343684063274911e-10	7.860664939221632039e+02	1.377184495384836964e+03
4.271993966306778827e-10	8.099137914168632051e+02	1.419597508056191373e+03
4.412092863191189219e-10	8.345431546398932596e+02	1.463401444107977795e+03
4.556786265841064474e-10	8.599802312271572191e+02	1.508641918499577969e+03
4.706224849841281415e-10	8.862515099219018566e+02	1.555366042120735528e+03
4.860564232142136024e-10	9.133843481586093276e+02	1.603622470850197942e+03
5.019965133110081441e-10	9.414070005514895456e+02	1.653461456223208870e+03
5.184593543892912175e-10	9.703486483172523549e+02	1.704934897760640524e+03
5.354620899273606527e-10	1.000239429662786051e+03	1.758096397014237482e+03
5.530224256192902378e-10	1.031110471169394714e+03	1.813001313384266268e+03
5.711586478126431938e-10	1.062993920206271241e+03	1.869706821767682186e+03
5.898896425508497150e-10	1.095922978406963466e+03	1.928271972096859827e+03
6.092349152400710261e-10	1.129931936243691325e+03	1.988757750830876603e+03
6.292146109610343618e-10	1.165056208735517430e+03	2.051227144463384320e+03
6.498495354469890483e-10	1.201332372327560961e+03	2.115745205113209522e+03
6.711611767496282870e-10	1.238798202979653979e+03	2.182379118265976558e+03
6.931717276155404727e-10	1.277492715504103217e+03	2.251198272737299249e+03
7.159041085964887260e-10	1.317456204193526219e+03	2.322274332930397577e+03
7.393819919175865964e-10	1.358730284781064938e+03	2.395681313463384413e+03
7.636298261282244400e-10	1.401357937776672998e+03	2.471495656243929716e+03
7.886728615614152294e-10	1.445383553224606203e+03	2.549796310071574680e+03
8.145371766280743462e-10	1.490852976928721318e+03	2.630664812850576254e+03
8.412497049736117954e-10	1.537813558193721974e+03	2.714185376498901405e+03
8.688382635251186617e-10	1.586314199132066733e+03	2.800444974641794033e+03
8.973315814583522479e-10	1.636405405587881432e+03	2.889533433181218697e+03
9.267593301146878953e-10	1.688139339730911615e+03	2.981543523835516226e+03
9.571521538991863169e-10	1.741569874375275504e+03	3.076571060746660351e+03
9.885417021919573871e-10	1.796752649079587172e+03	3.174715000255723680e+03
1.020960662306046580e-09	1.842871000866510713e+03	3.260255539572926409e+03
1.054442793526168950e-09	1.884362425588831229e+03	3.339668496068765307e+03
1.089022962263730067e-09	1.927214550461855197e+03	3.421685779183775594e+03
1.124737178364752061e-09	1.971471999282248134e+03	3.506392797111264827e+03
1.161622632608501755e-09	2.017180859272121779e+03	3.593877758983338026e+03
1.199717735435884489e-09	2.064388729071683883e+03	3.684231766726946262e+03
1.239062156947916503e-09	2.113144768305788602e+03	3.777548909932309925e+03
1.279696868215940940e-09	2.163499748776004708e+03	3.873926363832534207e+03
1.321664183946605026e-09	2.215506107331526437e+03	3.973464490496448889e+03
1.365007806546013663e-09	2.269218000473956636e+03	4.076266943340020134e+03
1.409772871628966933e-09	2.324691360752852688e+03	4.182440775065208982e+03
1.456005995020649598e-09	2.381983955010738555e+03	4.292096549138631417e+03
1.503755321299737753e-09	2.441155444538252141e+03	4.405348454926156592e+03
1.553070573933460069e-09	2.502267447202067160e+03	4.522314426603295942e+03
1.604003107056820079e-09	2.565383601610270944e+03	4.643116265965224557e+03
1.656605958949914401e-09	2.630569633382047869e+03	4.767879769264345668e+03
1.710933907269014249e-09	2.697893423590639486e+03	4.896734858207430079e+03
1.767043526088946692e-09	2.767425079450890735e+03	5.029815715248796550e+03
1.824993244816152494e-09	2.839237007324958995e+03	5.167260923320376605e+03
1.884843409033795523e-09	2.913403988122239753e+03	5.309213610144210179e+03
1.946656343342262358e-09	2.990003255172006902e+03	5.455821597277606088e+03
2.010496416260498236e-09	3.069114574649858241e+03	5.607237554046218065e+03
2.076430107255774870e-09	3.150820328641741071e+03	5.763619156525310245e+03
2.144526075971667793e-09	3.235205600932022662e+03	5.925129251734758327e+03
2.214855233726359314e-09	3.322358265604972075e+03	6.091936027218804156e+03
2.287490817355702788e-09	3.412369078551893836e+03	6.264213186187116662e+03
2.362508465477946229e-09	3.505331771979214864e+03	6.442140128399551031e+03
2.439986297259550245e-09	3.601343152015951546e+03	6.625902136983004311e+03
2.520004993764092080e-09	3.700503199522159321e+03	6.815690571374837418e+03
2.602647881969005809e-09	3.802915174203405059e+03	7.011703066593869153e+03
2.688001021537606561e-09	3.908685722139612608e+03	7.214143739046373412e+03
2.776153294436799262e-09	4.017924986840305792e+03	7.423223399081446587e+03
2.867196497493770032e-09	4.130746723941885648e+03	7.639159770517083416e+03
2.961225437988034610e-09	4.247268419666340378e+03	7.862177717365497301e+03
3.058338032378433485e-09	4.367611413164820988e+03	8.092509477993922701e+03
3.158635408267817403e-09	4.491901022873406873e+03	8.330394906964575057e+03
3.262222009711669644e-09	4.620266677012699802e+03	8.576081724805746489e+03
3.369205705980266915e-09	4.752842048367087955e+03	8.829825775974035423e+03
3.479697903887691433e-09	4.889765193484099655e+03	9.091891295276418532e+03
3.593813663804627762e-09	5.031178696438726547e+03	9.362551183029530876e+03
3.711671819475765297e-09	5.177229817312467276e+03	9.642087289242712359e+03
3.833395101766601886e-09	5.328070645541727572e+03	9.930790707120830120e+03
3.959110266468459240e-09	5.483858258295194901e+03	1.022896207619233792e+04
4.088948226294862618e-09	5.644754884045210019e+03	1.053691189537845639e+04
4.223044187206674123e-09	5.810928071503357387e+03	1.085496084632927341e+04
4.361537789208003199e-09	5.982550864096311670e+03	1.118344012736362311e+04
4.504573251759458750e-09	6.159801980163538246e+03	1.152269179836042895e+04
4.652299523960189308e-09	6.342865999064521930e+03	1.187306913696062657e+04
4.804870439655131104e-09	6.531933553389369081e+03	1.223493700645070021e+04
4.962444877628916452e-09	6.727201527472871931e+03	1.260867223571077557e+04
5.125186927053329472e-09	6.928873262418797822e+03	1.299466401162310285e+04
5.293266058360561204e-09	7.137158767847909075e+03	1.339331428434940244e+04
5.466857299720180771e-09	7.352274940590168626e+03	1.380503818589917319e+04
5.646141419303669251e-09	7.574445790548943478e+03	1.423026446242489692e+04
5.831305113526221869e-09	7.803902673972320372e+03	1.466943592069417173e+04
6.022541201461928965e-09	8.040884534374528812e+03	1.512300988920384953e+04
6.220048825634711276e-09	8.285638151358276446e+03	1.559145869441620562e+04
6.424033659394191079e-09	8.538418397597200965e+03	1.607527015261325869e+04
6.634708121092347870e-09	8.799488504245940931e+03	1.657494807788120670e+04
6.852291595284060743e-09	9.069120335054274619e+03	1.709101280675413000e+04
7.077010661181889919e-09	9.347594669470789086e+03	1.762400174006327143e+04
7.309099328602911004e-09	9.635201495030796650e+03	1.817446990255604760e+04
7.548799281653435948e-09	9.932240309333110417e+03	1.874299052086770462e+04
7.796360130405233414e-09	1.023902043191998564e+04	1.933015562044727631e+04
8.052039670825474778e-09	1.055586132638516028e+04	1.993657664205972469e+04
8.316104153230961616e-09	1.088309293304528910e+04	2.056288507850597671e+04
8.588828559546249041e-09	1.122105601252123415e+04	2.120973313222405341e+04
8.870496889654407999e-09	1.157010250058710881e+04	2.187779439445612297e+04
9.161402457138517586e-09	1.193059587465634286e+04	2.256776454668851875e+04
9.461848194721997291e-09	1.230291153228673829e+04	2.328036208509545395e+04
9.772146969725725887e-09	1.268743718209835970e+04	2.401632906874055698e+04
1.009262190987047331e-08	1.306701909533212711e+04	2.475022477838318446e+04
1.042360673976401127e-08	1.341444928629495371e+04	2.544160372557702794e+04
1.076544612842315905e-08	1.377327335723096985e+04	2.615565625999852637e+04
1.111849604819270880e-08	1.414386496737938432e+04	2.689312595586240059e+04
1.148312414543511117e-08	1.452661003003403493e+04	2.765478077270048743e+04
1.185971012337669343e-08	1.492190711441174062e+04	2.844141385507155064e+04
1.224864613750930795e-08	1.533016786069996124e+04	2.925384435849755391e+04
1.265033720395903769e-08	1.574880114666032387e+04	3.008831478669758872e+04
1.306520162124721228e-08	1.616379272046705955e+04	3.092363976274991001e+04
1.349367140588306343e-08	1.659239383168541099e+04	3.178635899745706774e+04
1.393619274224142065e-08	1.703505080144633030e+04	3.267737087818776854e+04
1.439322644719406651e-08	1.749222458786261632e+04	3.359760325468363590e+04
1.486524844997857277e-08	1.796439126604480771e+04	3.454801440526985243e+04
1.535275028780422776e-08	1.845204252385903601e+04	3.552959403475229192e+04
1.585623961771137302e-08	1.895532872992896591e+04	3.654281383056005143e+04
1.637624074521687477e-08	1.945005430822893322e+04	3.755065987117468467e+04
1.691329517029648562e-08	1.996100427924271571e+04	3.859155795250688243e+04
1.746796215127245689e-08	2.048871071757987374e+04	3.966659200737129140e+04
1.804081928719382751e-08	2.103372314709420607e+04	4.077688151586872118e+04
1.863246311931559514e-08	2.159660911312695316e+04	4.192358267114975024e+04
1.924350975230330612e-08	2.217795477351668887e+04	4.310788958340937097e+04
1.987459549580983990e-08	2.277836550899116992e+04	4.433103552336635039e+04
2.052637752709252173e-08	2.337069787461029409e+04	4.555110107272436289e+04
2.119953457536071000e-08	2.397855538025031638e+04	4.680511166660303570e+04
2.189476762856620985e-08	2.460634740983273150e+04	4.810024720173148671e+04
2.261280066337277307e-08	2.525472771072615069e+04	4.943785635953317978e+04
2.335438139906479724e-08	2.592437146976892473e+04	5.081933205107736285e+04
2.412028207618007283e-08	2.661597601637068510e+04	5.224611286757824564e+04
2.491130026067788373e-08	2.733026154867216974e+04	5.371968457846336241e+04
2.572825967447932303e-08	2.803882414909037107e+04	5.519574024172225472e+04
2.657201105324503850e-08	2.876037037847836473e+04	5.670407680894929945e+04
2.744343303228365032e-08	2.950557952302629201e+04	5.826187886954214628e+04
2.834343306151309448e-08	3.027522760169320100e+04	5.987076863109489204e+04
2.927294835042816131e-08	3.107011608277192136e+04	6.153242150106489862e+04
3.023294684405776334e-08	3.189107271849308381e+04	6.324856783144793735e+04
3.122442823092858392e-08	3.273895240699982969e+04	6.502099472066962335e+04
3.224842498408442807e-08	3.358510366271790554e+04	6.680453110711705813e+04
3.330600343624588813e-08	3.443958306164041278e+04	6.861564093809967744e+04
3.439826489022924478e-08	3.532208488338084862e+04	7.048614563046513649e+04
3.552634676578139226e-08	3.623352811578325054e+04	7.241799302276987873e+04
3.669142378402493899e-08	3.717486188465166197e+04	7.441319483241363196e+04
3.789470919074667737e-08	3.814706644211634557e+04	7.647382875052881718e+04
3.913745601980383687e-08	3.915115418741345638e+04	7.860204060557167395e+04
4.042095839796305955e-08	4.015978194960991095e+04	8.075424165253604588e+04
4.174655289253134782e-08	4.116913975431238214e+04	8.292483103210998524e+04
4.311561990318228626e-08	4.221159917763039994e+04	8.516660430849323166e+04
4.452958509942655287e-08	4.328824577827246685e+04	8.748189593849844823e+04
4.598992090522439315e-08	4.440020071555407048e+04	8.987311693682392070e+04
4.749814803228499868e-08	4.554862191690975305e+04	9.234275738674841705e+04
4.905583706365045989e-08	4.673470528369394742e+04	9.489338903316439246e+04
5.066461008921269181e-08	4.793470084046793636e+04	9.748675614331937686e+04
5.232614239486661694e-08	4.912380649093062675e+04	1.000829009703215706e+05
5.404216420705915059e-08	5.035190854242355999e+04	1.027641856709480926e+05
5.581446249454960394e-08	5.162028587146431528e+04	1.055334023845300399e+05
5.764488282925879445e-08	5.293025929498307960e+04	1.083934348178594955e+05
5.953533130814369715e-08	5.428319294574705418e+04	1.113472612481193792e+05
6.148777653810024108e-08	5.568049569289195642e+04	1.143979576242947805e+05
6.350425168595962148e-08	5.710525998058615369e+04	1.175181423000658979e+05
6.558685659571428548e-08	5.850210190603377123e+04	1.206164273545319156e+05
6.773775997517751128e-08	5.994475288795963570e+04	1.238163198367677542e+05
6.995920165435375620e-08	6.143471522209034447e+04	1.271211519351278985e+05
7.225349491787214948e-08	6.297354047153819556e+04	1.305343651161909074e+05
7.462302891391107044e-08	6.456283108251179510e+04	1.340595137085090682e+05
7.707027114212294845e-08	6.620424205301357142e+04	1.377002686038867978e+05
7.959777002314985573e-08	6.789221581908944063e+04	1.414481118112536205e+05
8.220815755240541849e-08	6.952804889192599512e+04	1.451367751819558907e+05
8.490415204088747078e-08	7.121752867185036303e+04	1.489464072790395294e+05
8.768856094587425811e-08	7.296241448823982500e+04	1.528809752394568932e+05
9.056428379445295063e-08	7.476452336720706080e+04	1.569445763013531687e+05
9.353431520292386860e-08	7.662573192374869541e+04	1.611414420706997334e+05
9.660174799522647250e-08	7.854797831594738818e+04	1.654759429278518946e+05
9.976977642363202159e-08	8.053326426326039655e+04	1.699525925786167791e+05
1.030416994950587396e-07	8.245260600396251539e+04	1.743497354915670003e+05
1.064209244064724761e-07	8.442464760153394309e+04	1.788733900059682783e+05
1.099109700929497372e-07	8.646136177463065542e+04	1.835453965574631293e+05
1.135154708920999096e-07	8.856486944302960183e+04	1.883706203113378433e+05
1.172381803286598596e-07	9.073736108150317159e+04	1.933540859846698586e+05
1.210829750232039531e-07	9.298109900085664412e+04	1.985009830787860847e+05
1.250538587290391570e-07	9.529841970377178222e+04	2.038166712833184283e+05
1.291549665014884007e-07	9.755460465247798129e+04	2.090648411593918863e+05
1.333905690039058854e-07	9.984837159239515313e+04	2.144209126006410515e+05
1.377650769549053468e-07	1.022173620041914401e+05	2.199526349689446215e+05
1.422830457214352017e-07	1.046640428214611893e+05	2.256657686893668724e+05
1.469491800624817218e-07	1.071909618802245823e+05	2.315662630985676369e+05
1.517683390283405561e-07	1.098007505721009511e+05	2.376602626401072484e+05
1.567455410205594968e-07	1.124961265844925074e+05	2.439541132629259082e+05
1.618859690178197646e-07	1.151409759394367138e+05	2.502037295433235122e+05
1.671949759731990056e-07	1.177989041268520086e+05	2.565254067668694479e+05
1.726780903884356132e-07	1.205439983566333394e+05	2.630544017002395121e+05
1.783410220710008120e-07	1.233791172157725814e+05	2.697975132721495465e+05
1.841896680799711039e-07	1.263072130378557049e+05	2.767617633803600329e+05
1.902301188668944219e-07	1.293313349774570088e+05	2.839544042038858170e+05
1.964686646180446931e-07	1.324546321853578556e+05	2.913829257550086477e+05
2.029118018046678038e-07	1.355460173050237063e+05	2.988066646982313250e+05
2.095662399480432992e-07	1.386134802302611934e+05	3.062421728884517215e+05
2.164389086064020114e-07	1.417815397798031627e+05	3.139215265764514916e+05
2.235369645909794139e-07	1.450534949929756403e+05	3.218527226099601248e+05
2.308677994187169850e-07	1.484327531002150208e+05	3.300440200911844731e+05
2.384390470093720426e-07	1.519228330711661547e+05	3.385039489773737732e+05
2.462585916350547006e-07	1.555273692791403446e+05	3.472413189634390292e+05
2.543345761304648365e-07	1.591293908655123960e+05	3.560360404289274593e+05
2.626754103723835758e-07	1.626541458400366246e+05	3.647482384911773843e+05
2.712897800372467241e-07	1.662944942090304976e+05	3.737461507533038966e+05
2.801866556459195443e-07	1.700542268268770131e+05	3.830391471358967829e+05
2.893753019050950594e-07	1.739372588680127519e+05	3.926369048435806762e+05
2.988652873550382326e-07	1.779476339039702143e+05	4.025494184423109982e+05
3.086664943337274455e-07	1.820895281141265004e+05	4.127870102671550703e+05
3.187891292677645596e-07	1.862725265018397768e+05	4.231753664907907369e+05
3.292437333007768907e-07	1.903038922550391289e+05	4.333404439121695468e+05
3.400411932703706463e-07	1.944674655673819070e+05	4.438388823225179221e+05
3.511927530450727317e-07	1.987675821503278275e+05	4.546816142061011051e+05
3.627100252330649086e-07	2.032087199038318940e+05	4.658799305750760832e+05
3.746050032748993774e-07	2.077955035793770803e+05	4.774454927273146459e+05
3.868900739327976195e-07	2.125327095959320141e+05	4.893903443898279220e+05
3.995780301895269929e-07	2.173730445875880541e+05	5.016218432970395079e+05
4.126820845702951630e-07	2.219607649827408604e+05	5.134268195592790144e+05
4.262158829015325345e-07	2.266989384383719880e+05	5.256189368533486268e+05
4.401935185208874400e-07	2.315924990222658671e+05	5.382108913656012155e+05
4.546295469532399562e-07	2.366465426136377209e+05	5.512157956504188478e+05
4.695390010680058238e-07	2.418663322096952761e+05	5.646471922848887043e+05
4.849374067335232931e-07	2.472573034062288643e+05	5.785190679712831043e+05
5.008407989848212921e-07	2.528250700579358090e+05	5.928458681020261720e+05
5.172657387216018967e-07	2.580295742494268052e+05	6.065089756851535058e+05
5.342293299538352136e-07	2.633926117859650403e+05	6.205949365482733119e+05
5.517492376129122323e-07	2.689315287007853622e+05	6.351428427217198769e+05
5.698437059469141914e-07	2.746520929109487333e+05	6.501678435781073058e+05
5.885315775191450570e-07	2.805602614908093819e+05	6.656855853096613428e+05
6.078323128297229089e-07	2.866621868753785384e+05	6.817122272212893004e+05
6.277660105806500796e-07	2.929642232671240927e+05	6.982644585579702398e+05
6.483534286054720147e-07	2.989108026343278470e+05	7.141528694871980697e+05
6.696160054853222944e-07	3.049458930049767951e+05	7.303337163392492803e+05
6.915758828738524922e-07	3.111789025464375736e+05	7.470452097260345472e+05
7.142559285543126448e-07	3.176163219648587983e+05	7.643047520584046142e+05
7.376797602527731619e-07	3.242648548273570486e+05	7.821303164546088083e+05
7.618717702322991504e-07	3.311314245427352726e+05	8.005404654564902885e+05
7.868571506936852863e-07	3.382231815711323288e+05	8.195543703594771214e+05
8.126619200091945450e-07	3.449863890018907259e+05	8.379451505649707979e+05
8.393129498166364485e-07	3.517352346923789009e+05	8.564143611098779365e+05
8.668379930019773693e-07	3.587054069680490065e+05	8.754892644633598393e+05
8.952657125996391396e-07	3.659041641749286791e+05	8.951897241586992750e+05
9.246257116405743783e-07	3.733390026945577702e+05	9.155362551484279102e+05
9.549485639791965964e-07	3.810176647502985434e+05	9.365500451674448559e+05
9.862658461312820294e-07	3.889481464696535841e+05	9.582529767967364751e+05
1.018610170155975315e-06	3.966020943393534981e+05	9.794323469860780751e+05
1.052015217616159169e-06	4.040980489787618862e+05	1.000364748091634945e+06
1.086515774652537176e-06	4.118398314410456805e+05	1.021983621679866919e+06
1.122147768207980340e-06	4.198355035837555188e+05	1.044311480431816424e+06
1.158948303439811928e-06	4.280933916508973343e+05	1.067371575325860176e+06
1.196955702359042833e-06	4.366220949434171780e+05	1.091187919849978061e+06
1.236209543736769070e-06	4.454304947740320931e+05	1.115785315008055652e+06
1.276750704319264407e-06	4.540463380020060576e+05	1.140040254249731777e+06
1.318621401394748678e-06	4.623111052662448492e+05	1.163578208005999913e+06
1.361865236756082925e-06	4.708469133572868886e+05	1.187888082645625342e+06
1.406527242105236574e-06	4.796626509863855899e+05	1.212995193107038736e+06
1.452653925946781372e-06	4.887674983676990960e+05	1.238925684525295626e+06
1.500293322019216825e-06	4.981709367780450266e+05	1.265706559458139120e+06
1.549495039314631713e-06	5.078827584301753668e+05	1.293365706004962092e+06
1.600310313738701654e-06	5.175255168778803200e+05	1.320972450248090085e+06
1.652792061464893799e-06	5.265654764634991297e+05	1.347209318635773147e+06
1.706994934038407828e-06	5.359018991002868861e+05	1.374306618088624440e+06
1.762975375287203917e-06	5.455445072145296726e+05	1.402292566212757723e+06
1.820791680099462520e-06	5.555033420768789947e+05	1.431196306003121659e+06
1.880504055128583443e-06	5.657887742587643443e+05	1.461047936191365588e+06
1.942174681489024486e-06	5.764115144317244412e+05	1.491878542588975048e+06
2.005867779508234000e-06	5.871361741596123902e+05	1.523087507639591815e+06
2.071649675602067297e-06	5.969384363030566601e+05	1.552048884055514121e+06
2.139588871343421664e-06	6.070621610056952341e+05	1.581960041047002655e+06
2.209756114795903333e-06	6.175178905459779780e+05	1.612852126413412392e+06
2.282224474186896537e-06	6.283165129335507518e+05	1.644757309437829070e+06
2.357069413996727979e-06	6.394692732474185759e+05	1.677708814386358485e+06
2.434368873543112862e-06	6.509877853459361941e+05	1.711740955106001347e+06
2.514203348142796913e-06	6.628346432296736166e+05	1.746757737613632809e+06
2.596655972934872394e-06	6.733630028536946047e+05	1.778381292266310658e+06
2.681812609453013329e-06	6.842366372091309167e+05	1.811041932916145306e+06
2.769761935036891063e-06	6.954668694882391719e+05	1.844773670520395041e+06
2.860595535175745131e-06	7.070653942243282218e+05	1.879611631416536169e+06
2.954407998880380251e-06	7.190442894697921583e+05	1.915592093900867039e+06
3.051297017182871440e-06	7.314160293735169107e+05	1.952752526006693719e+06
3.151363484866476280e-06	7.441934971707543591e+05	1.991131624521421036e+06
3.254711605531848180e-06	7.555963106322676176e+05	2.025830218986235792e+06
3.361449000108768764e-06	7.671543402692151722e+05	2.061064428482382558e+06
3.471686818926559579e-06	7.790914123896169476e+05	2.097454134433329571e+06
3.585539857459816780e-06	7.914199575901052449e+05	2.135037231035549659e+06
3.703126675869923221e-06	8.041528141253935173e+05	2.173852855215521064e+06
3.824569722466998750e-06	8.173032412773196120e+05	2.213941427384744398e+06
3.949995461220647668e-06	8.308849331623130711e+05	2.255344693531270605e+06
4.079534503452449404e-06	8.431884660220766673e+05	2.293202995690871496e+06
4.213321743847289341e-06	8.553336681092797080e+05	2.330704720233589876e+06
4.351496500925044872e-06	8.678771688430330250e+05	2.369436303779182024e+06
4.494202662119142613e-06	8.808320303206761600e+05	2.409438079223951790e+06
4.641588833612781958e-06	8.942117430075255688e+05	2.450751702170714270e+06
4.793808495089106764e-06	9.080302397850918351e+05	2.493420194306613877e+06
4.951020159556351225e-06	9.223019104600022547e+05	2.537487988203499001e+06
5.113387538414320594e-06	9.354541113086029654e+05	2.578347878196046688e+06
5.281079711934330620e-06	9.480548143176685553e+05	2.617667037335458212e+06
5.454271305329836335e-06	9.610687540039068554e+05	2.658275657758125570e+06
5.633142670601352205e-06	9.745094823533640010e+05	2.700216027001150418e+06
5.817880074344935696e-06	9.883909957858377602e+05	2.743531819410084281e+06
6.008675891719681185e-06	1.002727749729958014e+06	2.788268141618924215e+06
6.205728806776500758e-06	1.017534673676264589e+06	2.834471579521644861e+06
6.409244019356456972e-06	1.031449466425150633e+06	2.878042303750376217e+06
6.619433458774388568e-06	1.044338099799730349e+06	2.918578538114071824e+06
6.836516004510238809e-06	1.057649412450632080e+06	2.960444147416731343e+06
7.060717714137765353e-06	1.071397266031408450e+06	3.003682728153092321e+06
7.292272058728313350e-06	1.085595976784828585e+06	3.048339306553261355e+06
7.531420165974376510e-06	1.100260330451001646e+06	3.094460385470480658e+06
7.778411071286482598e-06	1.115405597664420726e+06	3.142093992806600872e+06
8.033501977124735881e-06	1.129958061385507695e+06	3.187932980066839606e+06
8.296958520834915102e-06	1.142931496925054584e+06	3.228939798841646407e+06
8.569055051268345481e-06	1.156330392805187497e+06	3.271291425245020073e+06
8.850074914473438512e-06	1.170168701883720467e+06	3.315031961882626638e+06
9.140310748756224233e-06	1.184460834598694695e+06	3.360206957693250850e+06
9.440064789417603028e-06	1.199221673974607373e+06	3.406863455380928237e+06
9.749649183484097127e-06	1.214466591120751807e+06	3.455050040402549785e+06
1.006938631476026946e-05	1.229488842102529248e+06	3.502548160150036216e+06
1.039960913954120295e-05	1.242310977487074211e+06	3.543149772462958470e+06
1.074066153333432437e-05	1.255553611364183016e+06	3.585082903767157812e+06
1.109289864895222712e-05	1.269230533869193401e+06	3.628391220871002413e+06
1.145668728634872662e-05	1.283355987381231738e+06	3.673119822624128778e+06
1.183240627458378028e-05	1.297944681354430271e+06	3.719315286880855914e+06
1.222044686631488820e-05	1.313011807635528268e+06	3.767025719003756531e+06
1.262121314522546164e-05	1.328290105077482294e+06	3.815399795990880113e+06
1.303512244681508904e-05	1.340697111397193978e+06	3.854621696526163723e+06
1.346260579298911035e-05	1.353511002163077705e+06	3.895129868774853181e+06
1.390410834090069648e-05	1.366745121041466249e+06	3.936966495672963094e+06
1.436008984651260800e-05	1.380413249300656142e+06	3.980175143534591887e+06
1.483102514336102853e-05	1.394529620161938947e+06	4.024800807419421151e+06
1.531740463702079875e-05	1.409108933621287113e+06	4.070889957988060545e+06
1.581973481578601704e-05	1.424166371757096611e+06	4.118490589893971104e+06
1.633853877809860416e-05	1.436091109738012310e+06	4.155998383478987496e+06
1.687435677727375848e-05	1.448183562042659847e+06	4.194018479090899229e+06
1.742774678408917511e-05	1.460672583078879863e+06	4.233285433545933105e+06
1.799928506782476860e-05	1.473571178211913910e+06	4.273840137245597318e+06
1.858956679635688644e-05	1.486892779314466985e+06	4.315724821581142955e+06
1.919920665593282809e-05	1.500651258753908565e+06	4.358983102910980582e+06
1.982883949127071257e-05	1.514860943838179577e+06	4.403660027980308048e+06
2.047912096665083489e-05	1.526332340730090626e+06	4.439464635597836226e+06
2.115072824868794552e-05	1.537401880083020311e+06	4.473933320197748020e+06
2.184436071149428344e-05	1.548834442011495819e+06	4.509532396068712696e+06
2.256074066496859061e-05	1.560641931743561523e+06	4.546298934089425951e+06
2.330061410696924993e-05	1.572836644936027005e+06	4.584271220868119039e+06
2.406475150015422205e-05	1.585431280478467001e+06	4.623488798612065613e+06
2.485394857429798490e-05	1.598438953717139084e+06	4.663992506304639392e+06
2.566902715491951889e-05	1.609177748159825569e+06	4.697140807636330836e+06
2.651083601908536550e-05	1.618928228129959665e+06	4.727057667742136866e+06
2.738025177927857720e-05	1.628998472476796014e+06	4.757955643254971132e+06
2.827817979625344298e-05	1.639398967787345406e+06	4.789866909591587260e+06
2.920555512182745176e-05	1.650140544553427724e+06	4.822824697352904826e+06
3.016334347259197422e-05	1.661234388449941529e+06	4.856863326928499155e+06
3.115254223555484670e-05	1.672692051982991165e+06	4.892018244235910475e+06
3.217418150676372115e-05	1.682401229612194467e+06	4.921528682082754560e+06
3.322932516398975161e-05	1.690557873493067455e+06	4.946020048012804240e+06
3.431907197459042598e-05	1.698982012323371368e+06	4.971314601722856984e+06
3.544455673970434785e-05	1.707682418528264156e+06	4.997438683540843427e+06
3.660695147596898513e-05	1.716668152222231496e+06	5.024419497618676163e+06
3.780746663599348950e-05	1.725948570643788204e+06	5.052285140261149034e+06
3.904735236885563870e-05	1.735533337899575708e+06	5.081064629183830693e+06
4.032789982193704951e-05	1.743908297670381842e+06	5.105969654615249485e+06
4.165044248545185317e-05	1.750234500122877536e+06	5.124346395598570816e+06
4.301635758106790800e-05	1.756768168688867241e+06	5.143325796875982545e+06
4.442706749606882658e-05	1.763516107163926354e+06	5.162927622530271299e+06
4.588404126454761567e-05	1.770485342472280608e+06	5.183172284802013077e+06
4.738879609717651733e-05	1.777683131984252250e+06	5.204080865345746279e+06
4.894289896114532395e-05	1.785116971073678229e+06	5.225675137183218263e+06
5.054796821191235987e-05	1.791858258819059236e+06	5.245069453768063337e+06
5.220567527846975100e-05	1.796171600670621032e+06	5.256872341430556029e+06
5.391774640387505993e-05	1.800626397411879851e+06	5.269062301629808731e+06
5.568596444286408510e-05	1.805227288018020801e+06	5.281652028305899352e+06
5.751217071841613668e-05	1.809979063598179258e+06	5.294654631693264470e+06
5.939826693920350535e-05	1.814886672384628095e+06	5.308083651972967200e+06
6.134621717992506365e-05	1.819955224885591539e+06	5.321953073372676969e+06
6.335804992658254750e-05	1.824783394999009091e+06	5.335044356671303511e+06
6.543586018883229940e-05	1.826969116495554335e+06	5.340071889399004169e+06
6.758181168161109969e-05	1.829226518142628251e+06	5.345264298714723438e+06
6.979813907830652742e-05	1.831557950671551283e+06	5.350626991701965220e+06
7.208715033782136410e-05	1.833965841905247886e+06	5.356165552768087015e+06
7.445122910795143767e-05	1.836452699286443414e+06	5.361885749459589832e+06
7.689283720758306707e-05	1.839021112488775514e+06	5.367793538468113169e+06
7.941451719029339520e-05	1.841673756113535725e+06	5.373895071833405644e+06
8.201889499202211654e-05	1.841713086651745951e+06	5.372266948283405975e+06
8.470868266557401581e-05	1.841733965201783227e+06	5.370527456751315854e+06
8.748668120479914808e-05	1.841755528458272107e+06	5.368730919060754590e+06
9.035578346138921401e-05	1.841777798875976587e+06	5.366875464398249052e+06
9.331897715733240167e-05	1.841800799646059517e+06	5.364959160597498529e+06
9.637934799615796556e-05	1.841824554720231332e+06	5.362980012127327733e+06
9.954008287621519404e-05	1.841849088835692266e+06	5.360935958013650030e+06
1.028044732093309733e-04	1.840046184986412060e+06	5.353696140459732153e+06
1.061759183482999177e-04	1.837874501804362284e+06	5.345350230537706055e+06
1.096579291267809898e-04	1.835631598854544107e+06	5.336730618737166747e+06
1.132541315152812739e-04	1.833315140503766714e+06	5.327828329078383744e+06
1.169682703970384685e-04	1.830922714522374095e+06	5.318634091216776520e+06
1.208042134677328878e-04	1.828451829572285991e+06	5.309138330789298750e+06
1.247659552630868559e-04	1.825899912612656830e+06	5.299331159444234334e+06
1.288576213185518274e-04	1.822199154172131326e+06	5.286438403448138386e+06
1.330834724654076035e-04	1.817959052366255084e+06	5.272038222670639865e+06
1.374479092677536609e-04	1.813579897558346158e+06	5.257165791824958287e+06
1.419554766050101292e-04	1.809057129542480223e+06	5.241805623596709222e+06
1.466108684046983103e-04	1.804386038562002592e+06	5.225941722769184969e+06
1.514189325304352018e-04	1.799561760405050823e+06	5.209557569566832855e+06
1.563846758302247630e-04	1.794579271339239553e+06	5.192636102452490479e+06
1.615132693503089671e-04	1.788977276721773902e+06	5.174204030782894231e+06
1.668100537200059119e-04	1.782863709715325618e+06	5.154480533528373577e+06
1.722805447131392292e-04	1.776549649917832809e+06	5.134110209468888119e+06
1.779304389918577296e-04	1.770028522221960360e+06	5.113071846092768945e+06
1.837656200388172322e-04	1.763293535891492618e+06	5.091343535229715519e+06
1.897921642839099502e-04	1.756337677489839727e+06	5.068902650236858055e+06
1.960163474319185771e-04	1.749153703576638130e+06	5.045725822436634451e+06
2.024446509976801894e-04	1.741701962033713236e+06	5.022021112971545197e+06
2.090837690555749911e-04	1.733965882644544588e+06	4.997827426375112496e+06
2.159406152103567479e-04	1.725976100605704123e+06	4.972840314312617294e+06
2.230223297965936195e-04	1.717724295806809794e+06	4.947033756608605385e+06
2.303362873142131230e-04	1.709201875281687593e+06	4.920380879762938246e+06
2.378901041078890991e-04	1.700399964260143926e+06	4.892853928966250271e+06
2.456916462982790305e-04	1.691309396926273825e+06	4.864424239197637886e+06
2.537490379733572054e-04	1.682113483336658217e+06	4.835855210344242863e+06
2.620706696483850184e-04	1.673043443417742150e+06	4.808107630430976860e+06
2.706652070033241614e-04	1.663675953971190378e+06	4.779450076073054224e+06
2.795415999067858812e-04	1.654001260219485266e+06	4.749852704902510159e+06
2.887090917359234942e-04	1.644009287479795516e+06	4.719284695878924802e+06
2.981772290019673471e-04	1.633689630672765663e+06	4.687714217194112018e+06
3.079558712914223133e-04	1.623031543487254297e+06	4.655108393124281429e+06
3.180552015332919840e-04	1.612246611623064615e+06	4.622204502694921568e+06
3.284857366030047169e-04	1.602149029344194336e+06	4.591827013047290035e+06
3.392583382740992125e-04	1.591720299561459571e+06	4.560453301770295948e+06
3.503842245290676185e-04	1.580949562381244265e+06	4.528050698042668402e+06
3.618749812411276696e-04	1.569825601762634935e+06	4.494585459612319246e+06
3.737425742391064479e-04	1.558336833837660728e+06	4.460022737659039907e+06
3.859993617679771628e-04	1.546471294848507736e+06	4.424326540504914708e+06
3.986581073580439268e-04	1.534294037127072457e+06	4.387710549651159905e+06
4.117319931161679482e-04	1.523474408029555110e+06	4.355587496526238509e+06
4.252346334528677710e-04	1.512299952096322784e+06	4.322410976485669613e+06
4.391800892596086085e-04	1.500759032876419602e+06	4.288146441364364699e+06
4.535828825510190908e-04	1.488839632304601138e+06	4.252758209999428131e+06
4.684580115873045679e-04	1.476529338186396286e+06	4.216209431073796004e+06
4.838209664925957392e-04	1.463815331272740383e+06	4.178462044741329271e+06
4.996877453854878855e-04	1.450684371910736430e+06	4.139476742993451655e+06
5.160748710385908026e-04	1.439220065867459401e+06	4.105757407904531341e+06
5.329994080844092930e-04	1.427597957322528120e+06	4.071613035816054326e+06
5.504789807854968417e-04	1.415594704843533691e+06	4.036348908198396210e+06
5.685317913873753860e-04	1.403197808917334303e+06	3.999928302969160024e+06
5.871766390733249843e-04	1.390394360112608876e+06	3.962313293755106628e+06
6.064329395408061141e-04	1.377171025636693928e+06	3.923464710397748277e+06
6.263207452198691922e-04	1.363514035451566568e+06	3.883342098163753282e+06
6.468607661546321112e-04	1.351482758778810501e+06	3.848213568440683652e+06
6.680743915695614441e-04	1.339681295337923570e+06	3.813832970050032251e+06
6.899837121430011690e-04	1.327492806067241821e+06	3.778324869151948020e+06
7.126115430111745839e-04	1.314904598558430560e+06	3.741652289603958372e+06
7.359814475265771296e-04	1.301903564159027534e+06	3.703777042640915606e+06
7.601177617955324041e-04	1.288476164321827702e+06	3.664659687107358128e+06
7.850456200204509452e-04	1.274608416506597772e+06	3.624259488385696895e+06
8.107909806731678154e-04	1.262169411521684611e+06	3.588163588465486653e+06
8.373806535266489033e-04	1.250419342461408349e+06	3.554162089999244083e+06
8.648423275731726865e-04	1.238283933036271483e+06	3.519045521505957935e+06
8.932045998580959026e-04	1.225750546112310840e+06	3.482777314563023392e+06
9.224970052592174194e-04	1.212806130124141928e+06	3.445319701496211346e+06
9.527500472427299482e-04	1.199437205483793747e+06	3.406633676050549839e+06
9.839952296278227113e-04	1.185629850543821231e+06	3.366678952771390788e+06
1.016265089392995313e-03	1.172940600367556792e+06	3.330046361372958403e+06
1.049593230558226731e-03	1.161431673945708666e+06	3.296920197270530742e+06
1.084014359178331072e-03	1.149545315367180388e+06	3.262707669496857561e+06
1.119564319483879432e-03	1.137269146845576819e+06	3.227373151046578307e+06
1.156280131207375458e-03	1.124590384668316226e+06	3.190879846536238678e+06
1.194200028133532475e-03	1.111495825884387130e+06	3.153189753887643572e+06
1.233363497913774571e-03	1.097971834555543493e+06	3.114263624754639342e+06
1.273811323186478358e-03	1.085182614824929042e+06	3.077500501437946688e+06
1.315585624045705277e-03	1.074063671785771847e+06	3.045631842048472259e+06
1.358729901902709343e-03	1.062580085990424268e+06	3.012718058517706115e+06
1.403289084785873256e-03	1.050719899077448994e+06	2.978724876279607881e+06
1.449309574126215073e-03	1.038470760514154914e+06	2.943616896742940880e+06
1.496839293077255632e-03	1.025819914735438651e+06	2.907357560429150239e+06
1.545927736419478674e-03	1.012754187860861537e+06	2.869909108901390340e+06
1.596626022101425152e-03	1.000003547509657103e+06	2.833386399445352145e+06
1.648986944471064796e-03	9.893851916020291392e+05	2.803053601870162878e+06
1.703065029252842687e-03	9.784186095589913893e+05	2.771726048330144957e+06
1.758916590327732569e-03	9.670923813977842219e+05	2.739371116070103832e+06
1.816599788375328683e-03	9.553947126203773078e+05	2.705955112480339129e+06
1.876174691439119486e-03	9.433134219313395442e+05	2.671443240011047106e+06
1.937703337477988952e-03	9.308359285529190674e+05	2.635799559936102014e+06
2.001249798969035112e-03	9.182473959940093337e+05	2.599845497109049466e+06
2.066880249629082268e-03	9.082062673721883912e+05	2.571236340568868909e+06
2.134663033324245458e-03	8.978358426290510688e+05	2.541688954409526195e+06
2.204668735239407457e-03	8.871253225865773857e+05	2.511172569642183371e+06
2.276970255381679901e-03	8.760635539105976932e+05	2.479655408217258286e+06
2.351642884494346396e-03	8.646390174963404424e+05	2.447104649932558648e+06
2.428764382460450386e-03	8.528398164730786812e+05	2.413486398256151006e+06
2.508415059277541159e-03	8.406536638154011453e+05	2.378765645028431900e+06
2.590677858688006548e-03	8.311037214106447063e+05	2.351608277735680342e+06
2.675638444552045497e-03	8.213787303012637421e+05	2.323956257315756287e+06
2.763385290053172599e-03	8.113348107155365869e+05	2.295397396299142856e+06
2.854009769829237483e-03	8.009615034795807442e+05	2.265901955091581214e+06
2.947606255124858923e-03	7.902480064137078589e+05	2.235439218796784524e+06
3.044272212064299925e-03	7.791831630836459808e+05	2.203977465231684037e+06
3.144108303147265162e-03	7.677554511828488903e+05	2.171483931892714463e+06
3.247218492073131874e-03	7.584533142349572154e+05	2.145066843952543102e+06
3.353710152002929105e-03	7.493984947033124045e+05	2.119361246407836676e+06
3.463694177371734288e-03	7.400467247925521806e+05	2.092812640682833968e+06
3.577285099367869762e-03	7.303882660946015967e+05	2.065393380550259491e+06
3.694601205199302477e-03	7.204130608329006936e+05	2.037074913132219575e+06
3.815764661271252300e-03	7.101107213888057740e+05	2.007827749166849069e+06
3.940901640403448279e-03	6.994705194845044753e+05	1.977621432299846550e+06
4.070142453219439092e-03	6.904633529162950581e+05	1.952070733111389214e+06
4.203621683844710293e-03	6.820839658608922036e+05	1.928312008770043729e+06
4.341478330055092809e-03	6.734297790533616208e+05	1.903774123433185974e+06
4.483855948021190328e-03	6.644917805095015792e+05	1.878431524724847637e+06
4.630902801799736956e-03	6.552606626995041734e+05	1.852257822285741800e+06
4.782772017727485517e-03	6.457268128556151642e+05	1.825225760291817365e+06
4.939621743878315659e-03	6.358803029619407607e+05	1.797307189071587054e+06
5.101615314749833284e-03	6.272070513046864653e+05	1.772726531699956860e+06
5.268921421350676766e-03	6.194934087960663019e+05	1.750876480934218271e+06
5.441714286865887221e-03	6.115267994492577855e+05	1.728309863611203153e+06
5.620173848083187887e-03	6.032989272846169770e+05	1.705003180122760823e+06
5.804485942768972118e-03	5.948012242580741877e+05	1.680932160197396763e+06
5.994842503189409637e-03	5.860248413388483459e+05	1.656071737626562826e+06
6.191441755977847815e-03	5.769606392945684493e+05	1.630396024162126705e+06
6.394488428556937588e-03	5.686519137850442203e+05	1.606866383148144931e+06
6.604193962330305243e-03	5.615832740135259228e+05	1.586858394167068182e+06
6.820776732865678482e-03	5.542828200956694782e+05	1.566194248551120516e+06
7.044462277299037498e-03	5.467429497486896580e+05	1.544852427819362842e+06
7.275483529196232965e-03	5.389558113749769982e+05	1.522810707798044430e+06
7.514081061116961897e-03	5.309132958858831553e+05	1.500046135477595963e+06
7.760503335133571261e-03	5.226070282573700533e+05	1.476535005110647064e+06
8.015006961565396618e-03	5.146853858332271338e+05	1.454115477474970976e+06
8.277856966198472027e-03	5.082331956737664877e+05	1.435863031173288357e+06
8.549327066268385539e-03	5.015694076677361736e+05	1.417012000788277248e+06
8.829699955494081307e-03	4.946870825204838184e+05	1.397542755915394751e+06
9.119267598459298088e-03	4.875790533650477882e+05	1.377435022376240464e+06
9.418331534647961592e-03	4.802379182989872061e+05	1.356667861106171738e+06
9.727203192450536648e-03	4.726560326764548081e+05	1.335219646349535091e+06
1.004620421346811079e-02	4.651365362271014019e+05	1.313948984821209917e+06
1.037566678745184892e-02	4.592670632399006281e+05	1.297352545776251936e+06
1.071593399822671176e-02	4.532051024595790659e+05	1.280211830962005537e+06
1.106736018095974550e-02	4.469443413005637121e+05	1.262508991000526585e+06
1.143031129114480994e-02	4.404782601577297901e+05	1.244225591148307081e+06
1.180516528568803167e-02	4.338001256172513240e+05	1.225342592099369038e+06
1.219231251649109671e-02	4.269029834447982721e+05	1.205840330158792669e+06
1.259215613694151040e-02	4.197939406899663154e+05	1.185738938902613940e+06
1.300511252173409960e-02	4.144703576871154364e+05	1.170691427129911957e+06
1.343161170046018073e-02	4.089721892068377347e+05	1.155150436242576456e+06
1.387209780541618330e-02	4.032937097652048687e+05	1.139099782725338358e+06
1.432702953409829491e-02	3.974290061125755892e+05	1.122522752328875940e+06
1.479688062686396362e-02	3.913719710758742294e+05	1.105402082664549584e+06
1.528214036025870790e-02	3.851162971989206271e+05	1.087719945228308439e+06
1.578331405652119712e-02	3.786554701741999015e+05	1.069457926835091785e+06
1.630092360979738114e-02	3.736040938597014174e+05	1.055183168034473434e+06
1.683550802961200632e-02	3.686301547814664664e+05	1.041127901801191620e+06
1.738762400216250711e-02	3.634930967045795405e+05	1.026611696879739873e+06
1.795784647002096959e-02	3.581875701852091006e+05	1.011619436909408425e+06
1.854676923084701279e-02	3.527080503459469764e+05	9.961355097924907459e+05
1.915500555573523833e-02	3.470488311225124053e+05	9.801437914367233170e+05
1.978318882784162180e-02	3.412040193217740161e+05	9.636276289645530051e+05
2.043197320195270367e-02	3.364158127542055445e+05	9.500992189275595592e+05
2.110203428568596662e-02	3.319262750044745044e+05	9.374155841171031352e+05
2.179406984302958289e-02	3.272895040678011137e+05	9.243159929032798391e+05
2.250880052095457357e-02	3.225006714712905232e+05	9.107868041073530912e+05
2.324697059985645492e-02	3.175547903935719514e+05	8.968139291917812079e+05
2.400934876860652198e-02	3.124467104718066403e+05	8.823828175892161671e+05
2.479672892502160150e-02	3.071711124383864226e+05	8.674784415503524942e+05
2.560993100258462246e-02	3.026480698926300975e+05	8.547013334731553914e+05
2.644980182427714502e-02	2.986037710532149649e+05	8.432775902543487027e+05
2.731721598441373688e-02	2.944268405175605440e+05	8.314792084391688695e+05
2.821307675939470697e-02	2.901129286647452973e+05	8.192939018552827183e+05
2.913831704832788722e-02	2.856575432291949401e+05	8.067089814086279366e+05
3.009390034449724305e-02	2.810560446226901258e+05	7.937113418697037268e+05
3.108082173869057552e-02	2.763036411029601586e+05	7.802874482265230035e+05
3.210010895543168735e-02	2.720448451471317676e+05	7.682584890973115107e+05
3.315282342319423453e-02	2.684079526789952070e+05	7.579869924452372361e+05
3.424006137971426222e-02	2.646517892973480048e+05	7.473786448140515713e+05
3.536295501355046084e-02	2.607724435445559211e+05	7.364223992661983939e+05
3.652267364308168368e-02	2.567658756877805572e+05	7.251068465827662731e+05
3.772042493416994519e-02	2.526279135122266598e+05	7.134202033825649414e+05
3.895745615775501186e-02	2.483542479764347663e+05	7.013502998515806394e+05
4.023505548869293208e-02	2.443562562532940938e+05	6.900593136962990975e+05
4.155455334718879262e-02	2.410907199668999529e+05	6.808376940161783714e+05
4.291732378422148664e-02	2.377180912934223015e+05	6.713136537907909369e+05
4.432478591240391480e-02	2.342348581667353574e+05	6.614772752194252098e+05
4.577840538376615892e-02	2.306373933434475039e+05	6.513183152497581905e+05
4.727969591600390820e-02	2.269219506256920577e+05	6.408261949113105657e+05
4.883022086877885498e-02	2.230846609600475640e+05	6.299899882991021732e+05
5.043159487171348238e-02	2.193419042081833177e+05	6.194208870258745737e+05
5.208548550577655339e-02	2.164137449154292990e+05	6.111527959143230692e+05
5.379361503980698012e-02	2.133895574236533721e+05	6.026135549712869106e+05
5.555776222398878250e-02	2.102661925138120423e+05	5.937942719107324956e+05
5.737976414214139564e-02	2.070403976890673803e+05	5.846857628264898667e+05
5.926151812475564939e-02	2.037088137878197012e+05	5.752785426286481088e+05
6.120498372476690374e-02	2.002679714856655337e+05	5.655628151663168101e+05
6.321218475812448445e-02	1.967731411614987883e+05	5.556946789666574914e+05
6.528521141127847927e-02	1.941506134483876522e+05	5.482901968159308890e+05
6.742622241778348235e-02	1.914420806419750443e+05	5.406428866580724716e+05
6.963744730628236568e-02	1.886447222282824514e+05	5.327447850136860507e+05
7.192118872221178738e-02	1.857556251953319006e+05	5.245876672432043124e+05
7.427982482564911282e-02	1.827717809996975702e+05	5.161630389822073048e+05
7.671581176779301847e-02	1.796900824335794896e+05	5.074621272958741174e+05
7.923168624866261389e-02	1.765073203891305602e+05	4.984758715433371253e+05
8.183006815867406580e-02	1.740881534000007669e+05	4.916460073423698777e+05
8.451366330684703665e-02	1.716648647614977090e+05	4.848045593379255151e+05
8.728526623848370525e-02	1.691621050217323645e+05	4.777387478802370024e+05
9.014776314524917955e-02	1.665772679472438467e+05	4.704412150300038047e+05
9.310413487069084393e-02	1.639076618338433327e+05	4.629043615462773596e+05
9.615746001432116941e-02	1.611505067036246473e+05	4.551203389730397030e+05
9.931091813749780284e-02	1.583029314100518532e+05	4.470810414662627736e+05
1.025677930744420957e-01	1.560271312457518361e+05	4.406562956926089246e+05
1.059314763518370006e-01	1.538610502985669009e+05	4.345414066718169488e+05
1.094054707205743548e-01	1.516239333074043097e+05	4.282259815048738965e+05
1.129933938033223922e-01	1.493134506642451743e+05	4.217034436626267852e+05
1.166989818617144986e-01	1.469271963622005424e+05	4.149670009404129232e+05
1.205260936870841404e-01	1.444626854900296021e+05	4.080096383850356215e+05
1.244787146187906202e-01	1.419173516444944835e+05	4.008241109897918650e+05
1.285609606943296512e-01	1.397824837423823192e+05	3.947975565660633147e+05
1.327770829355431892e-01	1.378478932477787894e+05	3.893365165393380448e+05
1.371314717753943091e-01	1.358498583765320072e+05	3.836963831689383951e+05
1.416286616299197443e-01	1.337862984873177193e+05	3.778712831366686150e+05
1.462733356201129931e-01	1.316550647047379171e+05	3.718551505104395328e+05
1.510703304486655796e-01	1.294539376816018339e+05	3.656417204275443219e+05
1.560246414366371071e-01	1.271806252878224332e+05	3.592245225707833888e+05
1.611414277253016558e-01	1.251831935822992527e+05	3.535862462265288341e+05
1.664260176485901910e-01	1.234566041692730360e+05	3.487126676655805786e+05
1.718839142817145671e-01	1.216733917193125235e+05	3.436792614022400230e+05
1.775208011717636092e-01	1.198316992951010325e+05	3.384807859298540861e+05
1.833425482562292541e-01	1.179296090615603607e+05	3.331118278479640139e+05
1.893552179756291254e-01	1.159651402887253207e+05	3.275667962250949349e+05
1.955650715865947520e-01	1.139362472891217185e+05	3.218399167766710161e+05
2.019785756819878764e-01	1.120719096548993984e+05	3.165776263393716654e+05
2.086024089248504632e-01	1.105319458083208592e+05	3.122311117977132672e+05
2.154434690031886424e-01	1.089414792602288799e+05	3.077420544768793043e+05
2.225088798128364853e-01	1.072988537880663644e+05	3.031057797246403643e+05
2.298059988758848760e-01	1.056023588539008342e+05	2.983174595847986056e+05
2.373424250023866422e-01	1.038502278231674863e+05	2.933721077696285211e+05
2.451260062033339959e-01	1.020406361249943729e+05	2.882645744674351299e+05
2.531648478631358112e-01	1.003043984812208946e+05	2.833641454467906151e+05
2.614673211801087360e-01	9.893166879187512677e+04	2.794899147930886829e+05
2.700420718837769907e-01	9.751392080036990228e+04	2.754886297837059246e+05
2.788980292380439652e-01	9.604967814355462906e+04	2.713561237051091157e+05
2.880444153396297668e-01	9.453741604134481167e+04	2.670880931975112762e+05
2.974907547214443726e-01	9.297555970890182653e+04	2.626800937735948828e+05
3.072468842708997450e-01	9.136248271674066200e+04	2.581275351902728144e+05
3.173229634734973104e-01	8.974887064407303114e+04	2.535734941592138202e+05
3.277294849923382269e-01	8.852583132327259227e+04	2.501219951864309842e+05
3.384772855945983316e-01	8.726268275582016213e+04	2.465573052301171701e+05
3.495775574363279015e-01	8.595810956972432905e+04	2.428757122223118495e+05
3.610418597173329913e-01	8.461075325572199654e+04	2.390733823587814113e+05
3.728821307182829670e-01	8.321921075260249199e+04	2.351463561067085539e+05
3.851107002325568907e-01	8.178203298613932566e+04	2.310905440814602480e+05
3.977403024058037140e-01	8.029772336010512663e+04	2.269017227881302533e+05
4.107840889965651554e-01	7.919605695515012485e+04	2.237930012244358659e+05
4.242556430717768223e-01	7.807115342656559369e+04	2.206187189179233974e+05
4.381689931514186065e-01	7.690935898832627572e+04	2.173403368741333252e+05
4.525386278170167031e-01	7.570946381293998274e+04	2.139544411700892379e+05
4.673795107992463338e-01	7.447021839694606024e+04	2.104575059241255221e+05
4.827070965603187935e-01	7.319033225975281675e+04	2.068458896242325136e+05
4.985373463873883915e-01	7.186847259980371746e+04	2.031158313359908352e+05
5.148867450137487589e-01	7.083475898990250425e+04	2.001990935512171709e+05
5.317723177850967042e-01	6.983336892710070242e+04	1.973736189267699374e+05
5.492116483887790057e-01	6.879913854564301437e+04	1.944554836194701784e+05
5.672228971644548423e-01	6.773099085608299356e+04	1.914416488470643526e+05
5.858248200152549323e-01	6.662781354939397715e+04	1.883289761712493491e+05
6.050367879391213011e-01	6.548845783867319551e+04	1.851142242294800235e+05
6.248788072006887795e-01	6.431173726285885641e+04	1.817940453595940198e+05
6.453715401646701322e-01	6.334435706856257457e+04	1.790647222381310712e+05
6.665363268124920859e-01	6.245323425590285478e+04	1.765506527134653588e+05
6.883952069645510319e-01	6.153288730949510500e+04	1.739541349527126586e+05
7.109709432312424360e-01	6.058235783170760260e+04	1.712724650880735717e+05
7.342870447166758296e-01	5.960065599451488379e+04	1.685028505791281932e+05
7.583677914997191127e-01	5.858675950874707632e+04	1.656424073048431310e+05
7.832382599179205096e-01	5.753961255953494401e+04	1.626881565602084738e+05
8.089243486805955952e-01	5.663650542991466500e+04	1.601404348434862040e+05
8.354528058382855171e-01	5.584375768826327112e+04	1.579041927306854632e+05
8.628512566366886016e-01	5.502501199694496609e+04	1.555946136572892719e+05
8.911482322840202919e-01	5.417941576017007174e+04	1.532092925573354005e+05
9.203731996618230715e-01	5.330608842149847624e+04	1.507457454913679394e+05
9.505565920101212152e-01	5.240412054687764612e+04	1.482014070598023536e+05
9.817298406188821325e-01	5.147257287760924373e+04	1.455736277314628242e+05
1.013925407558814440e+00	5.063134466009296739e+04	1.432007526884966937e+05
1.047176819485520438e+00	4.992630994770949474e+04	1.412122351448220434e+05
1.081518702552289213e+00	4.919815381093984615e+04	1.391585047013864678e+05
1.116986818467825104e+00	4.844611798886970064e+04	1.370374227186246135e+05
1.153618101736475943e+00	4.766941935362142976e+04	1.348467804208602756e+05
1.191450698119774998e+00	4.686724909484825912e+04	1.325842965962101298e+05
1.230524004359261570e+00	4.603877187748527649e+04	1.302476152210596338e+05
1.270878709202059476e+00	4.525678625662603008e+04	1.280421492501938483e+05
1.312556835771845343e+00	4.462991688178635377e+04	1.262744003129044577e+05
1.355601785329366038e+00	4.398248949385069136e+04	1.244486785231168760e+05
1.400058382468096108e+00	4.331382989829061262e+04	1.225630826766743849e+05
1.445972921792019639e+00	4.262324179054909473e+04	1.206156492199403001e+05
1.493393216124253353e+00	4.191000603094778489e+04	1.186043502050626412e+05
1.542368646296630619e+00	4.117337989581533475e+04	1.165270911781832256e+05
1.592950212572119773e+00	4.044783603531259723e+04	1.144811326226118690e+05
1.645190587753660783e+00	3.989059122232448135e+04	1.129100392165885132e+05
1.699144172034625866e+00	3.931507171508119063e+04	1.112874222234949557e+05
1.754867149648152269e+00	3.872067819988372503e+04	1.096115919411057985e+05
1.812417547374239657e+00	3.810679170870100643e+04	1.078808032538639964e+05
1.871855294965575345e+00	3.747277297461136186e+04	1.060932538156160008e+05
1.933242287555043237e+00	3.681796176610557450e+04	1.042470821727485454e+05
1.996642450109793465e+00	3.614595937671398860e+04	1.023524486738094129e+05
2.062121803999144465e+00	3.565070622140537307e+04	1.009564605994380836e+05
2.129748535745523252e+00	3.513921137163640378e+04	9.951469147040568350e+04
2.199593068030070597e+00	3.461094218539139547e+04	9.802563990929783904e+04
2.271728133026902796e+00	3.406534855280237389e+04	9.648775530142975913e+04
2.346228848142262624e+00	3.350186232329590712e+04	9.489943618012437946e+04
2.423172794237601124e+00	3.291989671395275218e+04	9.325902855903403542e+04
2.502640096417921622e+00	3.231884569846514569e+04	9.156482420977223956e+04
2.584713507469558191e+00	3.185841250166652026e+04	9.026728168426625780e+04
2.669478494034318139e+00	3.140390292935551770e+04	8.898648502267496951e+04
2.757023325609582631e+00	3.093448783746598201e+04	8.766368497792411654e+04
2.847439166467247595e+00	3.044967840347921810e+04	8.629750406032329192e+04
2.940820170587066684e+00	2.994896977407307713e+04	8.488651960577693535e+04
3.037263579703306071e+00	2.943184053939611840e+04	8.342926229430211242e+04
3.136869824566873799e+00	2.889775219010041474e+04	8.192421461996035941e+04
3.239742629528195472e+00	2.846709845239685819e+04	8.071090076788126316e+04
3.345989120549975215e+00	2.806329303722966506e+04	7.957334055256034480e+04
3.455719936762142730e+00	2.764624493172464281e+04	7.839847435493631929e+04
3.569049345675222806e+00	2.721551984540233025e+04	7.718507873532071244e+04
3.686095362172154388e+00	2.677066924534325517e+04	7.593189013164804783e+04
3.806979871402284221e+00	2.631122988911125867e+04	7.463760354367403488e+04
3.931828755705770284e+00	2.583672334235861490e+04	7.330087117402111471e+04
4.060772025700369880e+00	2.543489336845038997e+04	7.216909057695475349e+04
4.193943955667178258e+00	2.507619129384322514e+04	7.115894956171653757e+04
4.331483223376394243e+00	2.470572568086050160e+04	7.011568124268311658e+04
4.473533054498463279e+00	2.432311074741481934e+04	6.903819921880745096e+04
4.620241371751312442e+00	2.392794805979859666e+04	6.792538146081130253e+04
4.771760948938751135e+00	2.351982611777762577e+04	6.677606914276699536e+04
4.928249570040502903e+00	2.309831992607789289e+04	6.558906543536146637e+04
5.089870193519674402e+00	2.272421102475111184e+04	6.453570570105523075e+04
5.256791122018420026e+00	2.240562128663015392e+04	6.363888554320034746e+04
5.429186177618942288e+00	2.207658348345538616e+04	6.271265440868911537e+04
5.607234882852038638e+00	2.173675497373430335e+04	6.175604777242657292e+04
5.791122647641747001e+00	2.138578187913854345e+04	6.076806947797605244e+04
5.981040962380932413e+00	2.102329871599471153e+04	5.974769070021715743e+04
6.177187597338488878e+00	2.064892801469043843e+04	5.869384887398587307e+04
6.379766808606282424e+00	2.030133354830900498e+04	5.771550147989182733e+04
6.588989550799956518e+00	2.001841110589885648e+04	5.691944182374577940e+04
6.805073696735220778e+00	1.972621029783600898e+04	5.609727560458491644e+04
7.028244264308338707e+00	1.942442684260628084e+04	5.524814666467396455e+04
7.258733650817245753e+00	1.911274647986467971e+04	5.437117076881389949e+04
7.496781874966876202e+00	1.879084464318256141e+04	5.346543468354972720e+04
7.742636826811278183e+00	1.845838612206223843e+04	5.252999522617999173e+04
7.996554525892363152e+00	1.813603135302648298e+04	5.162305583680207928e+04
8.258799387844256046e+00	1.788481964374842937e+04	5.091657082791705761e+04
8.529644499741017682e+00	1.762536951380966639e+04	5.018691683256079705e+04
8.809371904473991322e+00	1.735741078641323111e+04	4.943333403003324202e+04
9.098272894455567084e+00	1.708066442438648301e+04	4.865503768151806435e+04
9.396648314954710202e+00	1.679484223960752206e+04	4.785121731289982563e+04
9.704808877380287413e+00	1.649964659290228155e+04	4.702103587078185956e+04
1.002307548283864236e+01	1.620121837012392825e+04	4.618178690860067582e+04
1.035177955630176250e+01	1.597819762552276370e+04	4.555491812559172104e+04
1.069126339173477191e+01	1.574786297539004227e+04	4.490749134889561537e+04
1.104188050854162562e+01	1.550997456215457350e+04	4.423883238462061126e+04
1.140399601970030830e+01	1.526428466218045287e+04	4.354824492886709777e+04
1.177798701197118092e+01	1.501053742780145512e+04	4.283500984263546707e+04
1.216424293857368077e+01	1.474846862089582282e+04	4.209838440295567852e+04
1.256316602474121602e+01	1.447780533772340095e+04	4.133760152945691516e+04
1.297517168657589615e+01	1.427468056467241149e+04	4.076694616500479606e+04
1.340068896363947992e+01	1.407022942769606379e+04	4.019259236463264824e+04
1.384016096573130383e+01	1.385907337049202397e+04	3.959940278535059042e+04
1.429404533431761060e+01	1.364099250699891672e+04	3.898675971283887338e+04
1.476281471909391030e+01	1.341575974005089847e+04	3.835402517500211252e+04
1.524695727017576097e+01	1.318314052489145615e+04	3.770054027762114129e+04
1.574697714643083479e+01	1.294289262493169372e+04	3.702562451821756258e+04
1.626339504048190676e+01	1.275291137931856611e+04	3.649213794150814647e+04
1.679674872092653359e+01	1.257147217616830676e+04	3.598271052847626561e+04
1.734759359233932585e+01	1.238408272299115015e+04	3.545657658000183437e+04
1.791650327363903017e+01	1.219054788293260754e+04	3.491318820973372931e+04
1.850407019542298315e+01	1.199066611967739482e+04	3.435197956353487098e+04
1.911090621689136171e+01	1.178422928758071248e+04	3.377236623023325228e+04
1.973764326300255334e+01	1.157102241491722452e+04	3.317374463304936216e+04
2.038493398252463962e+01	1.139379060174696133e+04	3.267627532450150829e+04
2.105345242766708225e+01	1.123281395282681297e+04	3.222452491803579323e+04
2.174389475600075627e+01	1.106655811786013874e+04	3.175795947809581048e+04
2.245697995539771696e+01	1.089484996735575260e+04	3.127609314963029465e+04
2.319345059274427712e+01	1.071751069408727199e+04	3.077842414410198035e+04
2.395407358720879643e+01	1.053435562689325161e+04	3.026443421695299185e+04
2.473964100886816908e+01	1.034519403837100435e+04	2.973358812793411562e+04
2.555097090352501965e+01	1.018025232554737158e+04	2.927078617110437699e+04
2.638890814457507972e+01	1.003747703122799794e+04	2.887026110853650243e+04
2.725432531281027693e+01	9.890019459406770693e+03	2.845660093391489863e+04
2.814812360507581346e+01	9.737726056048246392e+03	2.802937488476103681e+04
2.907123377272581166e+01	9.580438231353555238e+03	2.758813807185637415e+04
3.002461709085543262e+01	9.417992194613905667e+03	2.713243101595978806e+04
3.100926635931923414e+01	9.250218783648066164e+03	2.666177916933144297e+04
3.202620693657650008e+01	9.097063492974351902e+03	2.623215120704062429e+04
3.307649780744242918e+01	8.970486431102088318e+03	2.587710822334734621e+04
3.416123268585532458e+01	8.839758308418637171e+03	2.551042170018413890e+04
3.528154115380876732e+01	8.704742991997529316e+03	2.513170979079555036e+04
3.643858983763541204e+01	8.565299884469424796e+03	2.474057812586400178e+04
3.763358362286533065e+01	8.421283777611990445e+03	2.433661940283601507e+04
3.886776690892667574e+01	8.272544701138151140e+03	2.391941296177999902e+04
4.014242490499325555e+01	8.130645466486373152e+03	2.352136687264415013e+04
4.145888496832903058e+01	8.018495140613625153e+03	2.320669063038272361e+04
4.281851798652406416e+01	7.902666874869242747e+03	2.288169466511503197e+04
4.422273980505897129e+01	7.783040052201135950e+03	2.254604054429164898e+04
4.567301270168746896e+01	7.659490099953312892e+03	2.219937873655837029e+04
4.717084690917022272e+01	7.531888360142923375e+03	2.184134824777393806e+04
4.871780218794621931e+01	7.400101955483076381e+03	2.147157624509105517e+04
5.031548945038046838e+01	7.268916766972900405e+03	2.110345693526273317e+04
5.196557243827657402e+01	7.169630149887470907e+03	2.082458722910878714e+04
5.366976945540476152e+01	7.067087454811585303e+03	2.053657206570120616e+04
5.542985515684674169e+01	6.961181899540438280e+03	2.023911152222107921e+04
5.724766239702167070e+01	6.851803199975460302e+03	1.993189583996109650e+04
5.912508413831869092e+01	6.738837455280591712e+03	1.961460510176006210e+04
6.106407542232037144e+01	6.622167029272429318e+03	1.928690889885935394e+04
6.306665540567406225e+01	6.501670427920459588e+03	1.894846598683366028e+04
6.513490946272808912e+01	6.413357713944377792e+03	1.869989188162633945e+04
6.727099135712350630e+01	6.322681006445268395e+03	1.844465289452038269e+04
6.947712548460225435e+01	6.229030580632445890e+03	1.818104341325705172e+04
7.175560918936922405e+01	6.132308914210982948e+03	1.790878892972436370e+04
7.410881515641570161e+01	6.032415286668476256e+03	1.762760593339049228e+04
7.653919388230156073e+01	5.929245674390298518e+03	1.733720161607167756e+04
7.904927622696436629e+01	5.822692642335277014e+03	1.703727356701828830e+04
8.164167604921453858e+01	5.740367870008230057e+03	1.680480955571471713e+04
8.431909292866251349e+01	5.660314931042403259e+03	1.657858459858769493e+04
8.708431497690725109e+01	5.577636677403866997e+03	1.634494065463831612e+04
8.994022174092053490e+01	5.492247012601728784e+03	1.610363442018263231e+04
9.288978720164516290e+01	5.404057016633754756e+03	1.585441461245760001e+04
9.593608287093125853e+01	5.312974853390089265e+03	1.559702170794936865e+04
9.908228099003788714e+01	5.218905675020237140e+03	1.533118767213991123e+04
1.023316578330244937e+02	5.142478528175983229e+03	1.511428004383715415e+04
1.056875971184805252e+02	5.071970469517476886e+03	1.491369133398275335e+04
1.091535935331393290e+02	4.999150117977138507e+03	1.470652437116271176e+04
1.127332563710484834e+02	4.923941642529800447e+03	1.449256342333454813e+04
1.164303132920875612e+02	4.846266725292123738e+03	1.427158568358120647e+04
1.202486142037412122e+02	4.766044479966811195e+03	1.404336103809260021e+04
1.241921352701784684e+02	4.683191367612118484e+03	1.380765182653789452e+04
1.282649830528062580e+02	4.612560121754929241e+03	1.360562276651563297e+04
1.324713987866115019e+02	4.550670956986650708e+03	1.342762157115301670e+04
1.368157627967470660e+02	4.486752153651100343e+03	1.324378287430720593e+04
1.413025990599533657e+02	4.420737150295580250e+03	1.305391523668200716e+04
1.459365799155757486e+02	4.352557202602388315e+03	1.285782094078080627e+04
1.507225309310758803e+02	4.282141311802348355e+03	1.265529578501468677e+04
1.556654359271059036e+02	4.209416150740697958e+03	1.244612887105840127e+04
1.607704421673822139e+02	4.144483615607026877e+03	1.225819166306850093e+04
1.660428657187529780e+02	4.090434070168038033e+03	1.210000417853777799e+04
1.714881969870540956e+02	4.034611984376035252e+03	1.193662897785893801e+04
1.771121064345090304e+02	3.976959228245328177e+03	1.176789593127162880e+04
1.829204504846290149e+02	3.917415765432932403e+03	1.159362932965564141e+04
1.889192776207664224e+02	3.855919590720071483e+03	1.141364770155721089e+04
1.951148346846616732e+02	3.792406665443459588e+03	1.122776362421495469e+04
2.015135733815558865e+02	3.733097057026080165e+03	1.105302922667983876e+04
2.081221569986341819e+02	3.686253800826692895e+03	1.091210095772324348e+04
2.149474673437976264e+02	3.637874332598041292e+03	1.076655098396643189e+04
2.219966119119952452e+02	3.587908272678444064e+03	1.061622773783943740e+04
2.292769312865648885e+02	3.536303589218737216e+03	1.046097468115452102e+04
2.367960067833078881e+02	3.483006543999206770e+03	1.030063014209602443e+04
2.445616683452449251e+02	3.427961636469629411e+03	1.013502714686443687e+04
2.525820026962779821e+02	3.374239745693899749e+03	9.972501162316662885e+03
2.608653617622545084e+02	3.334122050223437327e+03	9.846436810616336516e+03
2.694203713681882277e+02	3.292688705684814067e+03	9.716238212297461359e+03
2.782559402207126027e+02	3.249896565719541741e+03	9.581769785850496191e+03
2.873812691851068735e+02	3.205701068995870173e+03	9.442891503406639458e+03
2.968058608665596125e+02	3.160056192805126102e+03	9.299458744920690151e+03
3.065395295056523537e+02	3.112914405136227288e+03	9.151322147571776441e+03
3.165924111983520675e+02	3.064808971813301469e+03	8.999890564537545288e+03
3.269749744511767631e+02	3.031105952069313389e+03	8.886385088878867464e+03
3.376980310825094875e+02	2.996297650827962116e+03	8.769157231574630714e+03
3.487727474814170705e+02	2.960347820678850894e+03	8.648084918116681365e+03
3.602106562357066082e+02	2.923219025487463114e+03	8.523042070596058693e+03
3.720236681413065867e+02	2.884872601411299911e+03	8.393898476412612581e+03
3.842240846055060501e+02	2.845268616637508785e+03	8.260519652678871353e+03
3.968246104569486192e+02	2.804365829800138727e+03	8.122766706177117157e+03
4.098383671757252955e+02	2.775504997526653824e+03	8.015676311195735252e+03
4.232789065573544462e+02	2.747208855893396048e+03	7.909046260224060461e+03
4.371602248248502747e+02	2.717984749880935397e+03	7.798919305316264399e+03
4.514967772036101792e+02	2.687802247146224090e+03	7.685180766445217159e+03
4.663034929742735812e+02	2.656629917325685710e+03	7.567712202683041141e+03
4.815957910192341274e+02	2.624435299305397621e+03	7.446391288863395857e+03
4.973895958790057534e+02	2.591184867417896839e+03	7.321091688198857810e+03
5.137013543351338285e+02	2.567114616153961833e+03	7.217794410806372071e+03
5.305480525369574707e+02	2.545474009199372176e+03	7.119293400652837590e+03
5.479472336900292930e+02	2.523123704341143366e+03	7.017562076277570668e+03
5.659170163246230914e+02	2.500040427226785596e+03	6.912494500391671863e+03
5.844761131633625837e+02	2.476200140227648717e+03	6.803981261521206761e+03
6.036438506075865007e+02	2.451578017407503467e+03	6.691909360072327217e+03
6.234401888627863855e+02	2.426148418670196861e+03	6.576162090659784553e+03
6.438857427240425295e+02	2.407583709305804859e+03	6.475237838989014563e+03
6.650018030431132274e+02	2.393033436533365602e+03	6.382184715773616517e+03
6.868103588995293194e+02	2.378005991466009164e+03	6.286079940328161683e+03
7.093341204987989386e+02	2.362485725366239421e+03	6.186823434535827801e+03
7.325965428215230304e+02	2.346456476300417307e+03	6.084311838244823775e+03
7.566218500481062392e+02	2.329901552308620012e+03	5.978438401634871298e+03
7.814350607844559136e+02	2.312803714022572422e+03	5.869092874053958440e+03
8.070620141149491928e+02	2.300607230428934145e+03	5.768690712279206309e+03
8.335293965098187527e+02	2.293722581126189198e+03	5.678098086596301073e+03
8.608647696149245121e+02	2.286612151595204978e+03	5.584534500040289458e+03
8.890965989529167928e+02	2.279268537433923484e+03	5.487902520745798029e+03
9.182542835656300895e+02	2.271684091414906561e+03	5.388101521595546728e+03
9.483681866285909337e+02	2.263850915521943080e+03	5.285027575432932281e+03
9.794696670695386729e+02	2.255760852725494715e+03	5.178573346838073121e+03
1.011591112223829782e+03	2.250546051315919613e+03	5.076375285504338535e+03
1.044765971560805156e+03	2.250905281251737961e+03	4.984997810189356642e+03
1.079028791516185947e+03	2.251276292036998257e+03	4.890623635067989198e+03
1.114415251466786003e+03	2.251659470021500056e+03	4.793154484173457604e+03
1.150962200885031052e+03	2.252055214225281816e+03	4.692488858604959205e+03
1.188707697711903165e+03	2.252463936754134465e+03	4.588521930832487669e+03
1.227691047988360424e+03	2.252886063228750118e+03	4.481145435535280740e+03
1.267952846786436567e+03	2.253549621910886799e+03	4.374450387536547169e+03
1.309535020482665232e+03	2.255048208278805760e+03	4.279274718699751247e+03
1.352480870417874030e+03	2.256595940384918322e+03	4.180977789318233590e+03
1.396835117988739739e+03	2.258194429950533049e+03	4.079457238489192605e+03
1.442643951218158691e+03	2.259845341552927493e+03	3.974607348411449038e+03
1.489955072852856802e+03	2.261550394358744597e+03	3.866318934296873977e+03
1.538817750038343092e+03	2.263311363914235244e+03	3.754479230671497135e+03
1.589282865622976715e+03	2.263524209527386574e+03	3.640571951757434817e+03
1.641402971144466619e+03	2.246335482566053088e+03	3.540275912094023624e+03
1.695232341554121376e+03	2.228583055911994961e+03	3.436690690697318132e+03
1.750827031735726905e+03	2.210248443184906137e+03	3.329708419734141899e+03
1.808244934877948026e+03	2.191312551748596889e+03	3.219217693874661109e+03
1.867545842761074027e+03	2.171755662828985351e+03	3.105103454281075301e+03
1.928791508020777655e+03	2.151557410980086388e+03	2.987246868791882207e+03
1.992045708453871384e+03	2.130696762876571029e+03	2.865525208176687556e+03
2.057374313432916097e+03	2.077706557302780766e+03	2.762026775381650623e+03
2.124845352498878583e+03	2.021296678392213607e+03	2.656322321794431446e+03
2.194529086203311635e+03	1.963036852625187066e+03	2.547151318989166157e+03
2.266498079273692838e+03	1.902866411490485689e+03	2.434400082413579639e+03
2.340827276178294142e+03	1.840722696869327137e+03	2.317951199260966860e+03
2.417594079169133238e+03	1.776540995786718895e+03	2.197683406203100731e+03
2.496878428884322147e+03	1.710254473023013134e+03	2.073471463113434766e+03
2.578762887593798041e+03	1.636380363574222656e+03	1.972556188414213693e+03
2.663332725174980624e+03	1.558828812017864266e+03	1.874675100930578083e+03
2.750676007908067731e+03	1.478733978118316372e+03	1.773584029422980848e+03
2.840883690183307408e+03	1.396012455612939675e+03	1.669177703325892935e+03
2.934049709215781604e+03	1.310578102953082634e+03	1.561347399753821946e+03
3.030271082866393044e+03	1.222341953601065825e+03	1.449980830283352134e+03
3.129648010670750864e+03	1.131212123385488439e+03	1.334962024022364403e+03
3.232283978181380917e+03	1.057597337406182987e+03	1.246576058203508182e+03
3.338285864731764832e+03	9.914384340126704274e+02	1.169927824108101959e+03
3.447764054734457204e+03	9.231098671183248143e+02	1.090765931723486347e+03
3.560832552629274687e+03	8.525404831902638989e+02	1.009007946299909918e+03
3.677609101601030943e+03	7.796567952345966432e+02	9.245687296621334781e+02
3.798215306190736101e+03	7.043829062711590723e+02	8.373603515512754711e+02
3.922776758927723677e+03	6.266404302986677521e+02	7.472919980591842659e+02
4.051423171114639445e+03	5.684796328204804468e+02	6.795421578662915181e+02
4.184288507901576850e+03	5.273513479769910646e+02	6.311984754481151185e+02
4.321511127789762213e+03	4.848742720577729415e+02	5.812693749250596511e+02
4.463233926710398009e+03	4.410041718210832187e+02	5.297028629353962970e+02
4.609604486828438894e+03	3.956953634078736854e+02	4.764452410090363514e+02
4.760775230226357962e+03	3.489006647691920193e+02	4.214410496489679758e+02
4.916903577628021594e+03	3.005713465334199554e+02	3.646330105788193237e+02
5.078152112327669784e+03	2.630852551133913266e+02	3.203091395712274334e+02
5.244688749495119737e+03	2.427614847627308734e+02	2.957631510146259757e+02
5.416686911033157230e+03	2.217712018118382957e+02	2.704121833436253155e+02
5.594325706169366640e+03	2.000925481586708941e+02	2.442298374839713233e+02
5.777790117970495885e+03	1.777029488705813378e+02	2.171888486108374252e+02
5.967271195973309659e+03	1.545790886760662204e+02	1.892610577567858456e+02
6.162966255132942024e+03	1.306968876855405313e+02	1.604173824885869521e+02
6.365079081295578362e+03	1.105086213118893710e+02	1.359900262004523768e+02
6.573820143409572665e+03	1.018715939856668768e+02	1.253893592120387268e+02
6.789406812696099223e+03	9.295131766370313642e+01	1.144410461915766462e+02
7.012063589007177143e+03	8.373850327111762226e+01	1.031336861806437071e+02
7.242022334607316225e+03	7.422355710030818443e+01	9.145550432944111208e+01
7.479522515621828461e+03	6.439657082060379878e+01	7.939433963512762205e+01
7.724811451403416868e+03	5.424731116028524980e+01	6.693763227803368920e+01
7.978144572076612349e+03	4.475035901613346567e+01	5.527819411110119319e+01
8.239785684528511410e+03	4.131805221363404002e+01	5.104047125533800511e+01
8.510007247122248373e+03	3.777318382968303467e+01	4.666377341457321393e+01
8.789090653419963928e+03	3.411206243739239596e+01	4.214354294143031154e+01
9.077326525210242835e+03	3.033087555051885786e+01	3.747507272170880555e+01
9.375015015145270809e+03	2.642568565335535169e+01	3.265350127266054869e+01
9.682466119303113373e+03	2.239242610042124326e+01	2.767380768051204498e+01
1.000000000000000000e+04	1.822689688168910394e+01	2.253080637197049541e+01
