Frequency [GHz]	Zx imag [Ohm/m]	Zy imag [Ohm/m]
1.000000000000000166e-10	7.964622989865472540e+06	2.248514520666395873e+07
1.032794731918951654e-10	7.964621817143549211e+06	2.248514351818058640e+07
1.066664958279539403e-10	7.964620605962524191e+06	2.248514177432385460e+07
1.101645949633656381e-10	7.964619355061143637e+06	2.248513997327780724e+07
1.137774133221491146e-10	7.964618063136786222e+06	2.248513811316693574e+07
1.175087130904807540e-10	7.964616728844117373e+06	2.248513619205422699e+07
1.213623798344240958e-10	7.964615350793677382e+06	2.248513420793914422e+07
1.253424265461399975e-10	7.964613927550441585e+06	2.248513215875553712e+07
1.294529978227915867e-10	7.964612457632326521e+06	2.248513004236950725e+07
1.336983741824946476e-10	7.964610939508641139e+06	2.248512785657716170e+07
1.380829765218092491e-10	7.964609371598495170e+06	2.248512559910234064e+07
1.426113707194128486e-10	7.964607752269158140e+06	2.248512326759424061e+07
1.472882723907502473e-10	7.964606079834347591e+06	2.248512085962495580e+07
1.521185517986104510e-10	7.964604352552487515e+06	2.248511837268696353e+07
1.571072389247450498e-10	7.964602568624882028e+06	2.248511580419050902e+07
1.622595287078087593e-10	7.964600726193847135e+06	2.248511315146090090e+07
1.675807864530767868e-10	7.964598823340781033e+06	2.248511041173573583e+07
1.730765534195724819e-10	7.964596858084158972e+06	2.248510758216201887e+07
1.787525525904235329e-10	7.964594828377474099e+06	2.248510465979319066e+07
1.846146946324547531e-10	7.964592732107101008e+06	2.248510164158605784e+07
1.906690840512252406e-10	7.964590567090103403e+06	2.248509852439763770e+07
1.969220255479172543e-10	7.964588331071954221e+06	2.248509530498185009e+07
2.033800305846981002e-10	7.964586021724188700e+06	2.248509197998619080e+07
2.100498241653915480e-10	7.964583636641982943e+06	2.248508854594818875e+07
2.169383518385184289e-10	7.964581173341644928e+06	2.248508499929182976e+07
2.240527869300018610e-10	7.964578629258032888e+06	2.248508133632382751e+07
2.314005380130653023e-10	7.964576001741880551e+06	2.248507755322977528e+07
2.389892566231049743e-10	7.964573288057041354e+06	2.248507364607015997e+07
2.468268452255692806e-10	7.964570485377634875e+06	2.248506961077629775e+07
2.549214654451423314e-10	7.964567590785108507e+06	2.248506544314605370e+07
2.632815465648021228e-10	7.964564601265195757e+06	2.248506113883949444e+07
2.719157943036017723e-10	7.964561513704779558e+06	2.248505669337435439e+07
2.808331998823172083e-10	7.964558324888646603e+06	2.248505210212137550e+07
2.900430493863991314e-10	7.964555031496143900e+06	2.248504736029948667e+07
2.995549334359813486e-10	7.964551630097717047e+06	2.248504246297081932e+07
3.093787571730138678e-10	7.964548117151340470e+06	2.248503740503557399e+07
3.195247505759212065e-10	7.964544488998829387e+06	2.248503218122670054e+07
3.300034791125284578e-10	7.964540741862028837e+06	2.248502678610440716e+07
3.408258547423451742e-10	7.964536871838881634e+06	2.248502121405053139e+07
3.520031472796679687e-10	7.964532874899363145e+06	2.248501545926263928e+07
3.635469961293320139e-10	7.964528746881284751e+06	2.248500951574802399e+07
3.754694224073336536e-10	7.964524483485959470e+06	2.248500337731743604e+07
3.877828414589456106e-10	7.964520080273727886e+06	2.248499703757866472e+07
4.005000757873611052e-10	7.964515532659331337e+06	2.248499048992986232e+07
4.136343684063274911e-10	7.964510835907140747e+06	2.248498372755266726e+07
4.271993966306778827e-10	7.964505985126219690e+06	2.248497674340512976e+07
4.412092863191189219e-10	7.964500975265239365e+06	2.248496953021434322e+07
4.556786265841064474e-10	7.964495801107211038e+06	2.248496208046890050e+07
4.706224849841281415e-10	7.964490457264057361e+06	2.248495438641105220e+07
4.860564232142136024e-10	7.964484938171000220e+06	2.248494644002863765e+07
5.019965133110081441e-10	7.964479238080766052e+06	2.248493823304674774e+07
5.184593543892912175e-10	7.964473351057601161e+06	2.248492975691908225e+07
5.354620899273606527e-10	7.964467270971088670e+06	2.248492100281907991e+07
5.530224256192902378e-10	7.964460991489769891e+06	2.248491196163072065e+07
5.711586478126431938e-10	7.964454506074543111e+06	2.248490262393900752e+07
5.898896425508497150e-10	7.964447807971864007e+06	2.248489298002020270e+07
6.092349152400710261e-10	7.964440890206702985e+06	2.248488301983166486e+07
6.292146109610343618e-10	7.964433745575288311e+06	2.248487273300141469e+07
6.498495354469890483e-10	7.964426366637600586e+06	2.248486210881732032e+07
6.711611767496282870e-10	7.964418745709630661e+06	2.248485113621595874e+07
6.931717276155404727e-10	7.964410874855371192e+06	2.248483980377107859e+07
7.159041085964887260e-10	7.964402745878554881e+06	2.248482809968170524e+07
7.393819919175865964e-10	7.964394350314123556e+06	2.248481601175985858e+07
7.636298261282244400e-10	7.964385679419408552e+06	2.248480352741785347e+07
7.886728615614152294e-10	7.964376724165025167e+06	2.248479063365520164e+07
8.145371766280743462e-10	7.964367475225474685e+06	2.248477731704506278e+07
8.412497049736117954e-10	7.964357922969430685e+06	2.248476356372025982e+07
8.688382635251186617e-10	7.964348057449711487e+06	2.248474935935885832e+07
8.973315814583522479e-10	7.964337868392917328e+06	2.248473468916923180e+07
9.267593301146878953e-10	7.964327345188737847e+06	2.248471953787466884e+07
9.571521538991863169e-10	7.964316476878897287e+06	2.248470388969746605e+07
9.885417021919573871e-10	7.964305252145749517e+06	2.248468772834248468e+07
1.020960662306046580e-09	7.964293962299037725e+06	2.248467105969454348e+07
1.054442793526168950e-09	7.964282473273180425e+06	2.248465385722693428e+07
1.089022962263730067e-09	7.964270607467800379e+06	2.248463609060901031e+07
1.124737178364752061e-09	7.964258352526512928e+06	2.248461774133961648e+07
1.161622632608501755e-09	7.964245695687712170e+06	2.248459879031085223e+07
1.199717735435884489e-09	7.964232623771275394e+06	2.248457921778817475e+07
1.239062156947916503e-09	7.964219123164843768e+06	2.248455900338986889e+07
1.279696868215940940e-09	7.964205179809642956e+06	2.248453812606578693e+07
1.321664183946605026e-09	7.964190779185846448e+06	2.248451656407546252e+07
1.365007806546013663e-09	7.964175906297452748e+06	2.248449429496544227e+07
1.409772871628966933e-09	7.964160545656671748e+06	2.248447129554592818e+07
1.456005995020649598e-09	7.964144681267795153e+06	2.248444754186661541e+07
1.503755321299737753e-09	7.964128296610536985e+06	2.248442300919175893e+07
1.553070573933460069e-09	7.964111374622837640e+06	2.248439767197440937e+07
1.604003107056820079e-09	7.964093897683086805e+06	2.248437150382981077e+07
1.656605958949914401e-09	7.964075847591783851e+06	2.248434447750791907e+07
1.710933907269014249e-09	7.964057205552573316e+06	2.248431656486505270e+07
1.767043526088946692e-09	7.964037952152686194e+06	2.248428773683454096e+07
1.824993244816152494e-09	7.964018067342709750e+06	2.248425796339649707e+07
1.884843409033795523e-09	7.963997530415722169e+06	2.248422721354654059e+07
1.946656343342262358e-09	7.963976319985719398e+06	2.248419545526349172e+07
2.010496416260498236e-09	7.963954413965350017e+06	2.248416265547606722e+07
2.076430107255774870e-09	7.963931789542916231e+06	2.248412878002840281e+07
2.144526075971667793e-09	7.963908423158613034e+06	2.248409379364452139e+07
2.214855233726359314e-09	7.963884290480000898e+06	2.248405765989155322e+07
2.287490817355702788e-09	7.963859366376663558e+06	2.248402034114184603e+07
2.362508465477946229e-09	7.963833624894038774e+06	2.248398179853374511e+07
2.439986297259550245e-09	7.963807039226391353e+06	2.248394199193114415e+07
2.520004993764092080e-09	7.963779581688901410e+06	2.248390087988168374e+07
2.602647881969005809e-09	7.963751223688830622e+06	2.248385841957358271e+07
2.688001021537606561e-09	7.963721935695748776e+06	2.248381456679105759e+07
2.776153294436799262e-09	7.963691687210786156e+06	2.248376927586828917e+07
2.867196497493770032e-09	7.963660446734867990e+06	2.248372249964184687e+07
2.961225437988034610e-09	7.963628181735916995e+06	2.248367418940160051e+07
3.058338032378433485e-09	7.963594858614975587e+06	2.248362429483997449e+07
3.158635408267817403e-09	7.963560442671215162e+06	2.248357276399957761e+07
3.262222009711669644e-09	7.963524898065806367e+06	2.248351954321908578e+07
3.369205705980266915e-09	7.963488187784590758e+06	2.248346457707736269e+07
3.479697903887691433e-09	7.963450273599545471e+06	2.248340780833575875e+07
3.593813663804627762e-09	7.963411116028964520e+06	2.248334917787849158e+07
3.711671819475765297e-09	7.963370674296353944e+06	2.248328862465109304e+07
3.833395101766601886e-09	7.963328906287965365e+06	2.248322608559684083e+07
3.959110266468459240e-09	7.963285768508938141e+06	2.248316149559106678e+07
4.088948226294862618e-09	7.963241216038011946e+06	2.248309478737336770e+07
4.223044187206674123e-09	7.963195202480744570e+06	2.248302589147755504e+07
4.361537789208003199e-09	7.963147679921203293e+06	2.248295473615930602e+07
4.504573251759458750e-09	7.963098598872060888e+06	2.248288124732147530e+07
4.652299523960189308e-09	7.963047908223070204e+06	2.248280534843690321e+07
4.804870439655131104e-09	7.962995555187834427e+06	2.248272696046876162e+07
4.962444877628916452e-09	7.962941485248844139e+06	2.248264600178821757e+07
5.125186927053329472e-09	7.962885642100699246e+06	2.248256238808945194e+07
5.293266058360561204e-09	7.962827967591480352e+06	2.248247603230184689e+07
5.466857299720180771e-09	7.962768401662194170e+06	2.248238684449933842e+07
5.646141419303669251e-09	7.962706882284225896e+06	2.248229473180675879e+07
5.831305113526221869e-09	7.962643345394748263e+06	2.248219959830311313e+07
6.022541201461928965e-09	7.962577724830013700e+06	2.248210134492172673e+07
6.220048825634711276e-09	7.962509952256450430e+06	2.248199986934703588e+07
6.424033659394191079e-09	7.962439957099505700e+06	2.248189506590807438e+07
6.634708121092347870e-09	7.962367666470152326e+06	2.248178682546842843e+07
6.852291595284060743e-09	7.962293005088989623e+06	2.248167503531257808e+07
7.077010661181889919e-09	7.962215895207848400e+06	2.248155957902854308e+07
7.309099328602911004e-09	7.962136256528824568e+06	2.248144033638662100e+07
7.548799281653435948e-09	7.962054006120674312e+06	2.248131718321422115e+07
7.796360130405233414e-09	7.961969058332436718e+06	2.248118999126655236e+07
8.052039670825474778e-09	7.961881324704257771e+06	2.248105862809305266e+07
8.316104153230961616e-09	7.961790713875261135e+06	2.248092295689949766e+07
8.588828559546249041e-09	7.961697131488419138e+06	2.248078283640551940e+07
8.870496889654407999e-09	7.961600480092288926e+06	2.248063812069750577e+07
9.161402457138517586e-09	7.961500659039532766e+06	2.248048865907664225e+07
9.461848194721997291e-09	7.961397564382110722e+06	2.248033429590199143e+07
9.772146969725725887e-09	7.961291088763036765e+06	2.248017487042840943e+07
1.009262190987047331e-08	7.961181994517641142e+06	2.248001032450120524e+07
1.042360673976401127e-08	7.961071541136838496e+06	2.247984065638061240e+07
1.076544612842315905e-08	7.960957465467021801e+06	2.247966542403949052e+07
1.111849604819270880e-08	7.960839648716195486e+06	2.247948444500071555e+07
1.148312414543511117e-08	7.960717968196609989e+06	2.247929753080287948e+07
1.185971012337669343e-08	7.960592297197004780e+06	2.247910448680403829e+07
1.224864613750930795e-08	7.960462504850659519e+06	2.247890511197900027e+07
1.265033720395903769e-08	7.960328661207883619e+06	2.247869923586623371e+07
1.306520162124721228e-08	7.960191609997786582e+06	2.247848682208444178e+07
1.349367140588306343e-08	7.960050064229995012e+06	2.247826744224961847e+07
1.393619274224142065e-08	7.959903876506694593e+06	2.247804086791192368e+07
1.439322644719406651e-08	7.959752894596198574e+06	2.247780686312956363e+07
1.486524844997857277e-08	7.959596961274423636e+06	2.247756518422309682e+07
1.535275028780422776e-08	7.959435914161163382e+06	2.247731557952168584e+07
1.585623961771137302e-08	7.959269612558487803e+06	2.247705779367144033e+07
1.637624074521687477e-08	7.959099751039769500e+06	2.247679187430513278e+07
1.691329517029648562e-08	7.958924318958082236e+06	2.247651723418449610e+07
1.746796215127245689e-08	7.958743133628305979e+06	2.247623358731472865e+07
1.804081928719382751e-08	7.958556006374211051e+06	2.247594063832190633e+07
1.863246311931559514e-08	7.958362742331984453e+06	2.247563808214540035e+07
1.924350975230330612e-08	7.958163140247303061e+06	2.247532560372019187e+07
1.987459549580983990e-08	7.957956992265763693e+06	2.247500287764880061e+07
2.052637752709252173e-08	7.957746382552815601e+06	2.247467003254631907e+07
2.119953457536071000e-08	7.957529188833136111e+06	2.247432633714495972e+07
2.189476762856620985e-08	7.957304872303645127e+06	2.247397137034505233e+07
2.261280066337277307e-08	7.957073199373704381e+06	2.247360476250410080e+07
2.335438139906479724e-08	7.956833928792132996e+06	2.247322613185728714e+07
2.412028207618007283e-08	7.956586811395983212e+06	2.247283508411991224e+07
2.491130026067788373e-08	7.956331589851074852e+06	2.247243121207682788e+07
2.572825967447932303e-08	7.956070676103921607e+06	2.247201469147642329e+07
2.657201105324503850e-08	7.955802147719640285e+06	2.247158472096535191e+07
2.744343303228365032e-08	7.955524813018983230e+06	2.247114064968663082e+07
2.834343306151309448e-08	7.955238383201166056e+06	2.247068201520937681e+07
2.927294835042816131e-08	7.954942559994258918e+06	2.247020833993738890e+07
3.023294684405776334e-08	7.954637035344587639e+06	2.246971913061184064e+07
3.122442823092858392e-08	7.954321491095934995e+06	2.246921387779761106e+07
3.224842498408442807e-08	7.953998592686616816e+06	2.246869278504454717e+07
3.330600343624588813e-08	7.953667073715250939e+06	2.246815508302299678e+07
3.439826489022924478e-08	7.953324682668092661e+06	2.246759974720779434e+07
3.552634676578139226e-08	7.952971062998332083e+06	2.246702619930340722e+07
3.669142378402493899e-08	7.952605846466299146e+06	2.246643384204925597e+07
3.789470919074667737e-08	7.952228652756007388e+06	2.246582205859775096e+07
3.913745601980383687e-08	7.951839089079104364e+06	2.246519021187196299e+07
4.042095839796305955e-08	7.951439911786589772e+06	2.246453850181597471e+07
4.174655289253134782e-08	7.951031246551750228e+06	2.246386639665474743e+07
4.311561990318228626e-08	7.950609179250089452e+06	2.246317224998493865e+07
4.452958509942655287e-08	7.950173270364419557e+06	2.246245533896118030e+07
4.598992090522439315e-08	7.949723065963702276e+06	2.246171491703258827e+07
4.749814803228499868e-08	7.949258097230355255e+06	2.246095021316533908e+07
4.905583706365045989e-08	7.948777879972047172e+06	2.246016043103976920e+07
5.066461008921269181e-08	7.948284981590295210e+06	2.245934566733493656e+07
5.232614239486661694e-08	7.947782087230942212e+06	2.245850603195225820e+07
5.404216420705915059e-08	7.947262700585890561e+06	2.245763886095229536e+07
5.581446249454960394e-08	7.946726280795051716e+06	2.245674325131185725e+07
5.764488282925879445e-08	7.946172269260976464e+06	2.245581827039336041e+07
5.953533130814369715e-08	7.945600089067162015e+06	2.245486295497361198e+07
6.148777653810024108e-08	7.945009144377280958e+06	2.245387631024077162e+07
6.350425168595962148e-08	7.944401297024046071e+06	2.245285813078811020e+07
6.558685659571428548e-08	7.943783585745902732e+06	2.245180990210004523e+07
6.773775997517751128e-08	7.943145616791991517e+06	2.245072729703316838e+07
6.995920165435375620e-08	7.942486725817263126e+06	2.244960918822334334e+07
7.225349491787214948e-08	7.941806226689655334e+06	2.244845441133484989e+07
7.462302891391107044e-08	7.941103410775586031e+06	2.244726176384786889e+07
7.707027114212294845e-08	7.940377546202026308e+06	2.244603000380628183e+07
7.959777002314985573e-08	7.939628955016215332e+06	2.244475824646813050e+07
8.220815755240541849e-08	7.938871759535390884e+06	2.244345066891773790e+07
8.490415204088747078e-08	7.938089732031762600e+06	2.244210020971211419e+07
8.768856094587425811e-08	7.937282058145799674e+06	2.244070546255887300e+07
9.056428379445295063e-08	7.936447896811268292e+06	2.243926497504664958e+07
9.353431520292386860e-08	7.935586379379394464e+06	2.243777724713263288e+07
9.660174799522647250e-08	7.934696608714297414e+06	2.243624072958050296e+07
9.976977642363202159e-08	7.933777658258770593e+06	2.243465382234716415e+07
1.030416994950587396e-07	7.932849897605285980e+06	2.243302359510283917e+07
1.064209244064724761e-07	7.931893378413571976e+06	2.243134058681797981e+07
1.099109700929497372e-07	7.930905490431390703e+06	2.242960238472760469e+07
1.135154708920999096e-07	7.929885204927667044e+06	2.242780717876565084e+07
1.172381803286598596e-07	7.928831459434368648e+06	2.242595309950543568e+07
1.210829750232039531e-07	7.927743156640106812e+06	2.242403821621292457e+07
1.250538587290391570e-07	7.926619163247460499e+06	2.242206053483618051e+07
1.291549665014884007e-07	7.925482776403361000e+06	2.242002908295417950e+07
1.333905690039058854e-07	7.924315618302904069e+06	2.241793395380054414e+07
1.377650769549053468e-07	7.923110183565435931e+06	2.241577011544798315e+07
1.422830457214352017e-07	7.921865216918906197e+06	2.241353531459673494e+07
1.469491800624817218e-07	7.920579421924955212e+06	2.241122722405067459e+07
1.517683390283405561e-07	7.919251459628874436e+06	2.240884344029391184e+07
1.567455410205594968e-07	7.917879947165296413e+06	2.240638148098789155e+07
1.618859690178197646e-07	7.916490605510083959e+06	2.240385243705426529e+07
1.671949759731990056e-07	7.915070095755848102e+06	2.240124769375241175e+07
1.726780903884356132e-07	7.913603000765034929e+06	2.239855752859225497e+07
1.783410220710008120e-07	7.912087792787296697e+06	2.239577914018684998e+07
1.841896680799711039e-07	7.910522893970128149e+06	2.239290963527852669e+07
1.902301188668944219e-07	7.908906674715769477e+06	2.238994602572599053e+07
1.964686646180446931e-07	7.907237451984243467e+06	2.238688522539266944e+07
2.029118018046678038e-07	7.905542227704812773e+06	2.238374009575635195e+07
2.095662399480432992e-07	7.903818215940141119e+06	2.238050679172689095e+07
2.164389086064020114e-07	7.902037665671821684e+06	2.237716745235856622e+07
2.235369645909794139e-07	7.900198722734784707e+06	2.237371860025087371e+07
2.308677994187169850e-07	7.898299472157113254e+06	2.237015664396287873e+07
2.384390470093720426e-07	7.896337936165900901e+06	2.236647787427331507e+07
2.462585916350547006e-07	7.894312072127707303e+06	2.236267846031798795e+07
2.543345761304648365e-07	7.892247999409453012e+06	2.235877194214666635e+07
2.626754103723835758e-07	7.890161924940512516e+06	2.235476562913211435e+07
2.712897800372467241e-07	7.888007438218600117e+06	2.235062793015626445e+07
2.801866556459195443e-07	7.885782295682220720e+06	2.234635453645174205e+07
2.893753019050950594e-07	7.883484180192877539e+06	2.234194099794629589e+07
2.988652873550382326e-07	7.881110698622142896e+06	2.233738271862874925e+07
3.086664943337274455e-07	7.878659379359581508e+06	2.233267495176297054e+07
3.187891292677645596e-07	7.876151872807285748e+06	2.232782943417836726e+07
3.292437333007768907e-07	7.873635925050094724e+06	2.232287573985986784e+07
3.400411932703706463e-07	7.871037467460683547e+06	2.231775959046418220e+07
3.511927530450727317e-07	7.868353794151225127e+06	2.231247565832060948e+07
3.627100252330649086e-07	7.865582110495024361e+06	2.230701844103891030e+07
3.746050032748993774e-07	7.862719530216354877e+06	2.230138225577943400e+07
3.868900739327976195e-07	7.859763072384850122e+06	2.229556123333533108e+07
3.995780301895269929e-07	7.856724224723017775e+06	2.228956041712591425e+07
4.126820845702951630e-07	7.853700448597425595e+06	2.228345027312847972e+07
4.262158829015325345e-07	7.850577508544410579e+06	2.227713974859666452e+07
4.401935185208874400e-07	7.847352152509558015e+06	2.227062227210455760e+07
4.546295469532399562e-07	7.844021021788199432e+06	2.226389105671810731e+07
4.695390010680058238e-07	7.840580647527847439e+06	2.225693909292756394e+07
4.849374067335232931e-07	7.837027447115926072e+06	2.224975914134820551e+07
5.008407989848212921e-07	7.833357720449040644e+06	2.224234372518160567e+07
5.172657387216018967e-07	7.829733716114711016e+06	2.223482552596249804e+07
5.342293299538352136e-07	7.825994559099603444e+06	2.222706389382658899e+07
5.517492376129122323e-07	7.822132777432581410e+06	2.221904772104553133e+07
5.698437059469141914e-07	7.818144349671062082e+06	2.221076866002710164e+07
5.885315775191450570e-07	7.814025122490323149e+06	2.220221808942203596e+07
6.078323128297229089e-07	7.809770806358480826e+06	2.219338710514622182e+07
6.277660105806500796e-07	7.805376971069594845e+06	2.218426651110849902e+07
6.483534286054720147e-07	7.801025499368688092e+06	2.217502138668633997e+07
6.696160054853222944e-07	7.796566650092781521e+06	2.216550614756161720e+07
6.915758828738524922e-07	7.791961574050204828e+06	2.215567885872065276e+07
7.142559285543126448e-07	7.787205475773344748e+06	2.214552928657666221e+07
7.376797602527731619e-07	7.782293402528515086e+06	2.213504686193511263e+07
7.618717702322991504e-07	7.777220239158455282e+06	2.212422066898759082e+07
7.868571506936852863e-07	7.771980702755693346e+06	2.211303943394464627e+07
8.126619200091945450e-07	7.766772156371452846e+06	2.210170153951566666e+07
8.393129498166364485e-07	7.761478157609307207e+06	2.209008021559631452e+07
8.668379930019773693e-07	7.756010543576978147e+06	2.207807777347448096e+07
8.952657125996391396e-07	7.750363620608221740e+06	2.206568171448089555e+07
9.246257116405743783e-07	7.744531508314538747e+06	2.205287913005575910e+07
9.549485639791965964e-07	7.738508133461662568e+06	2.203965668830653280e+07
9.862658461312820294e-07	7.732287223645240068e+06	2.202600062012482435e+07
1.018610170155975315e-06	7.726073582658422180e+06	2.201213830054306984e+07
1.052015217616159169e-06	7.719817204796829261e+06	2.199800551271851361e+07
1.086515774652537176e-06	7.713355650700481609e+06	2.198340924390598014e+07
1.122147768207980340e-06	7.706682191669765860e+06	2.196833429437072575e+07
1.158948303439811928e-06	7.699789878339163028e+06	2.195276496590676904e+07
1.196955702359042833e-06	7.692671533440584317e+06	2.193668504548968375e+07
1.236209543736769070e-06	7.685319744329349138e+06	2.192007778839323670e+07
1.276750704319264407e-06	7.677933323578095995e+06	2.190318606158805266e+07
1.318621401394748678e-06	7.670576411171822809e+06	2.188608278677613661e+07
1.361865236756082925e-06	7.662978230795433745e+06	2.186841861465182528e+07
1.406527242105236574e-06	7.655130870130528696e+06	2.185017515073813498e+07
1.452653925946781372e-06	7.647026157376347110e+06	2.183133339731611684e+07
1.500293322019216825e-06	7.638655652740113437e+06	2.181187373364173993e+07
1.549495039314631713e-06	7.630010639648307115e+06	2.179177589551392943e+07
1.600310313738701654e-06	7.621263136547044851e+06	2.177126962705150619e+07
1.652792061464893799e-06	7.612658020906465128e+06	2.175068528808168322e+07
1.706994934038407828e-06	7.603770702805321664e+06	2.172942589123360813e+07
1.762975375287203917e-06	7.594591927489571273e+06	2.170746929816514999e+07
1.820791680099462520e-06	7.585112136697997339e+06	2.168479264451315254e+07
1.880504055128583443e-06	7.575321458708764054e+06	2.166137231608382240e+07
1.942174681489024486e-06	7.565209698059570976e+06	2.163718392426219955e+07
2.005867779508234000e-06	7.554891734156166203e+06	2.161239253423822671e+07
2.071649675602067297e-06	7.544883741526428610e+06	2.158777169877856225e+07
2.139588871343421664e-06	7.534547539461350068e+06	2.156234342962037027e+07
2.209756114795903333e-06	7.523872364420488477e+06	2.153608124719197676e+07
2.282224474186896537e-06	7.512847099875972606e+06	2.150895780353123695e+07
2.357069413996727979e-06	7.501460264736385085e+06	2.148094485380692407e+07
2.434368873543112862e-06	7.489700001390988939e+06	2.145201322690614313e+07
2.514203348142796913e-06	7.477581463453638367e+06	2.142217816228240728e+07
2.596655972934872394e-06	7.466012295134531334e+06	2.139293230211035907e+07
2.681812609453013329e-06	7.454063719041873701e+06	2.136272733179423586e+07
2.769761935036891063e-06	7.441723292599442415e+06	2.133153179757396877e+07
2.860595535175745131e-06	7.428978165180068463e+06	2.129931321417187899e+07
2.954407998880380251e-06	7.415815064723703079e+06	2.126603803096431494e+07
3.051297017182871440e-06	7.402220283916647546e+06	2.123167159704390168e+07
3.151363484866476280e-06	7.388179665917528793e+06	2.119617812513605878e+07
3.254711605531848180e-06	7.374763852574119344e+06	2.116147341207546368e+07
3.361449000108768764e-06	7.361040416497797705e+06	2.112586870147456974e+07
3.471686818926559579e-06	7.346866924014346674e+06	2.108909634393447265e+07
3.585539857459816780e-06	7.332228615644546226e+06	2.105111804678681493e+07
3.703126675869923221e-06	7.317110247876011766e+06	2.101189426156546548e+07
3.824569722466998750e-06	7.301496077289454639e+06	2.097138414282293245e+07
3.949995461220647668e-06	7.285369844164375216e+06	2.092954550559623167e+07
4.079534503452449404e-06	7.269853665159710683e+06	2.088855077716964856e+07
4.213321743847289341e-06	7.254199881451417692e+06	2.084693397378477082e+07
4.351496500925044872e-06	7.238032736102895811e+06	2.080395235848956555e+07
4.494202662119142613e-06	7.221335393556772731e+06	2.075956117264330387e+07
4.641588833612781958e-06	7.204090466138090938e+06	2.071371418975765258e+07
4.793808495089106764e-06	7.186279995947753079e+06	2.066636366735897586e+07
4.951020159556351225e-06	7.167885436162171885e+06	2.061746029727200791e+07
5.113387538414320594e-06	7.150035091467499733e+06	2.056935416175139323e+07
5.281079711934330620e-06	7.132309739031130448e+06	2.052115685627807677e+07
5.454271305329836335e-06	7.114003088413440622e+06	2.047137893309254199e+07
5.633142670601352205e-06	7.095096076096411794e+06	2.041996855626066774e+07
5.817880074344935696e-06	7.075569013379056007e+06	2.036687218990272656e+07
6.008675891719681185e-06	7.055401565874720924e+06	2.031203454244421795e+07
6.205728806776500758e-06	7.034572732335991226e+06	2.025539850903823599e+07
6.409244019356456972e-06	7.014152378250088543e+06	2.019934658130148426e+07
6.619433458774388568e-06	6.994236908695921302e+06	2.014408358030591533e+07
6.836516004510238809e-06	6.973668316656684503e+06	2.008700824400765449e+07
7.060717714137765353e-06	6.952425183155572973e+06	2.002806113735631108e+07
7.292272058728313350e-06	6.930485386786171235e+06	1.996718087614493817e+07
7.531420165974376510e-06	6.907826080676479265e+06	1.990430406308797747e+07
7.778411071286482598e-06	6.884423668697451241e+06	1.983936522180290520e+07
8.033501977124735881e-06	6.861202481971412897e+06	1.977455022343602031e+07
8.296958520834915102e-06	6.839010316504891962e+06	1.971186282232466340e+07
8.569055051268345481e-06	6.816090364921197295e+06	1.964711960469917208e+07
8.850074914473438512e-06	6.792418759669718333e+06	1.958025315060807765e+07
9.140310748756224233e-06	6.767970850469927303e+06	1.951119382908070087e+07
9.440064789417603028e-06	6.742721178641948849e+06	1.943986972561732307e+07
9.749649183484097127e-06	6.716643450595330447e+06	1.936620656730150059e+07
1.006938631476026946e-05	6.690404428278644569e+06	1.929186610848041251e+07
1.039960913954120295e-05	6.665890718072942458e+06	1.922156587887312472e+07
1.074066153333432437e-05	6.640573087312707677e+06	1.914896017208202928e+07
1.109289864895222712e-05	6.614425171638866886e+06	1.907397338060093299e+07
1.145668728634872662e-05	6.587419742080261931e+06	1.899652741739574820e+07
1.183240627458378028e-05	6.559528676698927768e+06	1.891654163458904997e+07
1.222044686631488820e-05	6.530722931305478327e+06	1.883393273947787285e+07
1.262121314522546164e-05	6.501273429517146200e+06	1.874940418166699633e+07
1.303512244681508904e-05	6.474444641719711944e+06	1.867151283447514474e+07
1.346260579298911035e-05	6.446736011018750258e+06	1.859106706143333018e+07
1.390410834090069648e-05	6.418118683202111162e+06	1.850798309083060548e+07
1.436008984651260800e-05	6.388562857791486196e+06	1.842217440368519351e+07
1.483102514336102853e-05	6.358037757009878755e+06	1.833355164364853874e+07
1.531740463702079875e-05	6.326511593731338158e+06	1.824202252395455539e+07
1.581973481578601704e-05	6.293951538379644975e+06	1.814749173131743073e+07
1.633853877809860416e-05	6.264617983614470810e+06	1.806157415310055390e+07
1.687435677727375848e-05	6.234586926083497703e+06	1.797356034770697728e+07
1.742774678408917511e-05	6.203571008071554825e+06	1.788266015316035971e+07
1.799928506782476860e-05	6.171537931343187578e+06	1.778877891110219806e+07
1.858956679635688644e-05	6.138454338450975716e+06	1.769181885887851939e+07
1.919920665593282809e-05	6.104285777998949401e+06	1.759167902773532644e+07
1.982883949127071257e-05	6.068996668766840361e+06	1.748825513767537847e+07
2.047912096665083489e-05	6.036803526495716535e+06	1.739341490195930377e+07
2.115072824868794552e-05	6.004587386965005659e+06	1.729837224971972033e+07
2.184436071149428344e-05	5.971314727774921805e+06	1.720021269917907566e+07
2.256074066496859061e-05	5.936950900646470487e+06	1.709883403249317035e+07
2.330061410696924993e-05	5.901460121019630693e+06	1.699413067961099371e+07
2.406475150015422205e-05	5.864805430789336562e+06	1.688599360834003612e+07
2.485394857429798490e-05	5.826948659819365479e+06	1.677431021080624312e+07
2.566902715491951889e-05	5.791895315068081021e+06	1.667063906789317168e+07
2.651083601908536550e-05	5.757704004118255340e+06	1.656937413712559640e+07
2.738025177927857720e-05	5.722391398291870952e+06	1.646478825010070205e+07
2.827817979625344298e-05	5.685920725024051033e+06	1.635677249694832042e+07
2.920555512182745176e-05	5.648254005803510547e+06	1.624521439612829126e+07
3.016334347259197422e-05	5.609352016623863950e+06	1.612999777729847468e+07
3.115254223555484670e-05	5.569174247137960047e+06	1.601100266034153290e+07
3.217418150676372115e-05	5.531322288846203126e+06	1.589881512717020884e+07
3.322932516398975161e-05	5.495437974712205119e+06	1.579238137432264537e+07
3.431907197459042598e-05	5.458376844116089866e+06	1.568245715508332662e+07
3.544455673970434785e-05	5.420100303677459247e+06	1.556892800054264255e+07
3.660695147596898513e-05	5.380568494356362149e+06	1.545167568781382032e+07
3.780746663599348950e-05	5.339740249946304597e+06	1.533057811692217365e+07
3.904735236885563870e-05	5.297573054206098430e+06	1.520550918365709670e+07
4.032789982193704951e-05	5.257053708095901646e+06	1.508535784696312249e+07
4.165044248545185317e-05	5.219825591105494648e+06	1.497501514585725777e+07
4.301635758106790800e-05	5.181376587998543866e+06	1.486105378544942103e+07
4.442706749606882658e-05	5.141666660142146982e+06	1.474335509277788177e+07
4.588404126454761567e-05	5.100654455847179517e+06	1.462179650303296745e+07
4.738879609717651733e-05	5.058297267306953669e+06	1.449625143192493170e+07
4.894289896114532395e-05	5.014550986123709008e+06	1.436658914386615530e+07
5.054796821191235987e-05	4.971570114199622534e+06	1.423926799824653007e+07
5.220567527846975100e-05	4.933403921906980686e+06	1.412642486298049800e+07
5.391774640387505993e-05	4.893986079569733702e+06	1.400988106734452397e+07
5.568596444286408510e-05	4.853275539660216309e+06	1.388951524917385727e+07
5.751217071841613668e-05	4.811229908508087508e+06	1.376520206626407057e+07
5.939826693920350535e-05	4.767805402153966017e+06	1.363681206584677286e+07
6.134621717992506365e-05	4.722956800755243748e+06	1.350421154978470691e+07
6.335804992658254750e-05	4.677796447128824890e+06	1.337074481106397882e+07
6.543586018883229940e-05	4.639138855702388100e+06	1.325688850435596332e+07
6.758181168161109969e-05	4.599213498928484507e+06	1.313929831059216894e+07
6.979813907830652742e-05	4.557978800782416016e+06	1.301785177794759907e+07
7.208715033782136410e-05	4.515391821764885448e+06	1.289242243882245943e+07
7.445122910795143767e-05	4.471408214187237434e+06	1.276287967814593576e+07
7.689283720758306707e-05	4.425982175990254618e+06	1.262908859736099653e+07
7.941451719029339520e-05	4.379066403048458509e+06	1.249090987394855730e+07
8.201889499202211654e-05	4.340316595105465502e+06	1.237732497096390277e+07
8.470868266557401581e-05	4.300366947195123881e+06	1.226022801578201912e+07
8.748668120479914808e-05	4.259107161291304044e+06	1.213929089734641463e+07
9.035578346138921401e-05	4.216494271769737825e+06	1.201438767853266932e+07
9.331897715733240167e-05	4.172483903960017487e+06	1.188538829214210436e+07
9.637934799615796556e-05	4.127030227936322801e+06	1.175215840545715392e+07
9.954008287621519404e-05	4.080085910792702809e+06	1.161455928035478666e+07
1.028044732093309733e-04	4.040404513900314458e+06	1.149876337925276347e+07
1.061759183482999177e-04	4.000912666553208139e+06	1.138362714089851640e+07
1.096579291267809898e-04	3.960125694659367669e+06	1.126471504047327675e+07
1.132541315152812739e-04	3.918001124956482090e+06	1.114190324959267303e+07
1.169682703970384685e-04	3.874495091282992624e+06	1.101506387895365991e+07
1.208042134677328878e-04	3.829562288898320869e+06	1.088406484515776485e+07
1.247659552630868559e-04	3.783155927305079531e+06	1.074876973316689953e+07
1.288576213185518274e-04	3.742892171754687093e+06	1.063181868486664630e+07
1.330834724654076035e-04	3.704315611756773200e+06	1.051997179821297713e+07
1.374479092677536609e-04	3.664473943815374281e+06	1.040445692289553769e+07
1.419554766050101292e-04	3.623325679054630920e+06	1.028515376820940524e+07
1.466108684046983103e-04	3.580827967982131522e+06	1.016193809854825959e+07
1.514189325304352018e-04	3.536936555867837742e+06	1.003468160403236002e+07
1.563846758302247630e-04	3.491605736659710761e+06	9.903251766893863678e+06
1.615132693503089671e-04	3.451126987402049825e+06	9.786221360667282715e+06
1.668100537200059119e-04	3.413877095477770083e+06	9.678801763196635991e+06
1.722805447131392292e-04	3.375405603333825711e+06	9.567859368824103847e+06
1.779304389918577296e-04	3.335672448918496259e+06	9.453278648369671777e+06
1.837656200388172322e-04	3.294636256355821621e+06	9.334940283904854208e+06
1.897921642839099502e-04	3.252254292859082576e+06	9.212721044501695782e+06
1.960163474319185771e-04	3.208482424231265672e+06	9.086493657906962559e+06
2.024446509976801894e-04	3.168160850198900327e+06	8.970440927962454036e+06
2.090837690555749911e-04	3.132585603012711275e+06	8.868362106734421104e+06
2.159406152103567479e-04	3.095843675132100936e+06	8.762935637929609045e+06
2.230223297965936195e-04	3.057896805576462764e+06	8.654051736343190074e+06
2.303362873142131230e-04	3.018705478606581222e+06	8.541597016393948346e+06
2.378901041078890991e-04	2.978228882575177122e+06	8.425454374050956219e+06
2.456916462982790305e-04	2.936424867427928839e+06	8.305502864887961186e+06
2.537490379733572054e-04	2.896623111632309388e+06	8.191427792133419774e+06
2.620706696483850184e-04	2.862995627219706308e+06	8.095364249514132738e+06
2.706652070033241614e-04	2.828265338470680173e+06	7.996150328767457046e+06
2.795415999067858812e-04	2.792396079212663230e+06	7.893682714087265544e+06
2.887090917359234942e-04	2.755350497213149443e+06	7.787854701453269459e+06
2.981772290019673471e-04	2.717090015283178072e+06	7.678556087515418418e+06
3.079558712914223133e-04	2.677574791105226148e+06	7.565673054834370501e+06
3.180552015332919840e-04	2.638631868654733524e+06	7.454484044672636315e+06
3.284857366030047169e-04	2.607145531473259907e+06	7.364874608942131512e+06
3.392583382740992125e-04	2.574626608304812107e+06	7.272326455789442174e+06
3.503842245290676185e-04	2.541041235768760089e+06	7.176743210764509626e+06
3.618749812411276696e-04	2.506354439943992533e+06	7.078025338843046688e+06
3.737425742391064479e-04	2.470530099949021824e+06	6.976070040776304901e+06
3.859993617679771628e-04	2.433530910327742342e+06	6.870771146041746251e+06
3.986581073580439268e-04	2.395749676244570874e+06	6.763257269194462337e+06
4.117319931161679482e-04	2.366519623979003169e+06	6.680323074899459258e+06
4.252346334528677710e-04	2.336330979985410348e+06	6.594669075935644098e+06
4.391800892596086085e-04	2.305152307505049743e+06	6.506206077038018033e+06
4.535828825510190908e-04	2.272951138819106389e+06	6.414841957806798629e+06
4.684580115873045679e-04	2.239693941438632552e+06	6.320481576778384857e+06
4.838209664925957392e-04	2.205346083185689058e+06	6.223026672350368463e+06
4.996877453854878855e-04	2.169871796129351947e+06	6.122375760457455181e+06
5.160748710385908026e-04	2.142053414040108677e+06	6.043611726490286179e+06
5.329994080844092930e-04	2.114240147289088927e+06	5.964884759318115190e+06
5.504789807854968417e-04	2.085514751911180792e+06	5.883575962362746708e+06
5.685317913873753860e-04	2.055847314892587019e+06	5.799600665208568797e+06
5.871766390733249843e-04	2.025206942230247427e+06	5.712871420696410351e+06
6.064329395408061141e-04	1.993561726760547841e+06	5.623297913860938512e+06
6.263207452198691922e-04	1.960878714933001902e+06	5.530786867881755345e+06
6.468607661546321112e-04	1.934175366763809230e+06	5.455296650492442772e+06
6.680743915695614441e-04	1.908719553959514946e+06	5.383369392359494232e+06
6.899837121430011690e-04	1.882428924598526210e+06	5.309083299078414217e+06
7.126115430111745839e-04	1.855276101095661754e+06	5.232361013282870874e+06
7.359814475265771296e-04	1.827232808025178500e+06	5.153122640692453831e+06
7.601177617955324041e-04	1.798269842676325701e+06	5.071285666915244423e+06
7.850456200204509452e-04	1.768357044643277768e+06	4.986764871521947905e+06
8.107909806731678154e-04	1.742874789824901847e+06	4.914812851239614189e+06
8.373806535266489033e-04	1.719708238617784111e+06	4.849434748014908284e+06
8.648423275731726865e-04	1.695781946574342204e+06	4.781912587421576492e+06
8.932045998580959026e-04	1.671070998197522713e+06	4.712176055673004128e+06
9.224970052592174194e-04	1.645549660893220920e+06	4.640152533060774207e+06
9.527500472427299482e-04	1.619191358173810877e+06	4.565767018332618289e+06
9.839952296278227113e-04	1.591968641982881352e+06	4.488942050590302795e+06
1.016265089392995313e-03	1.567784150272584287e+06	4.420714419461284764e+06
1.049593230558226731e-03	1.546801458641573787e+06	4.361546887891718186e+06
1.084014359178331072e-03	1.525130645263584796e+06	4.300438972986017354e+06
1.119564319483879432e-03	1.502749143370399019e+06	4.237327040392857045e+06
1.156280131207375458e-03	1.479633646122684237e+06	4.172145368889422622e+06
1.194200028133532475e-03	1.455760082339555491e+06	4.104826081942998804e+06
1.233363497913774571e-03	1.431103591432210989e+06	4.035299077028196771e+06
1.273811323186478358e-03	1.408265044383449014e+06	3.970907266234253068e+06
1.315585624045705277e-03	1.389335701429755660e+06	3.917554822427412029e+06
1.358729901902709343e-03	1.369785575748495525e+06	3.862452699528707657e+06
1.403289084785873256e-03	1.349594308936535381e+06	3.805543517281372100e+06
1.449309574126215073e-03	1.328740874942374416e+06	3.746768013658512384e+06
1.496839293077255632e-03	1.307203558170783799e+06	3.686064983150935266e+06
1.545927736419478674e-03	1.284959930869415170e+06	3.623371213031194173e+06
1.596626022101425152e-03	1.263489314428071724e+06	3.562858558269992936e+06
1.648986944471064796e-03	1.246468058961031726e+06	3.514894692013605032e+06
1.703065029252842687e-03	1.228888595984027488e+06	3.465357863621545024e+06
1.758916590327732569e-03	1.210732619231411954e+06	3.414196488222249318e+06
1.816599788375328683e-03	1.191981222088467563e+06	3.361357289232128765e+06
1.876174691439119486e-03	1.172614877903116168e+06	3.306785242876319215e+06
1.937703337477988952e-03	1.152613419651954435e+06	3.250423520889998414e+06
2.001249798969035112e-03	1.132509786741425050e+06	3.193774070627602283e+06
2.066880249629082268e-03	1.117244927494463045e+06	3.150761576908832416e+06
2.134663033324245458e-03	1.101479461280716350e+06	3.106338499989390839e+06
2.204668735239407457e-03	1.085196970828913851e+06	3.060458580171363428e+06
2.276970255381679901e-03	1.068380500467770500e+06	3.013074040682438295e+06
2.351642884494346396e-03	1.051012538469311316e+06	2.964135537923873402e+06
2.428764382460450386e-03	1.033074998813133105e+06	2.913592110086823814e+06
2.508415059277541159e-03	1.014549202352644876e+06	2.861391124083593022e+06
2.590677858688006548e-03	1.000657930769303232e+06	2.822246576555021107e+06
2.675638444552045497e-03	9.865496265300305095e+05	2.782490292396318633e+06
2.763385290053172599e-03	9.719786442353999009e+05	2.741430211556538008e+06
2.854009769829237483e-03	9.569298104826218914e+05	2.699023576373048592e+06
2.947606255124858923e-03	9.413874542612277437e+05	2.655226226957129780e+06
3.044272212064299925e-03	9.253353906341651455e+05	2.609992555208357517e+06
3.144108303147265162e-03	9.087569038837059634e+05	2.563275457320871763e+06
3.247218492073131874e-03	8.956867920062617632e+05	2.526440845615722239e+06
3.353710152002929105e-03	8.830832349991990486e+05	2.490919969232252333e+06
3.463694177371734288e-03	8.700663477188637480e+05	2.454234195230258163e+06
3.577285099367869762e-03	8.566225751097514294e+05	2.416345321104631294e+06
3.694601205199302477e-03	8.427379175819429802e+05	2.377213891509342007e+06
3.815764661271252300e-03	8.283979164327237522e+05	2.336799157170868944e+06
3.940901640403448279e-03	8.135876387900991831e+05	2.295059032454193104e+06
4.070142453219439092e-03	8.013304404952240875e+05	2.260510609572695568e+06
4.203621683844710293e-03	7.900866751206297195e+05	2.228816523439951707e+06
4.341478330055092809e-03	7.784741734748149756e+05	2.196083038249067031e+06
4.483855948021190328e-03	7.664808429506174289e+05	2.162276067186573986e+06
4.630902801799736956e-03	7.540941943670642795e+05	2.127360405571097042e+06
4.782772017727485517e-03	7.413013289638384013e+05	2.091299694193165284e+06
4.939621743878315659e-03	7.280889249692393932e+05	2.054056381452789996e+06
5.101615314749833284e-03	7.166282852080176817e+05	2.021748087275522761e+06
5.268921421350676766e-03	7.066086450618451927e+05	1.993499214718959760e+06
5.441714286865887221e-03	6.962604135031552287e+05	1.964323927959893132e+06
5.620173848083187887e-03	6.855728144646622241e+05	1.934191845492902910e+06
5.804485942768972118e-03	6.745347184808450984e+05	1.903071589459249983e+06
5.994842503189409637e-03	6.631346310983423609e+05	1.870930752971721813e+06
6.191441755977847815e-03	6.513606809062779648e+05	1.837735866367934970e+06
6.394488428556937588e-03	6.406736806680286536e+05	1.807603529562760610e+06
6.604193962330305243e-03	6.317527138234976446e+05	1.782447404243083438e+06
6.820776732865678482e-03	6.225391862628429662e+05	1.756466290537429275e+06
7.044462277299037498e-03	6.130235035358081805e+05	1.729633133172841044e+06
7.275483529196232965e-03	6.031957565447144443e+05	1.701919989605941577e+06
7.514081061116961897e-03	5.930457112256811233e+05	1.673298000925136730e+06
7.760503335133571261e-03	5.825627978914442938e+05	1.643737361798555357e+06
8.015006961565396618e-03	5.726214411392487818e+05	1.615702738401177572e+06
8.277856966198472027e-03	5.646842038040814223e+05	1.593316540872891201e+06
8.549327066268385539e-03	5.564866668983300915e+05	1.570196193997979397e+06
8.829699955494081307e-03	5.480202939673595829e+05	1.546317621545433765e+06
9.119267598459298088e-03	5.392762686057912651e+05	1.521655957710697548e+06
9.418331534647961592e-03	5.302454852765977848e+05	1.496185521221825853e+06
9.727203192450536648e-03	5.209185398291061283e+05	1.469879788596444996e+06
1.004620421346811079e-02	5.116911067422056803e+05	1.443854248243377311e+06
1.037566678745184892e-02	5.046330232198028243e+05	1.423944248005400877e+06
1.071593399822671176e-02	4.973434717404210824e+05	1.403381304647113662e+06
1.106736018095974550e-02	4.898148613744636532e+05	1.382144005073926644e+06
1.143031129114480994e-02	4.820393522498323582e+05	1.360210233954554657e+06
1.180516528568803167e-02	4.740088473879264784e+05	1.337557150691354182e+06
1.219231251649109671e-02	4.657149842718994478e+05	1.314161165635396261e+06
1.259215613694151040e-02	4.571672093288113829e+05	1.290048906857882161e+06
1.300511252173409960e-02	4.508936525336621562e+05	1.272349235588745214e+06
1.343161170046018073e-02	4.444143561252376530e+05	1.254069108345283195e+06
1.387209780541618330e-02	4.377225729280763189e+05	1.235189489229429746e+06
1.432702953409829491e-02	4.308113344949034508e+05	1.215690718065937748e+06
1.479688062686396362e-02	4.236734438500867109e+05	1.195552489929390140e+06
1.528214036025870790e-02	4.163014679951064172e+05	1.174753833999781404e+06
1.578331405652119712e-02	4.086877301682489924e+05	1.153273091724686790e+06
1.630092360979738114e-02	4.028232400185725419e+05	1.136725615754032740e+06
1.683550802961200632e-02	3.970661379881696193e+05	1.120480766331707826e+06
1.738762400216250711e-02	3.911202333400495118e+05	1.103703171427513938e+06
1.795784647002096959e-02	3.849793343429786619e+05	1.086375359796192264e+06
1.854676923084701279e-02	3.786370462095575640e+05	1.068479287227679277e+06
1.915500555573523833e-02	3.720867644370489288e+05	1.049996317756882170e+06
1.978318882784162180e-02	3.653216679298165254e+05	1.030907204257221543e+06
2.043197320195270367e-02	3.598385151804028428e+05	1.015434067569139181e+06
2.110203428568596662e-02	3.547245200604583370e+05	1.001002071317237569e+06
2.179406984302958289e-02	3.494428128415205283e+05	9.860967816171994200e+05
2.250880052095457357e-02	3.439878934502638876e+05	9.707026769372762647e+05
2.324697059985645492e-02	3.383540814399307710e+05	9.548037267212406732e+05
2.400934876860652198e-02	3.325355100750369602e+05	9.383833746950773057e+05
2.479672892502160150e-02	3.265261202220803243e+05	9.214245216262013419e+05
2.560993100258462246e-02	3.214120188244729070e+05	9.069913777214139700e+05
2.644980182427714502e-02	3.168702834936181898e+05	8.941728825175256934e+05
2.731721598441373688e-02	3.121796031701405882e+05	8.809340081998197129e+05
2.821307675939470697e-02	3.073350932429370587e+05	8.672609685479557374e+05
2.913831704832788722e-02	3.023317089113922557e+05	8.531395252261918504e+05
3.009390034449724305e-02	2.971642399320069235e+05	8.385549729563820874e+05
3.108082173869057552e-02	2.918273051927437773e+05	8.234921242047278211e+05
3.210010895543168735e-02	2.870679992343663471e+05	8.100590281333982712e+05
3.315282342319423453e-02	2.830351859333387110e+05	7.986757251741104992e+05
3.424006137971426222e-02	2.788701176012246870e+05	7.869191098459205823e+05
3.536295501355046084e-02	2.745684569697348634e+05	7.747769394697686657e+05
3.652267364308168368e-02	2.701257245310295839e+05	7.622365698712179437e+05
3.772042493416994519e-02	2.655372938730086898e+05	7.492849422135166824e+05
3.895745615775501186e-02	2.607983868616293767e+05	7.359085693988670828e+05
4.023505548869293208e-02	2.563782218982666964e+05	7.234315869406806305e+05
4.155455334718879262e-02	2.527977950363860291e+05	7.133242472702687373e+05
4.291732378422148664e-02	2.490999490354150184e+05	7.028854401049530134e+05
4.432478591240391480e-02	2.452808331661641714e+05	6.921042950570958201e+05
4.577840538376615892e-02	2.413364704158137902e+05	6.809695852476148866e+05
4.727969591600390820e-02	2.372627533464745211e+05	6.694697156149366638e+05
4.883022086877885498e-02	2.330554398179326381e+05	6.575927108405516483e+05
5.043159487171348238e-02	2.289578427049101447e+05	6.460252729736078763e+05
5.208548550577655339e-02	2.257794011867481750e+05	6.370518889581320109e+05
5.379361503980698012e-02	2.224967235310779652e+05	6.277842252194628818e+05
5.555776222398878250e-02	2.191063913417137810e+05	6.182126309329690412e+05
5.737976414214139564e-02	2.156048741170831781e+05	6.083271387778127100e+05
5.926151812475564939e-02	2.119885255737612024e+05	5.981174545575410593e+05
6.120498372476690374e-02	2.082535798494359769e+05	5.875729464802899165e+05
6.321218475812448445e-02	2.044614550559515192e+05	5.768669698183906730e+05
6.528521141127847927e-02	2.016401103066798532e+05	5.689010214228089899e+05
6.742622241778348235e-02	1.987262403127048747e+05	5.606738318851141958e+05
6.963744730628236568e-02	1.957168107334308152e+05	5.521768338720841566e+05
7.192118872221178738e-02	1.926086877178758441e+05	5.434011790871020639e+05
7.427982482564911282e-02	1.893986346412542916e+05	5.343377290560321417e+05
7.671581176779301847e-02	1.860833087345392851e+05	5.249770456109324005e+05
7.923168624866261389e-02	1.826592576034896192e+05	5.153093810616725241e+05
8.183006815867406580e-02	1.800751642978635791e+05	5.080127034490153310e+05
8.451366330684703665e-02	1.774888435553909221e+05	5.007096652470006375e+05
8.728526623848370525e-02	1.748177051175120869e+05	4.931671258649561205e+05
9.014776314524917955e-02	1.720589674106446037e+05	4.853772309258892201e+05
9.310413487069084393e-02	1.692097576402457198e+05	4.773318684706189088e+05
9.615746001432116941e-02	1.662671087992456742e+05	4.690226605104370392e+05
9.931091813749780284e-02	1.632279565783738799e+05	4.604409543027434847e+05
1.025677930744420957e-01	1.608115222263262258e+05	4.536171522329890868e+05
1.059314763518370006e-01	1.585160554278731579e+05	4.471347810968601261e+05
1.094054707205743548e-01	1.561453094111359387e+05	4.404398223371226341e+05
1.129933938033223922e-01	1.536968154143319116e+05	4.335253041996511747e+05
1.166989818617144986e-01	1.511680237132978218e+05	4.263840262935134815e+05
1.205260936870841404e-01	1.485563009663491393e+05	4.190085520928843762e+05
1.244787146187906202e-01	1.458589274720676476e+05	4.113912011930703884e+05
1.285609606943296512e-01	1.436047118013008730e+05	4.050249470988541725e+05
1.327770829355431892e-01	1.415674774189322197e+05	3.992712277182129328e+05
1.371314717753943091e-01	1.394634324811379774e+05	3.933288166529474547e+05
1.416286616299197443e-01	1.372903859536630625e+05	3.871915258098436752e+05
1.462733356201129931e-01	1.350460749478722282e+05	3.808529641588315717e+05
1.510703304486655796e-01	1.327281623643037165e+05	3.743065310777227860e+05
1.560246414366371071e-01	1.303342344589455024e+05	3.675454094786937931e+05
1.611414277253016558e-01	1.282359471789195377e+05	3.616189676552687306e+05
1.664260176485901910e-01	1.264279568953315320e+05	3.565121158666632837e+05
1.718839142817145671e-01	1.245606740550811810e+05	3.512377862427005894e+05
1.775208011717636092e-01	1.226321541746679723e+05	3.457904863926679245e+05
1.833425482562292541e-01	1.206403890017762315e+05	3.401645438043712638e+05
1.893552179756291254e-01	1.185833044239942683e+05	3.343540999371007783e+05
1.955650715865947520e-01	1.164587583089490799e+05	3.283531041208722163e+05
2.019785756819878764e-01	1.145095123076490272e+05	3.228470464053435717e+05
2.086024089248504632e-01	1.129050133007608820e+05	3.183143960729059763e+05
2.154434690031886424e-01	1.112478951790776046e+05	3.136330986879336997e+05
2.225088798128364853e-01	1.095364323128359101e+05	3.087982794101890177e+05
2.298059988758848760e-01	1.077688424807063566e+05	3.038049035303534474e+05
2.373424250023866422e-01	1.059432850138894428e+05	2.986477712271680939e+05
2.451260062033339959e-01	1.040578588793456292e+05	2.933215121526292642e+05
2.531648478631358112e-01	1.022503785714432161e+05	2.882153070873210672e+05
2.614673211801087360e-01	1.008264983066011773e+05	2.841923095652958145e+05
2.700420718837769907e-01	9.935592227018879203e+04	2.800373789180246531e+05
2.788980292380439652e-01	9.783711908689580741e+04	2.757461884340342949e+05
2.880444153396297668e-01	9.626850716036908852e+04	2.713142695085083833e+05
2.974907547214443726e-01	9.464845302622705640e+04	2.667370069899333175e+05
3.072468842708997450e-01	9.297526965106185526e+04	2.620096343741395103e+05
3.173229634734973104e-01	9.130206166077760281e+04	2.572821286885949085e+05
3.277294849923382269e-01	9.003848939104625606e+04	2.537114579821923980e+05
3.384772855945983316e-01	8.873347860746884544e+04	2.500236880872025504e+05
3.495775574363279015e-01	8.738567034509267251e+04	2.462149787671277882e+05
3.610418597173329913e-01	8.599366107207391178e+04	2.422813638459444337e+05
3.728821307182829670e-01	8.455600122811761685e+04	2.382187470779479481e+05
3.851107002325568907e-01	8.307119371498814144e+04	2.340228978821555793e+05
3.977403024058037140e-01	8.153769233751432330e+04	2.296894469368148420e+05
4.107840889965651554e-01	8.040338679589245294e+04	2.264834587366549822e+05
4.242556430717768223e-01	7.924531669720166246e+04	2.232102773579658824e+05
4.381689931514186065e-01	7.804926800008081773e+04	2.198297528734401276e+05
4.525386278170167031e-01	7.681399520657586982e+04	2.163383649946989608e+05
4.673795107992463338e-01	7.553821197296115861e+04	2.127324779864493466e+05
4.827070965603187935e-01	7.422058977021336614e+04	2.090083368804341590e+05
4.985373463873883915e-01	7.285975650055616279e+04	2.051620635652193450e+05
5.148867450137487589e-01	7.179820296036434593e+04	2.021611333633251488e+05
5.317723177850967042e-01	7.077053950622360571e+04	1.992558638834244048e+05
5.492116483887790057e-01	6.970917410460140673e+04	1.962553168697780056e+05
5.672228971644548423e-01	6.861300150916498387e+04	1.931563677212089242e+05
5.858248200152549323e-01	6.748088022732429090e+04	1.899557893660819391e+05
6.050367879391213011e-01	6.631163133154604293e+04	1.866502489018134656e+05
6.248788072006887795e-01	6.510403723168409488e+04	1.832363041241716419e+05
6.453715401646701322e-01	6.411302584629864577e+04	1.804341750897645252e+05
6.665363268124920859e-01	6.320109212431289052e+04	1.778553800850918924e+05
6.883952069645510319e-01	6.225925178038675949e+04	1.751920141895670968e+05
7.109709432312424360e-01	6.128652403487122501e+04	1.724413039234968310e+05
7.342870447166758296e-01	6.028189594371127168e+04	1.696003848516637227e+05
7.583677914997191127e-01	5.924432134362348006e+04	1.666662986004664272e+05
7.832382599179205096e-01	5.817271976267988066e+04	1.636359897772340046e+05
8.089243486805955952e-01	5.724963869924210303e+04	1.610252680380897946e+05
8.354528058382855171e-01	5.644040733901819476e+04	1.587361638751047722e+05
8.628512566366886016e-01	5.560463745327524521e+04	1.563719891547598236e+05
8.911482322840202919e-01	5.474145871818340675e+04	1.539302819582515804e+05
9.203731996618230715e-01	5.384997226787610271e+04	1.514084996288092516e+05
9.505565920101212152e-01	5.292924975842158165e+04	1.488040161239149456e+05
9.817298406188821325e-01	5.197833240109787585e+04	1.461141192806906183e+05
1.013925407558814440e+00	5.112028383006864169e+04	1.436866010220090975e+05
1.047176819485520438e+00	5.040219231245879200e+04	1.416545365070464031e+05
1.081518702552289213e+00	4.966055117603567487e+04	1.395558309810734936e+05
1.116986818467825104e+00	4.889458811736346979e+04	1.373882989699994505e+05
1.153618101736475943e+00	4.810350550552241475e+04	1.351496833276968391e+05
1.191450698119774998e+00	4.728647955150016060e+04	1.328376528855349752e+05
1.230524004359261570e+00	4.644265945034493780e+04	1.304498000248339958e+05
1.270878709202059476e+00	4.564655474326052354e+04	1.281967402887681819e+05
1.312556835771845343e+00	4.500934113560857804e+04	1.263927344275476353e+05
1.355601785329366038e+00	4.435123027851866937e+04	1.245295666777283768e+05
1.400058382468096108e+00	4.367153685229745315e+04	1.226052968410334870e+05
1.445972921792019639e+00	4.296955306237623881e+04	1.206179210909044778e+05
1.493393216124253353e+00	4.224454790225310717e+04	1.185653698858277785e+05
1.542368646296630619e+00	4.149576639226388943e+04	1.164455058142306516e+05
1.592950212572119773e+00	4.075840382309141569e+04	1.143578381422098755e+05
1.645190587753660783e+00	4.019296084877732210e+04	1.127561678210829414e+05
1.699144172034625866e+00	3.960897432370513707e+04	1.111019711511521164e+05
1.754867149648152269e+00	3.900583611709892284e+04	1.093935255448896496e+05
1.812417547374239657e+00	3.838291815469698486e+04	1.076290519229717174e+05
1.871855294965575345e+00	3.773957176471066487e+04	1.058067128616451664e+05
1.933242287555043237e+00	3.707512700233362557e+04	1.039246106793367217e+05
1.996642450109793465e+00	3.639325468137006828e+04	1.019931243616517895e+05
2.062121803999144465e+00	3.589150002153340756e+04	1.005709586208835390e+05
2.129748535745523252e+00	3.537329045213833160e+04	9.910215333590247610e+04
2.199593068030070597e+00	3.483808633883716539e+04	9.758517897535952216e+04
2.271728133026902796e+00	3.428533035011830361e+04	9.601845584733443684e+04
2.346228848142262624e+00	3.371444687693280866e+04	9.440035245433454111e+04
2.423172794237601124e+00	3.312484143328723439e+04	9.272918379434406233e+04
2.502640096417921622e+00	3.251590003717935178e+04	9.100320960615787772e+04
2.584713507469558191e+00	3.204996870916886837e+04	8.968174087567886454e+04
2.669478494034318139e+00	3.159012831405073666e+04	8.837739848301158054e+04
2.757023325609582631e+00	3.111520757644920013e+04	8.703028053124624421e+04
2.847439166467247595e+00	3.062471194057526372e+04	8.563898420738955610e+04
2.940820170587066684e+00	3.011813063181543112e+04	8.420206069357215893e+04
3.037263579703306071e+00	2.959493612483972902e+04	8.271801365833127056e+04
3.136869824566873799e+00	2.905458359426622701e+04	8.118529769841436064e+04
3.239742629528195472e+00	2.861924087115377188e+04	7.994969179703951522e+04
3.345989120549975215e+00	2.821119588016425041e+04	7.879123702903911180e+04
3.455719936762142730e+00	2.778976916308435830e+04	7.759479104748190730e+04
3.569049345675222806e+00	2.735452186979440376e+04	7.635910794070418342e+04
3.686095362172154388e+00	2.690500075820249913e+04	7.508290093770275416e+04
3.806979871402284221e+00	2.644073772226402798e+04	7.376484106816480926e+04
3.931828755705770284e+00	2.596124930452207627e+04	7.240355577855222509e+04
4.060772025700369880e+00	2.555543082841574142e+04	7.125077195635005774e+04
4.193943955667178258e+00	2.519334758644830436e+04	7.022171784301301523e+04
4.331483223376394243e+00	2.481938992162814975e+04	6.915891617589884845e+04
4.473533054498463279e+00	2.443316841544118142e+04	6.806126021302868321e+04
4.620241371751312442e+00	2.403428087849748044e+04	6.692760691711693653e+04
4.771760948938751135e+00	2.362231193171389532e+04	6.575677576527671772e+04
4.928249570040502903e+00	2.319683257376167239e+04	6.454754751968971686e+04
5.089870193519674402e+00	2.281933492374440902e+04	6.347414978645098017e+04
5.256791122018420026e+00	2.249803669228389481e+04	6.255986262712702592e+04
5.429186177618942288e+00	2.216620157145659687e+04	6.161559166551611270e+04
5.607234882852038638e+00	2.182348400680047052e+04	6.064035359086031531e+04
5.791122647641747001e+00	2.146952711148758317e+04	5.963313284498914436e+04
5.981040962380932413e+00	2.110396229468199454e+04	5.859288056477380451e+04
6.177187597338488878e+00	2.072640887771026610e+04	5.751851348990071710e+04
6.379766808606282424e+00	2.037593338125075024e+04	5.652079412920873438e+04
6.588989550799956518e+00	2.009082638103712816e+04	5.570828479775500455e+04
6.805073696735220778e+00	1.979636937318328637e+04	5.486912944059458823e+04
7.028244264308338707e+00	1.949225572669525718e+04	5.400245420845786430e+04
7.258733650817245753e+00	1.917816875469772276e+04	5.310735659442230099e+04
7.496781874966876202e+00	1.885378138465429220e+04	5.218290449409315625e+04
7.742636826811278183e+00	1.851875581777238767e+04	5.122813523496180278e+04
7.996554525892363152e+00	1.819394435529869952e+04	5.030221571725205285e+04
8.258799387844256046e+00	1.794095212700436241e+04	4.957995423570425191e+04
8.529644499741017682e+00	1.767966308640549687e+04	4.883400638249361509e+04
8.809371904473991322e+00	1.740980514176683573e+04	4.806359536941140686e+04
9.098272894455567084e+00	1.713109727817755265e+04	4.726791893368776800e+04
9.396648314954710202e+00	1.684324926491815131e+04	4.644614850256033242e+04
9.704808877380287413e+00	1.654596135323054477e+04	4.559742833044526196e+04
1.002307548283864236e+01	1.624542544200126758e+04	4.473934116926957358e+04
1.035177955630176250e+01	1.602093065461549668e+04	4.409709232494894241e+04
1.069126339173477191e+01	1.578907362086020839e+04	4.343378110195356567e+04
1.104188050854162562e+01	1.554961289783939355e+04	4.274871676522122289e+04
1.140399601970030830e+01	1.530229912460202286e+04	4.204118592721859750e+04
1.177798701197118092e+01	1.504687476247143604e+04	4.131045180505919416e+04
1.216424293857368077e+01	1.478307382685920675e+04	4.055575345325953094e+04
1.256316602474121602e+01	1.451062161028360970e+04	3.977630497133293829e+04
1.297517168657589615e+01	1.430621068034422024e+04	3.919018519504012511e+04
1.340068896363947992e+01	1.410047040567925796e+04	3.860012606704538484e+04
1.384016096573130383e+01	1.388798293386170008e+04	3.799071610813165171e+04
1.429404533431761060e+01	1.366852699236975241e+04	3.736132071298659866e+04
1.476281471909391030e+01	1.344187405210855286e+04	3.671128446458674443e+04
1.524695727017576097e+01	1.320778808943284457e+04	3.603993045168301614e+04
1.574697714643083479e+01	1.296602534036522957e+04	3.534655956390348729e+04
1.626339504048190676e+01	1.277486009677568472e+04	3.479710052784677100e+04
1.679674872092653359e+01	1.259229474409694376e+04	3.427196135353375576e+04
1.734759359233932585e+01	1.240374220961941319e+04	3.372960038077901845e+04
1.791650327363903017e+01	1.220900614532105465e+04	3.316945282531948033e+04
1.850407019542298315e+01	1.200788376399910339e+04	3.259093538094366522e+04
1.911090621689136171e+01	1.180016562809876996e+04	3.199344561206902654e+04
1.973764326300255334e+01	1.158563543161688540e+04	3.137636132639983771e+04
2.038493398252463962e+01	1.140728728097022031e+04	3.086229805442320139e+04
2.105345242766708225e+01	1.124528627921387488e+04	3.039468021348757975e+04
2.174389475600075627e+01	1.107797249803434897e+04	2.991172697081801016e+04
2.245697995539771696e+01	1.090517170625467406e+04	2.941293540602564462e+04
2.319345059274427712e+01	1.072670395883320089e+04	2.889778610558248329e+04
2.395407358720879643e+01	1.054238340947886172e+04	2.836574262193304457e+04
2.473964100886816908e+01	1.035201811712129165e+04	2.781625091486810561e+04
2.555097090352501965e+01	1.018599102370940273e+04	2.733612381402986284e+04
2.638890814457507972e+01	1.004223778191128440e+04	2.691945654817818649e+04
2.725432531281027693e+01	9.893770191085919578e+03	2.648912479104350132e+04
2.814812360507581346e+01	9.740433645420782341e+03	2.604468041929736864e+04
2.907123377272581166e+01	9.582068468847177428e+03	2.558566061352693941e+04
3.002461709085543262e+01	9.418509748762566232e+03	2.511158737628083691e+04
3.100926635931923414e+01	9.249587164299753567e+03	2.462196703430924026e+04
3.202620693657650008e+01	9.095337778023733335e+03	2.417417837680355296e+04
3.307649780744242918e+01	8.967776436829548402e+03	2.380262488034751004e+04
3.416123268585532458e+01	8.836031755647680257e+03	2.341888638658164564e+04
3.528154115380876732e+01	8.699966542964722976e+03	2.302256329178579108e+04
3.643858983763541204e+01	8.559439108108314031e+03	2.261324288734277070e+04
3.763358362286533065e+01	8.414303113698531888e+03	2.219049892996708149e+04
3.886776690892667574e+01	8.264407423260288851e+03	2.175389119783890419e+04
4.014242490499325555e+01	8.121361530658503398e+03	2.133675116222685028e+04
4.145888496832903058e+01	8.008167535409132142e+03	2.100512515888563939e+04
4.281851798652406416e+01	7.891261373430707863e+03	2.066262356966745938e+04
4.422273980505897129e+01	7.770521305210527316e+03	2.030888973264905144e+04
4.567301270168746896e+01	7.645821598821190491e+03	1.994355528927496562e+04
4.717084690917022272e+01	7.517032398990442744e+03	1.956623980076966836e+04
4.871780218794621931e+01	7.384019591877206039e+03	1.917655035197001780e+04
5.031548945038046838e+01	7.251585495362342044e+03	1.878831430036079109e+04
5.196557243827657402e+01	7.151139267521845795e+03	1.849200569434878344e+04
5.366976945540476152e+01	7.047398932567049997e+03	1.818597972703733467e+04
5.542985515684674169e+01	6.940256461138228588e+03	1.786991772016766117e+04
5.724766239702167070e+01	6.829600281081779031e+03	1.754349054451297707e+04
5.912508413831869092e+01	6.715315161265189090e+03	1.720635827714159677e+04
6.106407542232037144e+01	6.597282091581889290e+03	1.685816984744053843e+04
6.306665540567406225e+01	6.475378159020753628e+03	1.649856267153015870e+04
6.513490946272808912e+01	6.385724709540528238e+03	1.623197663003156595e+04
6.727099135712350630e+01	6.293664958020804079e+03	1.595819165921187232e+04
6.947712548460225435e+01	6.198586131629478587e+03	1.567542798367074647e+04
7.175560918936922405e+01	6.100389220615466911e+03	1.538339114919379244e+04
7.410881515641570161e+01	5.998971968229483537e+03	1.508177704501971130e+04
7.653919388230156073e+01	5.894228764239544034e+03	1.477027158715626138e+04
7.904927622696436629e+01	5.786050534954423711e+03	1.444855039131089325e+04
8.164167604921453858e+01	5.702119558233269345e+03	1.419700879631811040e+04
8.431909292866251349e+01	5.620420704125051088e+03	1.395169577916688831e+04
8.708431497690725109e+01	5.536042557998267512e+03	1.369833778738196270e+04
8.994022174092053490e+01	5.448897253189438743e+03	1.343667098817692749e+04
9.288978720164516290e+01	5.358894041471408855e+03	1.316642289643987169e+04
9.593608287093125853e+01	5.265939198553252936e+03	1.288731209098272848e+04
9.908228099003788714e+01	5.169935926481013666e+03	1.259904792148489651e+04
1.023316578330244937e+02	5.091552230416779821e+03	1.236197261063101905e+04
1.056875971184805252e+02	5.019040113317188116e+03	1.214177352373012036e+04
1.091535935331393290e+02	4.944149980776438497e+03	1.191435306680550821e+04
1.127332563710484834e+02	4.866803846415651606e+03	1.167947441696319765e+04
1.164303132920875612e+02	4.786921166313524736e+03	1.143689298476579097e+04
1.202486142037412122e+02	4.704418755132481238e+03	1.118635615953095839e+04
1.241921352701784684e+02	4.619210699494087748e+03	1.092760304627671940e+04
1.282649830528062580e+02	4.546163157132887136e+03	1.070431258408214489e+04
1.324713987866115019e+02	4.481790206451762060e+03	1.050623160825914601e+04
1.368157627967470660e+02	4.415306162110209698e+03	1.030165461993576355e+04
1.413025990599533657e+02	4.346641791357589682e+03	1.009036858412352922e+04
1.459365799155757486e+02	4.275725590973752333e+03	9.872153479408616477e+03
1.507225309310758803e+02	4.202483712809616918e+03	9.646782068833910671e+03
1.556654359271059036e+02	4.126839886885857595e+03	9.414019663267239594e+03
1.607704421673822139e+02	4.058888234122866834e+03	9.203753691491896461e+03
1.660428657187529780e+02	4.001714504850796857e+03	9.025114069796911281e+03
1.714881969870540956e+02	3.942665778454442716e+03	8.840616009598332312e+03
1.771121064345090304e+02	3.881680564905764641e+03	8.650067384975976893e+03
1.829204504846290149e+02	3.818695357627745580e+03	8.453269769291629927e+03
1.889192776207664224e+02	3.753644567362176076e+03	8.250018228558599731e+03
1.951148346846616732e+02	3.686460453868730838e+03	8.040101108035117250e+03
2.015135733815558865e+02	3.623338624878866085e+03	7.842040150347367671e+03
2.081221569986341819e+02	3.572510816792437254e+03	7.680446859219034195e+03
2.149474673437976264e+02	3.520016124365792621e+03	7.513554159428265848e+03
2.219966119119952452e+02	3.465799882573841842e+03	7.341188258288607358e+03
2.292769312865648885e+02	3.409805633666670474e+03	7.163169663629105344e+03
2.367960067833078881e+02	3.351975068377586013e+03	6.979312996881156323e+03
2.445616683452449251e+02	3.292247965203123385e+03	6.789426800035696942e+03
2.525820026962779821e+02	3.233662855755066630e+03	6.602708803374221134e+03
2.608653617622545084e+02	3.188387510385663973e+03	6.456018795003733430e+03
2.694203713681882277e+02	3.141627372202332936e+03	6.304518127133546841e+03
2.782559402207126027e+02	3.093333747822786790e+03	6.148049035475015444e+03
2.873812691851068735e+02	3.043456346978319289e+03	5.986448581901940088e+03
2.968058608665596125e+02	2.991943230144349400e+03	5.819548484775976249e+03
3.065395295056523537e+02	2.938740754453493537e+03	5.647174943707496823e+03
3.165924111983520675e+02	2.884364310877345360e+03	5.470910439683229015e+03
3.269749744511767631e+02	2.843867316781831505e+03	5.337214611089029859e+03
3.376980310825094875e+02	2.802042234621431817e+03	5.199134263637401091e+03
3.487727474814170705e+02	2.758845510104099048e+03	5.056525608207838559e+03
3.602106562357066082e+02	2.714232160586438567e+03	4.909240140154124674e+03
3.720236681413065867e+02	2.668155728231338799e+03	4.757124484660030248e+03
3.842240846055060501e+02	2.620568231629372349e+03	4.600020237023331902e+03
3.968246104569486192e+02	2.571420115833650470e+03	4.437763797702058582e+03
4.098383671757252955e+02	2.533474281532990972e+03	4.310934832235867361e+03
4.232789065573544462e+02	2.495730918879600722e+03	4.184547654747702836e+03
4.371602248248502747e+02	2.456749772766272599e+03	4.054015643655820895e+03
4.514967772036101792e+02	2.416490250416264189e+03	3.919202870253338915e+03
4.663034929742735812e+02	2.374910427823602276e+03	3.779968948087871922e+03
4.815957910192341274e+02	2.331967006095782381e+03	3.636168886770983136e+03
4.973895958790057534e+02	2.287615266364709441e+03	3.487652940993258653e+03
5.137013543351338285e+02	2.251163172348050466e+03	3.365676029992579515e+03
5.305480525369574707e+02	2.216447422874808581e+03	3.249543320692910584e+03
5.479472336900292930e+02	2.180593179704227168e+03	3.129602070324738179e+03
5.659170163246230914e+02	2.143563106240714205e+03	3.005727378804733235e+03
5.844761131633625837e+02	2.105318641445020603e+03	2.877790249984770526e+03
6.036438506075865007e+02	2.065819959678969553e+03	2.745657457322676692e+03
6.234401888627863855e+02	2.025025929233248462e+03	2.609191405147527803e+03
6.438857427240425295e+02	1.989171673316538772e+03	2.491917708297914032e+03
6.650018030431132274e+02	1.955911372656336198e+03	2.385010839599799510e+03
6.868103588995293194e+02	1.921560309352443028e+03	2.274597988802450345e+03
7.093341204987989386e+02	1.886082712136363398e+03	2.160564178162780081e+03
7.325965428215230304e+02	1.849441636630453786e+03	2.042790659273485744e+03
7.566218500481062392e+02	1.811598926876105679e+03	1.921154789405065230e+03
7.814350607844559136e+02	1.772515175600276962e+03	1.795529903792580853e+03
8.070620141149491928e+02	1.735560986172658659e+03	1.683087176603207581e+03
8.335293965098187527e+02	1.700962171128595173e+03	1.585050007738332624e+03
8.608647696149245121e+02	1.665228697220448339e+03	1.483797736202441001e+03
8.890965989529167928e+02	1.628323353614950747e+03	1.379224923565344625e+03
9.182542835656300895e+02	1.590207709159534261e+03	1.271222673571804307e+03
9.483681866285909337e+02	1.550842072362289173e+03	1.159678518743095992e+03
9.794696670695386729e+02	1.510185450059454524e+03	1.044476303259639963e+03
1.011591112223829782e+03	1.468907643879638499e+03	9.375561531345603044e+02
1.044765971560805156e+03	1.427578859146535251e+03	8.491911080838387988e+02
1.079028791516185947e+03	1.384894707997573278e+03	7.579281550696722434e+02
1.114415251466786003e+03	1.340810741554499145e+03	6.636722579772870176e+02
1.150962200885031052e+03	1.295281053249994557e+03	5.663252640079645062e+02
1.188707697711903165e+03	1.248258231023190319e+03	4.657858014683021679e+02
1.227691047988360424e+03	1.199693307947384938e+03	3.619491742073752789e+02
1.267952846786436567e+03	1.148442683658676970e+03	2.622530079988065950e+02
1.309535020482665232e+03	1.091605479054939451e+03	1.862513701627320302e+02
1.352480870417874030e+03	1.032904313563192318e+03	1.077572789884122813e+02
1.396835117988739739e+03	9.722780590858134246e+02	2.668899513680891644e+01
1.442643951218158691e+03	9.096635828455988531e+02	-5.703790135083699653e+01
1.489955072852856802e+03	8.449956816428405091e+02	-1.435105989632016303e+02
1.538817750038343092e+03	7.782070139563852536e+02	-2.328191455120604303e+02
1.589282865622976715e+03	7.088902884306874057e+02	-3.219544836256580425e+02
1.641402971144466619e+03	6.336390391106100424e+02	-3.803849920621545948e+02
1.695232341554121376e+03	5.559199452425144727e+02	-4.407317133587142735e+02
1.750827031735726905e+03	4.756520745260305603e+02	-5.030574892023823850e+02
1.808244934877948026e+03	3.927518405077050261e+02	-5.674272221564762049e+02
1.867545842761074027e+03	3.071329155387196010e+02	-6.339079432465022137e+02
1.928791508020777655e+03	2.187061408781873126e+02	-7.025688817624543390e+02
1.992045708453871384e+03	1.273794338482048971e+02	-7.734815373503410001e+02
2.057374313432916097e+03	5.684231687438391845e+01	-8.093237731085515634e+02
2.124845352498878583e+03	-1.473591431400372187e+01	-8.443413040807157586e+02
2.194529086203311635e+03	-8.866153440545643605e+01	-8.805072255935799603e+02
2.266498079273692838e+03	-1.650115253897505738e+02	-9.178591988070605794e+02
2.340827276178294142e+03	-2.438653938603887070e+02	-9.564361199687209592e+02
2.417594079169133238e+03	-3.253052538082945944e+02	-9.962781609181369049e+02
2.496878428884322147e+03	-4.094159121306980182e+02	-1.037426810919587297e+03
2.578762887593798041e+03	-4.517064572779867717e+02	-1.049176626840093832e+03
2.663332725174980624e+03	-4.850517987266112527e+02	-1.054185138160042925e+03
2.750676007908067731e+03	-5.194906917087894271e+02	-1.059357902266042856e+03
2.840883690183307408e+03	-5.550589989539033695e+02	-1.064700305784178909e+03
2.934049709215781604e+03	-5.917937592999271601e+02	-1.070217911993494454e+03
3.030271082866393044e+03	-6.297332262636105042e+02	-1.075916466619279618e+03
3.129648010670750864e+03	-6.689169078755156761e+02	-1.081801903816342929e+03
3.232283978181380917e+03	-6.790809293026903788e+02	-1.070148686612788424e+03
3.338285864731764832e+03	-6.749901726383930054e+02	-1.049577613611003244e+03
3.447764054734457204e+03	-6.707652607059447973e+02	-1.028331917784842062e+03
3.560832552629274687e+03	-6.664017939192902986e+02	-1.006389475059627671e+03
3.677609101601030943e+03	-6.618952284091301408e+02	-9.837274358075927694e+02
3.798215306190736101e+03	-6.572408712911890234e+02	-9.603222010535508844e+02
3.922776758927723677e+03	-6.524338757793100285e+02	-9.361493979002497099e+02
4.051423171114639445e+03	-6.390810941996039674e+02	-9.078420933325094211e+02
4.184288507901576850e+03	-6.181118472556696588e+02	-8.757465823421492814e+02
4.321511127789762213e+03	-5.964549194796668417e+02	-8.425985076730587480e+02
4.463233926710398009e+03	-5.740877585630618114e+02	-8.083633507815657140e+02
4.609604486828438894e+03	-5.509870726004087373e+02	-7.730054610976130789e+02
4.760775230226357962e+03	-5.271288058344696310e+02	-7.364880189002601583e+02
4.916903577628021594e+03	-5.024881136058872926e+02	-6.987729969756740047e+02
5.078152112327669784e+03	-4.790333041122189002e+02	-6.640429591988195170e+02
5.244688749495119737e+03	-4.577600468450553421e+02	-6.344215900926272980e+02
5.416686911033157230e+03	-4.357891388087724636e+02	-6.038287961275254929e+02
5.594325706169366640e+03	-4.130977007334265068e+02	-5.722327196856901992e+02
5.777790117970495885e+03	-3.896621030295411856e+02	-5.396004583872503417e+02
5.967271195973309659e+03	-3.654579411815967092e+02	-5.058980308276190385e+02
6.162966255132942024e+03	-3.404600103345256912e+02	-4.710903411911515946e+02
6.365079081295578362e+03	-3.176177760264494054e+02	-4.393523435705038764e+02
6.573820143409572665e+03	-3.021433640943582759e+02	-4.180613394881178237e+02
6.789406812696099223e+03	-2.861614729713488714e+02	-3.960721026345617588e+02
7.012063589007177143e+03	-2.696554600134023758e+02	-3.733617346532910233e+02
7.242022334607316225e+03	-2.526081367854492896e+02	-3.499065862422937130e+02
7.479522515621828461e+03	-2.350017511622998256e+02	-3.256822325270385932e+02
7.724811451403416868e+03	-2.168179688425773577e+02	-3.006634476257816573e+02
7.978144572076612349e+03	-1.993080824696302784e+02	-2.765677041587709368e+02
8.239785684528511410e+03	-1.894451467471794217e+02	-2.629662107598492184e+02
8.510007247122248373e+03	-1.792587586917768760e+02	-2.489186600312123403e+02
8.789090653419963928e+03	-1.687383107708750174e+02	-2.344104236423119971e+02
9.077326525210242835e+03	-1.578728475807399150e+02	-2.194263935304209099e+02
9.375015015145270809e+03	-1.466510544381105490e+02	-2.039509661679468309e+02
9.682466119303113373e+03	-1.350612455977172317e+02	-1.879680263137871918e+02
1.000000000000000000e+04	-1.230913520834112802e+02	-1.714609302318336006e+02
