# Frequency (Hz)	Imaginary Part (Ohm/m)
1000.0	90279109.59167084
1018.6101701559753	90032825.91642995
1037.566678745186	89781958.86008619
1056.875971184804	89526423.12513733
1076.5446128423157	89266131.82668014
1096.5792912678098	89000996.46286856
1116.9868184678226	88730926.88482209
1137.7741332214914	88455831.26597418
1158.9483034398106	88175616.07085037
1180.5165285688054	87890186.02326503
1202.4861420374123	87599444.07392648
1224.8646137509306	87303291.36743927
1247.6595526308697	87001627.20869216
1270.8787092020582	86717396.81539509
1294.529978227916	86450003.39561212
1318.6214013947485	86177633.73878838
1343.1611700460153	85900195.23630586
1368.1576279674719	85617593.55608428
1393.619274224142	85329732.61050744
1419.5547660501015	85036514.52375211
1445.9729217920194	84737839.59850949
1472.882723907502	84433606.28208677
1500.2933220192183	84123711.13187833
1528.2140360258693	83808048.780194
1556.654359271062	83486511.89843297
1585.6239617711371	83160279.31793009
1615.132693503091	82878679.45224012
1645.1905877536624	82591838.96513379
1675.807864530767	82299660.32775477
1706.9949340384078	82002044.19621815
1738.7624002162504	81698889.37783252
1771.1210643450886	81390092.79669309
1804.0819287193826	81075549.45863512
1837.6562003881704	80755152.41553445
1871.8552949655793	80428792.72894417
1906.690840512252	80096359.4330544
1942.1746814890264	79757739.49696264
1978.3188827841643	79412817.78624196
2015.1357338155585	79093001.4106895
2052.6377527092523	78794610.03205739
2090.8376905557498	78490665.53909583
2129.748535745521	78181064.5874023
2169.3835183851843	77865701.90931733
2209.756114795903	77544470.2781323
2250.880052095462	77217260.47163147
2292.7693128656488	76883961.23495498
2335.438139906479	76544459.24277104
2378.9010410788933	76198639.06074427
2423.1727942376006	75846383.10628662
2468.2684522556924	75487571.60857807
2514.2033481427966	75125336.76768911
2560.9931002584594	74818763.90405485
2608.6536176225477	74506485.66726318
2657.2011053245064	74188395.87934878
2706.652070033241	73864386.38635644
2757.0233256095826	73534347.02156737
2808.3319988231724	73198165.56804137
2860.5955351757416	72855727.720462
2913.831704832789	72506917.04627128
2968.0586086656026	72151614.94608171
3023.2946844057765	71789700.61335082
3079.5587129142264	71421050.9933059
3136.8698245668766	71045540.74110404
3195.2475057592133	70703378.40911433
3254.711605531848	70386511.52394816
3315.282342319423	70063747.69213226
3376.9803108250912	69734977.17048606
3439.8264890229243	69400088.17348976
3503.8422452906757	69058966.83527598
3569.0493456752292	68711497.17091423
3635.4699612933177	68357561.03697467
3703.126675869927	67997038.09135813
3772.0424934169973	67629805.75237854
3842.240846055061	67255739.15708375
3913.745601980384	66874711.11880089
3986.581073580439	66492367.446880996
4060.7720257003657	66174798.44076208
4136.343684063274	65851319.42140306
4213.321743847289	65521820.402451806
4291.732378422157	65186189.35069172
4371.602248248501	64844312.14794872
4452.958509942655	64496072.55229021
4535.828825510186	64141352.15850147
4620.241371751313	63780030.35782649
4706.224849841281	63411984.29695994
4793.808495089106	63037088.83627541
4883.02208687788	62655216.50727682
4973.895958790063	62266237.46925772
5066.461008921268	61918255.733250655
5160.7487103859075	61597979.628948554
5256.791122018419	61271743.1318485
5354.620899273607	60939435.3180263
5454.271305329836	60600943.19924469
5555.7762223988775	60256151.68453613
5659.170163246242	59904943.541070506
5764.488282925873	59547199.35429483
5871.766390733255	59182797.487330936
5981.040962380945	58811614.03961764
6092.349152400711	58433522.8047834
6205.7288067765	58048395.22773437
6321.218475812449	57664635.35299187
6438.8574272404185	57351260.88772775
6558.685659571435	57032054.470342554
6680.743915695614	56706907.56721493
6805.073696735206	56375709.62489442
6931.717276155407	56038348.032512
7060.717714137772	55694708.08349128
7192.118872221193	55344672.93654685
7325.96542821523	54988123.57595726
7462.302891391108	54624938.77109808
7601.17761795533	54254995.03522239
7742.636826811269	53878166.58347394
7886.728615614156	53494325.2901188
8033.501977124735	53157331.4575656
8183.00681586739	52848539.83100738
8335.293965098195	52534001.53973613
8490.415204088747	52213609.637343764
8648.423275731726	51887255.18713127
8809.37190447399	51554827.22506918
8973.31581458352	51216212.7220685
9140.310748756232	50871296.545549706
9310.413487069076	50519961.420296334
9483.681866285926	50162087.888580225
9660.174799522645	49797554.26954459
9839.952296278227	49426236.61783111
10023.075482838643	49059113.73535173
10209.606623060476	48763614.844467804
10399.609139541202	48462616.66894366
10593.1476351837	48156016.866156384
10790.287915161836	47843711.188869424
10991.097009294961	47525593.4497875
11195.643194838794	47201555.48545158
11403.99601970033	46871487.119462416
11616.22632608502	46535276.12501908
11832.40627458378	46192808.186760865
12052.609368708414	45843966.86189867
12276.910479883603	45488633.54062333
12505.385872903913	45126687.405777015
12738.113231864783	44814783.08449897
12975.171686575868	44529658.42069628
13216.641839466038	44239227.53838458
13462.60579298911	43943391.68793445
13713.147177539455	43642050.28196924
13968.351179887397	43335100.86116398
14228.30457214352	43022439.05940827
14493.09574126215	42703958.568320595
14762.81471909391	42379551.101102374
15037.553212997384	42049106.35571941
15317.404637020798	41712511.977397725
15602.46414366368	41369653.520421915
15892.828656229764	41033502.883491755
16188.596901781993	40765952.09811765
16489.86944471065	40493422.14710241
16796.74872092653	40215820.367326155
17109.339072690134	39933052.37119267
17427.746784089173	39645022.01453647
17752.08011717636	39351631.36393279
18082.44934877952	39052780.66339922
18418.96680799711	38748368.30047751
18761.746914391195	38438290.77168423
19110.90621689136	38122442.64731858
19466.56343342263	37800716.53561498
19828.83949127071	37473003.046229005
20197.857568198782	37195619.76512373
20573.743134329114	36942087.29692684
20956.623994804308	36683836.54635672
21346.630333242454	36420779.70537555
21743.8947560008	36152827.331823066
22148.55233726359	35879888.31900507
22560.74066496859	35601869.864716336
22980.599887588487	35318677.43968677
23408.272761782944	35030214.755440496
23843.904700937208	34736383.73155678
24287.643824604504	34437084.46232149
24739.64100886812	34132215.18275817
25200.049937640895	33835918.56968477
25669.027154919517	33601891.79252858
26146.732118010917	33363509.73722848
26633.327251749808	33120691.351317108
27128.978003724646	32873354.07392693
27633.852900531667	32621413.807718612
28148.123605075813	32364784.890286982
28671.964974937695	32103380.065035038
29205.55512182745	31837110.45150555
29749.075472144435	31565885.515160885
30302.71082866393	31289613.036600366
30866.649433372742	31008199.080204368
31441.08303147265	30721547.962195605
32026.206936576502	30482968.46503997
32622.220097116733	30264449.2440833
33229.325163989684	30041863.34324234
33847.72855945983	29815135.080912348
34477.640547344636	29584187.367041256
35119.275304507275	29348941.676917877
35772.850993678774	29109318.024472833
36438.58983763541	28865234.93508243
37116.71819475767	28616609.417866226
37807.466635993485	28363356.937469542
38511.070023255685	28105391.385320242
39227.76758927723	27842625.050351042
39957.803018952654	27589515.36667885
40701.42453219439	27390421.840358898
41458.88496832911	27187623.149637185
42230.441872066716	26981050.340773743
43016.35758106799	26770633.17678774
43816.89931514194	26556300.113576233
44632.33926710397	26337978.27558831
45462.95469532399	26115593.43104667
46309.02801799736	25889069.966707997
47170.84690917023	25658330.86215363
48048.704396551344	25423297.663601905
48942.89896114532	25183890.457232818
49853.73463873894	24940027.842016645
50781.5211232767	24740178.339850754
51726.57387216024	24556381.87528368
52689.21421350677	24369164.92723697
53669.76945540476	24178463.839931026
54668.57299720181	23984213.772941392
55685.96444286408	23786348.679152276
56722.28971644549	23584801.282299783
57777.90117970507	23379503.054097403
58853.1577519145	23170384.19093545
59948.42503189408	22957373.590147234
61064.07542232036	22740398.825833317
62200.48825634718	22519386.124235943
63358.04992658254	22308385.55145543
64537.15401646702	22142562.74195979
65738.20143409586	21973653.9417637
66961.60054853215	21801601.72005511
68207.76732865692	21626347.5772248
69477.1254846024	21447831.924975887
70770.10661181889	21265994.066063125
72087.15033782135	21080772.17365519
73428.70447166759	20892103.27031294
74795.22515621828	20699923.206576336
76187.17702322999	20504166.639153007
77605.0333513357	20304767.008700795
79049.2762269642	20101656.517196827
80520.39670825469	19937537.491621856
82018.8949920221	19785728.80002653
83545.28058382872	19631094.922849473
85100.07247122246	19473583.282906283
86683.79930019773	19313140.3245422
88296.99955494082	19149711.495422635
89940.22174092053	18983241.22798473
91614.0245713852	18813672.92054393
93318.9771573324	18640948.91804859
95055.65920101192	18465010.492476787
96824.66119303115	18285797.822868135
98626.5846131283	18103249.974983927
100462.04213468132	17930502.41408028
102331.65783302448	17794499.589421894
104236.06739764012	17655965.729054917
106175.9183482999	17514853.72997415
108151.87025522892	17371115.612579416
110164.59496336569	17224702.50436209
112214.77682079801	17075564.62328777
114303.11291144785	16923651.260869958
116430.31329208757	16768910.764928587
118597.10123376705	16611290.522027705
120804.21346773289	16450736.93958643
123052.40043592616	16287195.427656773
125342.42654613995	16120610.380362535
127675.07043192645	15987732.561464826
130051.12521734099	15863952.561472205
132471.39878661174	15737868.994617835
134936.71405883064	15609438.99113043
137447.90926775365	15478618.883424992
140005.8382468096	15345364.191255333
142611.37071941295	15209629.606590299
145265.39259467812	15071368.978208613
147968.80626863963	14930535.296006873
150722.53093107554	14787080.675015666
153527.5028780421	14640956.339118151
156384.67583022476	14492112.60446564
159295.0212572123	14352479.15420401
162259.5287078087	14242124.237396585
165279.2061464897	14129715.596809806
168355.08029612005	14015215.012294734
171488.19698705408	13898583.55241885
174679.62151272455	13779781.561229154
177930.43899185772	13658768.644768545
181241.75473742394	13535503.65734152
184614.69463245454	13409944.687524233
188050.40551285836	13282049.043914007
191550.0555573528	13151773.240614
195114.83468466165	13019072.982447376
198745.9549580986	12883903.149896517
202444.65099768018	12777366.08461085
206212.18039991445	12677329.217134165
210049.8241653915	12575430.646531874
213958.88713434213	12471635.726192031
217940.6984302958	12365909.16472332
221996.61191199525	12258215.013955692
226128.00663372793	12148516.656717457
230336.2873142131	12036776.794385199
234622.88481422624	11922957.434201729
238989.25662310526	11807019.876358189
243436.8873543108	11688924.70083574
247967.289250216	11568631.754002191
252582.00269627848	11456746.291322796
257282.59674479323	11367849.873216648
262070.66964838552	11277299.077643275
266947.8494034318	11185063.116356544
271915.7943036019	11091110.628135746
276976.1935036891	10995409.668122591
282130.76759394706	10897927.696959501
287381.2691851069	10798631.569725918
292729.4835042813	10697487.524668707
298177.22900196735	10594461.171722695
303726.3579703311	10489517.480817823
309378.75717301364	10382620.769968413
315136.34848664823	10273734.69314097
321001.08955431683	10188874.985448238
326974.97445117676	10108503.831046365
333060.03436245886	10026636.955785451
339258.33827409917	9943246.524045793
345571.9936762143	9858304.182182074
352003.1472796675	9771781.04888284
358553.9857459817	9683647.705350459
365226.7364308175	9593874.185298534
372023.6681413066	9502429.964762947
378947.09190746717	9409283.951723399
385999.36176797637	9314404.475531854
393182.87557057705	9217759.276144054
400500.07578736113	9128628.66101294
407953.45034524484	9057361.301518908
415545.53347188793	8984767.644338114
423278.90655735444	8910823.006844962
431156.19903182285	8835502.247065922
439180.0892596086	8758779.755131124
447353.3054498463	8680629.44456663
455678.6265841068	8601024.743424779
464158.8833612772	8519938.585249482
472796.9591600391	8437343.399873229
481595.79101923504	8353211.104043068
490558.37063650455	8267513.091871897
499687.7453854889	8180220.225112181
508987.0193519675	8112918.810765357
518459.3543892913	8048597.860242965
528107.971193433	7983079.885886765
537936.1503980698	7916342.610879519
547947.2336900292	7848363.343828635
558144.6249454955	7779118.971050873
568531.7913873753	7708585.948713357
579112.2647641759	7636740.2948285295
589889.6425508494	7563557.581099942
600867.5891719692	7489012.92461638
612049.837247669	7413080.979391457
623440.1888627863	7335735.927745605
635042.5168595961	7265003.841373758
646860.7661546321	7208048.391907693
658898.9550799957	7150032.991835749
671161.1767496272	7090937.9152968135
683651.6004510238	7030743.06932809
696374.4730628222	6969427.987033384
709334.1204987989	6906971.820624049
722534.9491787221	6843353.334330537
735981.4475265755	6778550.897182054
749678.1874966878	6712542.475651696
763629.8261282243	6645305.626164944
777841.1071286482	6576817.487468488
792316.8624866261	6507054.772857218
807062.0141149492	6453829.41328294
822081.575524054	6402483.192134654
837380.6535266489	6350181.409073938
852964.4499741016	6296906.280930999
868838.2635251193	6242639.693588232
885007.4914473438	6187363.195821239
901477.6314524917	6131057.993025177
918254.2835656281	6073704.940824414
935343.1520292377	6015284.538563227
952750.0472427299	5955776.922675374
970480.8877380306	5895161.85993028
988541.7021919573	5833418.740553482
1006938.6314760271	5777427.385173455
1025677.9307444209	5732001.946605851
1044765.9715608053	5685731.13289709
1064209.2440647245	5638599.211471959
1084014.359178331	5590590.156969328
1104188.0508541602	5541687.6457933765
1124737.1783647507	5491875.050563386
1145668.7286348727	5441135.434460247
1166989.8186171474	5389451.545467788
1188707.6977119034	5336805.810506855
1210829.7502320393	5283180.329460315
1233363.4979137746	5228556.8690868
1256316.6024741214	5172916.85682122
1279696.8682159416	5130901.195775495
1303512.2446815087	5089979.093105394
1327770.829355429	5048295.423141466
1352480.8704178738	5005836.01298678
1377650.769549055	4962586.425984391
1403289.084785873	4918531.956808715
1429404.533431761	4873657.62646555
1456005.9950206485	4827948.17719906
1483102.514336103	4781388.067303987
1510703.3044866556	4733961.46584128
1538817.7500383465	4685652.247255438
1567455.410205595	4636443.985891611
1596626.022101425	4592193.376842831
1626339.5040481905	4556011.01934758
1656605.9589499151	4519155.302022696
1687435.6777273756	4481613.693527177
1718839.1428171454	4443373.429309627
1750827.0317357269	4404421.507268176
1783410.220710006	4364744.683329642
1816599.7883753285	4324329.466946351
1850407.019542302	4283162.116509282
1884843.4090337954	4241228.634675708
1919920.6655932867	4198514.763609976
1955650.715865947	4155005.980135698
1992045.7084538713	4110687.4907976743
2029118.0180466783	4077560.807702958
2066880.2496290822	4044980.56330816
2105345.242766708	4011793.9950214447
2144526.0759716653	3977989.819052031
2184436.0711494284	3943556.5416158345
2225088.7981283693	3908482.4550275267
2266498.079273693	3872755.6337197456
2308677.994187172	3836363.930188289
2351642.884494346	3799294.970861856
2395407.358720879	3761536.151894844
2439986.29725955	3723074.6348819714
2485394.857429798	3683897.342493034
2531648.478631358	3648962.688775565
2578762.8875937983	3620166.675189702
2626754.1037238385	3590834.762891186
2675638.4445520453	3560956.9787137974
2725432.531281028	3530523.163888985
2776153.2944368036	3499522.9705917826
2827817.979625338	3467945.8584224596
2880444.1533962977	3435781.0908226226
2934049.709215787	3403017.7314247303
2988652.873550383	3369644.6403335594
3044272.2120643063	3335650.4703385495
3100926.6359319235	3301023.663055629
3158635.408267819	3265752.444997207
3217418.1506763715	3239655.1274118843
3277294.849923382	3213733.549673862
3338285.8647317644	3187329.5669634216
3400411.9327037027	3160434.2016419494
3463694.1773717343	3133038.3089954327
3528154.1153808828	3105132.574125192
3593813.6638046256	3076707.5087806894
3660695.147596906	3047753.448133426
3728821.30718283	3018260.5474908184
3798215.306190736	2988218.778948851
3868900.7393279755	2957617.9279825357
3940901.6404034477	2926447.589972818
4014242.490499326	2898886.9096044693
4088948.226294856	2875981.5555969956
4165044.248545185	2852649.9290539543
4242556.430717777	2828884.0969709344
4321511.127789762	2804675.978708951
4401935.1852088785	2780017.3432469526
4483855.948021181	2754899.806383199
4567301.270168747	2729314.8278845055
4652299.523960189	2703253.708582517
4738879.609717651	2676707.587415864
4827070.965603188	2649667.4384173155
4916903.577628021	2622124.067644867
5008407.989848212	2594068.110055668
5101615.314749833	2573519.7280556406
5196557.243827657	2552904.676542525
5293266.058360566	2531905.9754129727
5391774.640387494	2510516.48488235
5492116.483887789	2488728.9322933974
5594325.706169377	2466535.9096434847
5698437.0594691355	2443929.8710657824
5804485.942768984	2420903.1302635935
5912508.413831869	2397447.8578969436
6022541.201461928	2373556.0789204906
6134621.717992506	2349219.6698719584
6248788.072006888	2324430.356110049
6365079.081295578	2302697.331836321
6483534.286054714	2284483.7637984944
6604193.962330305	2265931.2381603327
6727099.135712336	2247033.446863223
6852291.595284057	2227783.964454502
6979813.907830667	2208176.2459027385
7109709.432312423	2188203.6243723608
7242022.334607315	2167859.3089568364
7376797.60252773	2147136.3823697255
7514081.061116962	2126027.7985926983
7653919.388230155	2104526.3804798266
7796360.130405221	2082624.817317284
7941451.71902934	2060315.6623376003
8089243.486805938	2044142.5066634181
8239785.684528512	2027752.059145381
8393129.498166373	2011056.5826100996
8549327.066268368	1994050.4004156648
8708431.497690724	1976727.7302768836
8870496.889654402	1959082.6822992668
9035578.34613892	1941109.256976376
9203731.99661823	1922801.3431499382
9375015.01514529	1904152.7159319913
9549485.639791967	1885157.034588343
9727203.192450536	1865807.8403826617
9908228.099003786	1846098.5543804304
10092621.909870483	1828966.4327699528
10280447.320933098	1814486.7045162416
10471768.194855202	1799737.5060559167
10666649.582795387	1784713.8225025807
10865157.746525371	1769410.5456419475
11067360.180959744	1753822.4721949922
11273325.63710487	1737944.3020487875
11483124.14543511	1721770.6364543955
11696827.039703846	1705295.976191246
11914506.981197748	1688514.719697338
12136237.983442418	1671421.1611646458
12362095.437367693	1654009.4885990901
12592156.13694151	1636339.099248169
12826498.3052806	1623547.7687675823
13065201.621247198	1610518.3894502304
13308347.24654076	1597246.531166754
13556017.853293689	1583727.6813423377
13808297.652180923	1569957.2434223767
14065272.421052363	1555930.535309602
14327029.534098294	1541642.7877721207
14593657.991557576	1527089.14282182
14865248.449978571	1512264.6520626058
15141893.25304352	1497164.275007887
15423686.462966273	1481782.8773667607
15710723.892474487	1466115.229298296
16003103.137387017	1452613.064321772
16300923.609797413	1441103.2646783413
16604286.571875297	1429379.2657050854
16913295.17029647	1417437.0811160288
17228054.471313924	1405272.6504397357
17548671.49648152	1392881.8376387048
17875255.259042352	1380260.4297030775
18207916.800994623	1367404.13521816
18546769.230846975	1354308.5829053028
18891927.762076646	1340969.3201356167
19243509.75230332	1327381.8114160304
19601634.743191857	1313541.436847178
19966424.501097932	1299599.2323026382
20338003.0584698	1289431.9947346738
20716496.75602067	1279075.5431455534
21102034.285685964	1268526.3562301465
21494746.734379806	1257780.8471512373
21894767.628566206	1246835.3623199572
22302232.979659364	1235686.1801535268
22717281.330269028	1224329.50980988
23140053.80130654	1212761.489898731
23570694.139967278	1200978.187168669
24009348.76860652	1188975.5951698015
24456166.83452444	1176749.6328915223
24911300.26067791	1164296.1433749218
25374903.797335718	1153656.604243668
25847135.07469564	1144508.3259060467
26328154.656480197	1135189.7965519272
26818126.094530128	1125697.8477809243
27317215.98441379	1116029.2522281804
27825594.022071257	1106180.7224670318
28343433.061513092	1096148.9098912417
28870909.173592344	1085930.4035764434
29408201.705870606	1075521.729120387
29955493.34359816	1064919.3474616038
30512970.171828706	1054119.6536760936
31080821.738690637	1043118.9757516021
31659241.119835205	1032119.8513590795
32248424.98408439	1024038.8990423632
32848573.66030047	1015807.5588280096
33459891.20549975	1007423.0319716561
34082585.47423452	998882.4676438286
34716868.189265594	990182.9619606322
35362955.013550386	981321.5569963985
36021065.62357073	972295.2397779586
36691423.78402494	963100.9412602024
37374257.42391064	953735.5352825664
38069798.71402284	944195.8375061065
38778284.14589453	934478.6043307901
39499954.61220647	924580.5317926346
40235055.48869293	916197.7939357056
40983836.717572615	908926.8658802129
41746552.89253134	901520.6246164154
42523463.34528677	893976.5519424819
43314832.23376403	886292.0827924171
44120928.631911896	878464.604363912
44942026.62119142	870491.4552299603
45778405.38376616	862369.9244339466
46630349.29742726	854097.2505678922
47498148.03228505	845670.6208335445
48382096.649259575	837087.1700860006
49282495.700405136	828343.9798595192
50199651.33110079	819667.5586904013
51133875.38414321	813245.0255095032
52085485.50577665	806702.9678932754
53054805.25369574	800039.1614716405
54042164.20705915	793251.3404786121
55047898.078549676	786337.1969819155
56072348.82852027	779294.3800982623
57115864.78126434	772120.4951940263
58178800.74344935	764813.1030710436
59261518.124755524	757369.719137256
60364385.060758635	749787.8125619243
61487776.53810017	742064.8054151189
62632074.521986924	734198.0717911951
63797668.08606282	727594.1277664907
64984953.54469889	721815.442400483
66194334.587743886	715929.2147165359
67426222.41778335	709933.443333814
68681035.88995308	703826.0896254425
69959201.65435374	697605.0770253562
71261154.30111745	691268.2903222397
72587336.50817245	684813.5749403362
73938199.19175874	678238.7362068663
75314201.65974376	671541.5386058191
76715811.76779301	664719.7050178485
78143506.07844542	657770.9159460298
79597770.02314977	650927.2521099234
81079098.06731695	645822.8755702494
82587993.87844272	640623.5057146323
84124970.49736118	635327.3747012987
85690550.51268347	629932.6817886381
87285266.2384837	624437.592722934
88909659.89529167	618840.2391146941
90564283.79445294	613138.7178033824
92249700.52592173	607331.0902103193
93966483.1495469	601415.3816795467
95715215.38991857	595389.5808064233
97496491.83484097	589251.6387537243
99310918.137498	582999.4685550178
101159111.22238298	577797.3193675589
103041699.49505854	573204.6616871345
104959323.05582266	568526.5338658083
106912633.91734771	563761.3452897156
108902296.22637327	558907.4757433966
110928986.48952228	553963.2748589066
112993393.80332193	548927.0615546713
115096220.0885031	543797.1234639008
117238180.32865997	538571.7163523717
119420002.8133535	533249.0635253628
121642429.3857368	527827.3552235632
123906215.6947913	522304.74800773105
126212131.45225461	516907.04323081236
128560960.69432965	512850.29698077193
130953502.04826704	508718.0539927387
133390569.00390588	504508.90925957327
135872990.19027063	500221.4316267125
138401609.65731302	495854.16330556327
140977287.16289675	491405.6193778408
143600898.46512634	486874.28729067685
146273335.620113	482258.62634233857
148995507.28528506	477557.06715836975
151768339.02834037	472768.0111579875
154592773.64194784	467889.8300105518
157469771.46430898	462920.8650819105
160400310.70568198	458823.26319155254
163385387.78098568	455173.197574318
166426017.64859018	451455.2036148651
169523234.15541214	447668.017155188
172678090.38843593	443810.3505110841
175891659.03277326	439880.8920343293
179165032.73638958	435878.305666701
182499324.48161504	431801.2304857063
185895667.9635688	427648.2802418548
189355217.9756299	423418.0428873155
192879150.80207777	419109.0800958095
196468664.61804405	414719.92677355744
200124979.8969035	410462.8886640643
203849339.82524642	407238.7242586856
207643010.7255779	403954.55760511203
211507282.48687947	400609.27205129556
215443469.00318778	397201.7301641023
219452908.62033114	393730.77334257396
223536964.59097964	390195.2214239929
227697025.53816846	386593.8722826118
231934505.92744273	382925.5014209193
236250846.547794	379188.8615532954
240647515.00154215	375382.6821819227
245126006.20333397	371505.6691648046
249687842.8884332	367556.50427574094
254334576.13046482	364329.1304022532
259067785.8688001	361428.15452404576
263889081.44575077	358473.1909911258
268800102.15376073	355463.2350840536
273802517.7927863	352397.26338538865
278898029.23804396	349274.2334317189
284088369.0183295	346093.0833592091
289375301.9050947	342852.73154255765
294760625.51248586	339552.07622723305
300246170.90855557	336189.9951548638
305833803.23784316	332765.3451816605
311525422.35554785	329276.96188973135
317322963.4734973	325919.67058606085
323228397.81813806	323357.1569500837
329243733.30077755	320746.95449931413
335371015.2002929	318088.1757367947
341612326.8585518	315379.91664909775
347969790.3887688	312621.2563989517
354445567.3970435	309811.25701214786
361041859.71733445	306948.9630586173
367760910.160103	304033.401327576
374605003.2748981	301063.58049661963
381576466.1271245	298038.4907946657
388677669.0892668	294957.1036586214
395911026.6468467	291818.3713836588
403278998.21937054	289276.54053793324
410784088.99656343	286970.8542973672
418428850.79015756	284622.2588435375
426215882.9015325	282229.9556286844
434147833.0055101	279793.13124393823
442227398.0505897	277310.9571427522
450457325.17594445	274782.5893591863
458840412.64547515	272207.16822095093
467379510.7992463	269583.8180571096
476077523.0226378	266911.6469003405
484937406.7335233	264189.74618365866
493962174.38783056	261417.1904314917
503154894.5038046	258769.5486182677
512518692.70533323	256732.82946318787
522056752.7846986	254658.20661807214
531772317.7850967	252544.97468879973
541668691.1033136	250392.41515374457
551749237.6129117	248199.79611947064
562017384.8083187	245966.37207188166
572476623.970219	243691.3836227366
583130511.3526218	241374.05725145063
593982669.3920338	239013.605042088
605036787.9391212	236609.2244154636
616296625.5132942	234160.09785625804
627766010.5806513	231665.39263505206
639448842.8556936	229663.5576991137
651349094.6272782	227830.9225955285
663470812.1092337	225964.1818408313
675818116.816111	224062.7007230522
688395206.964551	222125.83271812278
701206358.9007177	220152.9192700524
714255928.5543104	218143.2895670105
727548352.9196217	216096.26031324395
741088151.5641569	214011.13549675056
754879928.1653446	211887.20615262573
768928372.0758306	209723.75012200803
783238259.9179205	207520.03180653503
797814457.2076613	205432.05716259868
812661920.0091946	203813.15697652087
827785696.619849	202164.12878251463
843190929.286625	200484.41189322632
858882855.9546258	198773.43518681402
874866812.0479896	197030.61691276298
891148232.2840202	195255.36449408036
907732652.5210242	193447.07432581641
924625711.6405733	191605.13156983003
941833153.4647961	189728.90994573676
959360828.7093127	187817.7715179692
977214696.9725724	185871.06647886886
995400828.7621539	183888.13292774739
1013925407.5588143	182311.60116779842
1032794731.9189526	180854.86565819438
1052015217.6161569	179371.0200528848
1071593399.8226712	177859.55982837477
1091535935.3313932	176319.97107190266
1111849604.81927	174751.73030670275
1132541315.1528125	173154.30431401654
1153618101.736476	171527.1499517952
1175087130.9048076	169869.7139700226
1196955702.3590453	168181.4328226065
1219231251.6491096	166461.73247576627
1241921352.7017846	164710.0282128537
1265033720.3959012	163063.39682116348
1288576213.185518	161776.5002139306
1312556835.7718453	160465.65424186396
1336983741.8249452	159130.41320320917
1361865236.7560828	157770.32310162543
1387209780.541618	156384.92149182412
1413025990.5995336	154973.73732232972
1439322644.7194095	153536.29077531962
1466108684.0469828	152072.09310347989
1493393216.1242533	150580.64646382484
1521185517.9861019	149061.44374842764
1549495039.3146317	147513.96841199513
1578331405.6521199	145937.69429623947
1607704421.673822	144696.09402873187
1637624074.521689	143538.0452235988
1668100537.2000556	142358.44493315357
1699144172.0346258	141156.89208058687
1730765534.1957276	139932.97812498247
1762975375.2872038	138686.2869224083
1795784647.0020967	137416.39458442194
1829204504.8462899	136122.8693339462
1863246311.9315598	134805.27135845777
1897921642.8391032	133463.15266044834
1933242287.5550432	132096.05690509971
1969220255.4791734	130703.51926512427
2005867779.5082297	129404.88824696517
2043197320.1952705	128381.79163517304
2081221569.9863415	127339.65502134943
2119953457.536069	126278.12406781707
2159406152.1035676	125196.83784261334
2199593068.0300703	124095.42869677155
2240527869.3000183	122973.52213931402
2282224474.1869006	121830.73670992313
2324697059.9856453	120666.68384923974
2367960067.833079	119480.96776674822
2412028207.618002	118273.18530620515
2456916462.98279	117042.92580855967
2502640096.4179215	115789.77097232701
2549214654.4514203	114811.89865818815
2596655972.934872	113891.16973653917
2644980182.4277143	112953.30589299099
2694203713.6818824	111997.98824373106
2744343303.2283683	111024.89197046535
2795415999.067865	110033.68620997606
2847439166.4672475	109024.03394162466
2900430493.8639855	107995.5918727609
2954407998.8803797	106948.01032199978
3009390034.449724	105880.93310032674
3065395295.056536	104793.99738998878
3122442823.0928583	103686.83362113309
3180552015.3329134	102662.57036406446
3239742629.5281954	101849.06675388516
3300034791.1252885	101020.42370309788
3361449000.108775	100176.35946413694
3424006137.9714255	99316.58704606653
3487727474.8141704	98440.8141170004
3552634676.5781393	97548.74290470616
3618749812.411284	96640.07009535989
3686095362.1721687	95714.48673041556
3754694224.0733366	94771.6781015563
3824569722.4669914	93811.32364368944
3895745615.775501	92833.0968259514
3968246104.5694857	91836.66504068412
4042095839.796318	91066.42289525854
4117319931.1616793	90334.23992803389
4193943955.6671777	89588.43091120389
4271993966.306777	88828.74226166664
4351496500.925055	88054.91567709592
4432478591.24041	87266.68804811515
4514967772.036101	86463.7913688376
4598992090.5224285	85645.95264574098
4684580115.873045	84812.89380484723
4771760948.938751	83964.33159717452
4860564232.142149	83099.97750242906
4951020159.556351	82219.53763090559
5043159487.171348	81411.55974601909
5137013543.351338	80764.56506769014
5232614239.486667	80105.52970830751
5329994080.844104	79434.22958874796
5429186177.618942	78750.4364597378
5530224256.192888	78053.9178242453
5633142670.601352	77344.43685842931
5737976414.21414	76621.75233111705
5844761131.633649	75885.61852178245
5953533130.81437	75135.78513699872
6064329395.408049	74371.99722533552
6177187597.338489	73593.99509067302
6292146109.610351	72801.51420390277
6409244019.35647	72194.70744492798
6528521141.127848	71612.30378135054
6650018030.431105	71019.06148649444
6773775997.517745	70414.77885158722
6899837121.430025	69799.25041402208
7028244264.308367	69172.266887498
7159041085.964888	68533.61509086046
7292272058.728297	67883.07787561709
7427982482.56491	67220.43405210505
7566218500.481063	66545.4583142847
7707027114.212319	65857.92116313231
7850456200.204509	65157.58882860862
7996554525.892329	64520.08096102274
8145371766.280737	64005.35016734695
8296958520.834915	63481.04014601635
8451366330.684739	62946.97262597427
8608647696.149244	62402.96601850956
8768856094.587408	61848.83535551397
8932045998.58096	61284.392226591255
9098272894.455566	60709.44471499591
9267593301.146902	60123.797332379036
9440064789.417603	59527.25095232038
9615746001.432076	58919.60274262291
9794696670.695385	58300.64609634785
9976977642.36321	57670.170561566454
10162650893.929972	57191.982642579744
10351779556.301762	56728.543894564216
10544427935.261662	56256.480472591276
10740661533.334322	55775.63187001089
10940547072.057436	55285.83459311721
11144152514.667904	54786.9221055586
11351547089.20999	54278.724771713714
11562801312.07373	53761.06979901315
11777987011.97118	53233.781179188445
11997177354.358854	52696.679628427475
12220446866.314913	52149.58252641579
12447871461.879063	51592.303854243975
12679528467.864315	51089.12696532895
12915496650.148827	50679.43873420431
13155856240.457052	50262.12613538756
13400688963.639534	49837.04727809857
13650078065.460136	49404.057630945834
13904108340.900667	48963.00997278381
14162866162.991974	48513.75434265639
14426439512.181587	48056.137988808776
14694918006.248201	47590.00531674988
14968392930.772554	47115.19783634883
15246957270.1757	46631.554107946184
15530705739.334583	46138.909687463
15819734815.786015	45637.09707048821
16114142772.530231	45260.09999483686
16414029711.444664	44891.13085741789
16719497597.31985	44515.295141569266
17030650292.528427	44132.46505909792
17347593592.339325	43742.510443650965
17670435260.889503	43345.29870645741
17999285067.824764	42940.69479124683
18334254825.62285	42528.56112832843
18675458427.61074	42108.757587816
19023011886.689457	41681.14143198255
19377033374.77993	41245.56726672761
19737643263.002552	40801.88699214181
20104964162.604927	40404.5342079253
20479120966.650833	40078.24832579199
20860240892.485046	39745.890207872675
21248453524.988873	39407.34684882616
21643890860.6402	39062.503140262685
22046687352.394028	38711.24183160564
22456979955.397717	38353.443490225196
22874908173.55704	37988.98646083014
23300614106.96929	37617.74682410349
23734242500.23866	37239.59835456879
24175940791.69123	36854.412477671845
24625859163.505444	36462.05822606407
25084150592.775414	36062.40219507247
25550970903.525124	35764.98804360444
26026478819.690044	35471.014156134195
26510836019.085308	35171.5693645967
27004207188.377697	34866.55185453631
27506760079.080673	34555.85791671314
28018665564.59201	34239.38191184065
28540097698.292374	33917.01623466727
29071233772.725693	33588.65127738926
29612254379.880314	33254.175392382975
30163343472.591972	32913.47485424363
30724688427.090096	32566.433821117294
31296480106.707504	32212.934295313447
31878912926.77636	31898.917893053454
32472184920.731255	31638.82855273646
33076497807.442425	31373.89890554042
33692057059.802742	31104.038872530702
34319071974.590427	30829.15669838843
34957755743.632645	30549.15892021252
35608325526.29274	30263.95033574141
36271002523.30648	29973.433970983348
36946012051.993095	29677.51104724404
37633583622.865326	29376.080947540955
38333951017.6659	29069.04118239226
39047352368.85556	28756.28735496943
39774030240.58036	28437.71312560133
40514231711.14655	28202.85798769358
41268208457.02952	27968.394108839097
42036216838.44701	27729.566817303705
42818517986.52406	27486.29490923489
43615377892.080055	27238.49566956275
44427067496.06892	26986.084843875793
45253862781.70167	26728.97660977364
46096044868.284195	26467.083547686354
46953900106.80053	26200.316611150884
47827720177.27485	25928.585096534505
48717802187.94641	25651.796612194375
49624448776.28914	25369.857047063528
50547968211.912254	25121.43564641656
51488674501.37487	24913.859752505647
52446887494.95119	24702.420835888766
53422932995.38363	24487.047005056058
54417142868.658875	24267.665030584456
55429855156.84652	24044.200320238782
56461414193.036606	23816.57689360967
57512170718.41614	23584.717356279496
58582482001.525475	23348.542873507336
59672711959.7331	23107.973143424337
60783231282.972115	22862.926369730107
61914417559.77835	22613.319233881204
63066655405.67406	22359.06686676201
64240336593.94204	22173.355997000446
65435860188.83229	21986.085188836194
66653632681.24893	21795.32923906677
67894068126.96099	21601.023288613822
69157588287.38525	21403.10127136063
70444622772.99051	21201.49589168874
71755609189.36922	20996.13860159684
73090993286.02888	20786.959577393565
74451229107.95128	20573.88769595675
75836779149.97191	20356.850510550947
77248114514.03416	20135.774226194564
78685715069.36842	19910.583674568916
80150069615.6538	19713.75686508824
81641676049.21454	19547.8081217383
83161041532.30962	19378.77104403745
84708682665.57419	19206.588157557922
86285125663.66887	19031.200918263094
87890906534.19963	18852.54969260176
89526571259.96382	18670.57373723234
91192675984.59299	18485.211178369154
92889787201.64516	18296.398990744983
94618481947.21991	18104.072976181655
96379347996.15794	17908.16774176182
98172984061.88821	17708.61667759504
100000000000.0	17505.351934169266
