# Frequency (Hz)	Real Part (Ohm/m)
1000.0	21016274.109809972
1018.6101701559753	21112781.77891806
1037.566678745186	21211085.472169623
1056.875971184804	21311218.613879535
1076.5446128423157	21413215.250394933
1096.5792912678098	21517110.061671212
1116.9868184678226	21622938.373063676
1137.7741332214914	21730736.16733847
1158.9483034398106	21840540.096907157
1180.5165285688054	21952387.496288914
1202.4861420374123	22066316.39480466
1224.8646137509306	22182365.529507466
1247.6595526308697	22300574.358353555
1270.8787092020582	22403470.168323737
1294.529978227916	22491467.985455655
1318.6214013947485	22581103.45693774
1343.1611700460153	22672407.059796125
1368.1576279674719	22765409.83823957
1393.619274224142	22860143.41421481
1419.5547660501015	22956639.998158436
1445.9729217920194	23054932.39994872
1472.882723907502	23155054.04006137
1500.2933220192183	23257038.960932814
1528.2140360258693	23360921.83853501
1556.654359271062	23466737.99416568
1585.6239617711371	23573671.172211327
1615.132693503091	23649049.075018
1645.1905877536624	23725829.773421895
1675.807864530767	23804039.37368779
1706.9949340384078	23883704.46792246
1738.7624002162504	23964852.143116336
1771.1210643450886	24047509.990353327
1804.0819287193826	24131706.11419212
1837.6562003881704	24217469.14222203
1871.8552949655793	24304828.234796677
1906.690840512252	24393813.0949488
1942.1746814890264	24484453.978489663
1978.3188827841643	24576781.704296302
2015.1357338155585	24652876.485749245
2052.6377527092523	24714797.998537917
2090.8376905557498	24777871.881215893
2129.748535745521	24842119.579582915
2169.3835183851843	24907562.938548673
2209.756114795903	24974224.209560357
2250.880052095462	25042126.058168385
2292.7693128656488	25111291.571732916
2335.438139906479	25181744.267273813
2378.9010410788933	25253508.099466667
2423.1727942376006	25326607.468787678
2468.2684522556924	25401067.229810044
2514.2033481427966	25475342.01509077
2560.9931002584594	25520879.28506077
2608.6536176225477	25567264.011373337
2657.2011053245064	25614511.96533523
2706.652070033241	25662639.211759873
2757.0233256095826	25711662.114429615
2808.3319988231724	25761597.341659583
2860.5955351757416	25812461.871965073
2913.831704832789	25864272.999834467
2968.0586086656026	25917048.34160947
3023.2946844057765	25970805.841474943
3079.5587129142264	26025563.777560078
3136.8698245668766	26081340.768153146
3195.2475057592133	26121997.224044908
3254.711605531848	26150726.156864617
3315.282342319423	26179989.7400125
3376.9803108250912	26209797.923422143
3439.8264890229243	26240160.842197075
3503.8422452906757	26271088.82005685
3569.0493456752292	26302592.372847166
3635.4699612933177	26334682.212115422
3703.126675869927	26367369.24875275
3772.0424934169973	26400664.59670379
3842.240846055061	26434579.5767456
3913.745601980384	26469125.72033683
3986.581073580439	26502451.346604597
4060.7720257003657	26513201.73714998
4136.343684063274	26524152.19429266
4213.321743847289	26535306.441306055
4291.732378422157	26546668.270754334
4371.602248248501	26558241.545781918
4452.958509942655	26570030.20142704
4535.828825510186	26582038.24595962
4620.241371751313	26594269.762244195
4706.224849841281	26606728.909128085
4793.808495089106	26619419.92285549
4883.02208687788	26632347.118507802
4973.895958790063	26645514.891470857
5066.461008921268	26646950.23524889
5160.7487103859075	26639924.695607666
5256.791122018419	26632768.40947828
5354.620899273607	26625478.943646353
5454.271305329836	26618053.819614932
5555.7762223988775	26610490.512761872
5659.170163246242	26602786.451481324
5764.488282925873	26594939.01630946
5871.766390733255	26586945.53903375
5981.040962380945	26578803.30178581
6092.349152400711	26570509.53611723
6205.7288067765	26562061.422058333
6321.218475812449	26551944.296029877
6438.8574272404185	26527906.596581876
6558.685659571435	26503421.551456984
6680.743915695614	26478480.835476056
6805.073696735206	26453075.968526892
6931.717276155407	26427198.312681023
7060.717714137772	26400839.06925663
7192.118872221193	26373989.275826924
7325.96542821523	26346639.80317283
7462.302891391108	26318781.352178976
7601.17761795533	26290404.450671837
7742.636826811269	26261499.450199164
7886.728615614156	26232056.52274932
8033.501977124735	26196194.61872612
8183.00681586739	26155916.596783556
8335.293965098195	26114888.993999097
8490.415204088747	26073097.86054572
8648.423275731726	26030528.98698777
8809.37190447399	25987167.899449557
8973.31581458352	25942999.854694117
9140.310748756232	25898009.83511031
9310.413487069076	25852182.543606736
9483.681866285926	25805502.398410488
9660.174799522645	25757953.527769238
9839.952296278227	25709519.764554616
10023.075482838643	25659708.7697708
10209.606623060476	25605608.797959767
10399.609139541202	25550502.016467895
10593.1476351837	25494369.68839572
10790.287915161836	25437192.728146866
10991.097009294961	25378951.694938775
11195.643194838794	25319626.78619263
11403.99601970033	25259197.830800224
11616.22632608502	25197644.28226562
11832.40627458378	25134945.211719085
12052.609368708414	25071079.30080105
12276.910479883603	25006024.834413666
12505.385872903913	24939759.693337414
12738.113231864783	24873440.323873974
12975.171686575868	24806563.344938803
13216.641839466038	24738441.774046134
13462.60579298911	24669052.44912784
13713.147177539455	24598371.777065832
13968.351179887397	24526375.725670006
14228.30457214352	24453039.81550714
14493.09574126215	24378339.111577597
14762.81471909391	24302248.214837156
15037.553212997384	24224741.253561057
15317.404637020798	24145791.874547336
15602.46414366368	24065373.23415646
15892.828656229764	23984534.686914604
16188.596901781993	23908349.575976893
16489.86944471065	23830746.647161294
16796.74872092653	23751699.514635835
17109.339072690134	23671181.301523734
17427.746784089173	23589164.630764965
17752.08011717636	23505621.615807742
18082.44934877952	23420523.851126824
18418.96680799711	23333842.4025653
18761.746914391195	23245547.797496684
19110.90621689136	23155610.014803886
19466.56343342263	23063998.474671718
19828.83949127071	22970682.02818944
20197.857568198782	22883626.806318365
20573.743134329114	22799063.569520757
20956.623994804308	22712926.596497398
21346.630333242454	22625186.599749353
21743.8947560008	22535813.746732336
22148.55233726359	22444777.649713363
22560.74066496859	22352047.35543853
22980.599887588487	22257591.33460862
23408.272761782944	22161377.471158806
23843.904700937208	22063373.051338833
24287.643824604504	21963544.752589975
24739.64100886812	21861858.632215023
25200.049937640895	21761118.06123457
25669.027154919517	21672005.615613416
26146.732118010917	21581234.772216246
26633.327251749808	21488774.667978253
27128.978003724646	21394593.86546775
27633.852900531667	21298660.342197098
28148.123605075813	21200941.47973471
28671.964974937695	21101404.05261446
29205.55512182745	21000014.21703861
29749.075472144435	20896737.499370597
30302.71082866393	20791538.784413654
30866.649433372742	20684382.303471155
31441.08303147265	20575231.622185003
32026.206936576502	20477650.115843534
32622.220097116733	20384491.866930585
33229.325163989684	20289599.927153956
33847.72855945983	20192942.032231633
34477.640547344636	20094485.31743789
35119.275304507275	19994196.30642885
35772.850993678774	19892040.899860132
36438.58983763541	19787984.363792844
37116.71819475767	19681991.317883484
37807.466635993485	19574025.723354418
38511.070023255685	19464050.870740168
39227.76758927723	19352029.36740587
39957.803018952654	19242404.15634044
40701.42453219439	19148829.104794584
41458.88496832911	19053512.605617102
42230.441872066716	18956422.250171266
43016.35758106799	18857525.026690073
43816.89931514194	18756787.309051946
44632.33926710397	18654174.845347445
45462.95469532399	18549652.74623328
46309.02801799736	18443185.473069545
47170.84690917023	18334736.825836178
48048.704396551344	18224269.930824626
48942.89896114532	18111747.228100304
49853.73463873894	17997130.458731867
50781.5211232767	17897823.64265825
51726.57387216024	17803772.259299383
52689.21421350677	17707970.563692816
53669.76945540476	17610385.982229777
54668.57299720181	17510985.335101116
55685.96444286408	17409734.825015776
56722.28971644549	17306600.025709353
57777.90117970507	17201545.870238848
58853.1577519145	17094536.639059447
59948.42503189408	16985535.947879538
61064.07542232036	16874506.735289656
62200.48825634718	16761411.250161173
63358.04992658254	16651977.5562974
64537.15401646702	16560553.853139374
65738.20143409586	16467428.739309285
66961.60054853215	16372570.55126503
68207.76732865692	16275947.03620057
69477.1254846024	16177525.341079699
70770.10661181889	16077272.001465598
72087.15033782135	15975152.930142565
73428.70447166759	15871133.405526044
74795.22515621828	15765178.059856858
76187.17702322999	15657250.867175838
77605.0333513357	15547315.131074572
79049.2762269642	15435333.472218236
80520.39670825469	15340723.460086
82018.8949920221	15251341.72323363
83545.28058382872	15160296.57704962
85100.07247122246	15067557.065203248
86683.79930019773	14973091.655261232
88296.99955494082	14876868.227966346
89940.22174092053	14778854.066316493
91614.0245713852	14679015.844440654
93318.9771573324	14577319.616267636
95055.65920101192	14473730.8039841
96824.66119303115	14368214.186277706
98626.5846131283	14260733.8863615
100462.04213468132	14157840.050917882
102331.65783302448	14072974.579954233
104236.06739764012	13986529.748135582
106175.9183482999	13898476.163287679
108151.87025522892	13808783.886242907
110164.59496336569	13717422.420660663
112214.77682079801	13624360.702658238
114303.11291144785	13529567.090248777
116430.31329208757	13433009.352582673
118597.10123376705	13334654.658988724
120804.21346773289	13234469.567811357
123052.40043592616	13132420.015040088
125342.42654613995	13028471.302727407
127675.07043192645	12942494.050992152
130051.12521734099	12861174.344599245
132471.39878661174	12778341.264633344
134936.71405883064	12693966.64695473
137447.90926775365	12608021.803284274
140005.8382468096	12520477.511449076
142611.37071941295	12431304.00544664
145265.39259467812	12340470.965324096
147968.80626863963	12247947.506869094
150722.53093107554	12153702.17110882
153527.5028780421	12057702.913613638
156384.67583022476	11959917.093601616
159295.0212572123	11867260.387249194
162259.5287078087	11791369.00784545
165279.2061464897	11714065.276957618
168355.08029612005	11635322.910484292
171488.19698705408	11555115.13517239
174679.62151272455	11473414.679514118
177930.43899185772	11390193.76447422
181241.75473742394	11305424.09404489
184614.69463245454	11219076.84562482
188050.40551285836	11131122.660219131
191550.0555573528	11041531.632457118
195114.83468466165	10950273.300424011
198745.9549580986	10857316.635303607
202444.65099768018	10781840.035107201
206212.18039991445	10710190.41962255
210049.8241653915	10637207.39260213
213958.88713434213	10562866.13903036
217940.6984302958	10487141.382080004
221996.61191199525	10410007.374517798
226128.00663372793	10331437.88995003
230336.2873142131	10251406.2139054
234622.88481422624	10169885.134751707
238989.25662310526	10086846.934443658
243436.8873543108	10002263.379098447
247967.289250216	9916105.709395846
252582.00269627848	9835274.51176961
257282.59674479323	9769258.611064898
262070.66964838552	9702014.143215066
266947.8494034318	9633518.24437651
271915.7943036019	9563747.625205575
276976.1935036891	9492678.562939988
282130.76759394706	9420286.893332805
287381.2691851069	9346548.002436358
292729.4835042813	9271436.818233225
298177.22900196735	9194927.80211144
303726.3579703311	9116994.940181175
309378.75717301364	9037611.73442964
315136.34848664823	8956751.193711534
321001.08955431683	8892171.548145527
326974.97445117676	8830532.441094497
333060.03436245886	8767746.219772989
339258.33827409917	8703791.53618924
345571.9936762143	8638646.645061718
352003.1472796675	8572289.396425534
358553.9857459817	8504697.228101134
365226.7364308175	8435847.158023013
372023.6681413066	8365715.776425486
378947.09190746717	8294279.23788315
385999.36176797637	8221513.2532032
393182.87557057705	8147393.081166776
400500.07578736113	8078525.009056694
407953.45034524484	8022276.024611067
415545.53347188793	7964980.236993799
423278.90655735444	7906618.165019764
431156.19903182285	7847169.964955626
439180.0892596086	7786615.423772832
447353.3054498463	7724933.952274912
455678.6265841068	7662104.578096938
464158.8833612772	7598105.938574729
472796.9591600391	7532916.27348125
481595.79101923504	7466513.417627975
490558.37063650455	7398874.7933284305
499687.7453854889	7329977.4027215475
508987.0193519675	7275775.013251174
518459.3543892913	7223692.644807222
528107.971193433	7170641.014624411
537936.1503980698	7116602.084576844
547947.2336900292	7061557.48084604
558144.6249454955	7005488.4876736505
568531.7913873753	6948376.040997834
579112.2647641759	6890200.721971364
589889.6425508494	6830942.750358932
600867.5891719692	6770581.977811689
612049.837247669	6709097.881016609
623440.1888627863	6646469.554718274
635042.5168595961	6588827.961782657
646860.7661546321	6541645.1426517945
658898.9550799957	6493584.2432284625
671161.1767496272	6444628.922289024
683651.6004510238	6394762.534496849
696374.4730628222	6343968.124742806
709334.1204987989	6292228.422380267
722534.9491787221	6239525.835352937
735981.4475265755	6185842.444213379
749678.1874966878	6131159.996030151
763629.8261282243	6075459.8981816955
777841.1071286482	6018723.212034576
792316.8624866261	5960930.646504165
807062.0141149492	5916096.448854438
822081.575524054	5872685.866497861
837380.6535266489	5828467.405817063
852964.4499741016	5783426.03205896
868838.2635251193	5737546.430671154
885007.4914473438	5690813.002094839
901477.6314524917	5643209.856460743
918254.2835656281	5594720.80818644
935343.1520292377	5545329.370473051
952750.0472427299	5495018.749699561
970480.8877380306	5443771.839712829
988541.7021919573	5391571.2160112765
1006938.6314760271	5343972.920746962
1025677.9307444209	5304864.540385439
1044765.9715608053	5265028.346410859
1064209.2440647245	5224450.794088051
1084014.359178331	5183118.086612002
1104188.0508541602	5141016.170416815
1124737.1783647507	5098130.730397347
1145668.7286348727	5054447.185041893
1166989.8186171474	5009950.681474367
1188707.6977119034	4964626.0904041
1210829.7502320393	4918458.0009817695
1233363.4979137746	4871430.71555951
1256316.6024741214	4823528.2443535635
1279696.8682159416	4786853.844230753
1303512.2446815087	4751047.418632569
1327770.829355429	4714574.629361328
1352480.8704178738	4677423.075275682
1377650.769549055	4639580.124446941
1403289.084785873	4601032.909864076
1429404.533431761	4561768.325058787
1456005.9950206485	4521773.019649167
1483102.514336103	4481033.394800431
1510703.3044866556	4439535.598601169
1538817.7500383465	4397265.521353544
1567455.410205595	4354208.790775834
1596626.022101425	4315308.072084672
1626339.5040481905	4283188.2537413305
1656605.9589499151	4250470.680113236
1687435.6777273756	4217144.226872837
1718839.1428171454	4183197.5626669377
1750827.0317357269	4148619.1452639354
1783410.220710006	4113397.2176293465
1816599.7883753285	4077519.8039282486
1850407.019542302	4040974.7054534215
1884843.4090337954	4003749.4964776095
1919920.6655932867	3965831.520028663
1955650.715865947	3927207.88358604
1992045.7084538713	3887865.454697167
2029118.0180466783	3858121.943892063
2066880.2496290822	3828824.715737701
2105345.242766708	3798982.2611822854
2144526.0759716653	3768584.433469728
2184436.0711494284	3737620.8970110603
2225088.7981283693	3706081.123870272
2266498.079273693	3673954.390184651
2308677.994187172	3641229.7725185803
2351642.884494346	3607896.1441494646
2395407.358720879	3573942.1712844744
2439986.29725955	3539356.3092069994
2485394.857429798	3504126.798351271
2531648.478631358	3472586.8473783713
2578762.8875937983	3446393.1772867744
2626754.1037238385	3419712.038537758
2675638.4445520453	3392534.359256671
2725432.531281028	3364850.898739717
2776153.2944368036	3336652.244312034
2827817.979625338	3307928.8081272887
2880444.1533962977	3278670.8239076743
2934049.709215787	3248868.3436233154
2988652.873550383	3218511.234109794
3044272.2120643063	3187589.1736227786
3100926.6359319235	3156091.6483285343
3158635.408267819	3124007.9487290652
3217418.1506763715	3100045.322960953
3277294.849923382	3076223.335094709
3338285.8647317644	3051958.0159808174
3400411.9327037027	3027241.115149333
3463694.1773717343	3002064.228587641
3528154.1153808828	2976418.795883041
3593813.6638046256	2950296.097312084
3660695.147596906	2923687.250875785
3728821.30718283	2896583.2092796597
3798215.306190736	2868974.7568575083
3868900.7393279755	2840852.5064380416
3940901.6404034477	2812206.8961531003
4014242.490499326	2786792.7059697667
4088948.226294856	2765549.256916895
4165044.248545185	2743910.4636624446
4242556.430717777	2721868.9687835607
4321511.127789762	2699417.2779344902
4401935.1852088785	2676547.7572984262
4483855.948021181	2653252.6309919446
4567301.270168747	2629523.9784210883
4652299.523960189	2605353.73158832
4738879.609717651	2580733.672349281
4827070.965603188	2555655.429618551
4916903.577628021	2530110.476523394
5008407.989848212	2504090.1275045057
5101615.314749833	2484884.6436323305
5196557.243827657	2465608.753828349
5293266.058360566	2445974.1364352047
5391774.640387494	2425974.1154714315
5492116.483887789	2405601.8907143953
5594325.706169377	2384850.5353881763
5698437.0594691355	2363712.993808369
5804485.942768984	2342182.0789830806
5912508.413831869	2320250.4701692844
6022541.201461928	2297910.7103836644
6134621.717992506	2275155.203867193
6248788.072006888	2251976.2135024653
6365079.081295578	2231596.721574007
6483534.286054714	2214441.994924189
6604193.962330305	2196968.0158924344
6727099.135712336	2179168.843137599
6852291.595284057	2161038.4247491607
6979813.907830667	2142570.5961895124
7109709.432312423	2123759.0781979617
7242022.334607315	2104597.4746556915
7376797.60252773	2085079.2704110413
7514081.061116962	2065197.8290642581
7653919.388230155	2044946.390711064
7796360.130405221	2024318.0696442174
7941451.71902934	2003305.8520122806
8089243.486805938	1987975.5291158517
8239785.684528512	1972437.489960753
8393129.498166373	1956610.2852530868
8549327.066268368	1940488.53357272
8708431.497690724	1924066.7533503654
8870496.889654402	1907339.3610038117
9035578.34613892	1890300.6690394222
9203731.99661823	1872944.884118338
9375015.01514529	1855266.1050866842
9549485.639791967	1837258.3209691017
9727203.192450536	1818915.408924959
9908228.099003786	1800231.132166518
10092621.909870483	1783950.7347619617
10280447.320933098	1770144.4391313286
10471768.194855202	1756081.2059897853
10666649.582795387	1741756.2536865352
10865157.746525371	1727164.7115834453
11067360.180959744	1712301.618398977
11273325.63710487	1697161.9205213038
11483124.14543511	1681740.4702900164
11696827.039703846	1666032.024245873
11914506.981197748	1650031.2413479628
12136237.983442418	1633732.681157691
12362095.437367693	1617130.8019889828
12592156.13694151	1600281.4579789268
12826498.3052806	1588021.9988625308
13065201.621247198	1575534.389125959
13308347.24654076	1562814.3828473464
13556017.853293689	1549857.6550875055
13808297.652180923	1536659.8004193888
14065272.421052363	1523216.331430205
14327029.534098294	1509522.6771956456
14593657.991557576	1495574.1817257227
14865248.449978571	1481366.1023816862
15141893.25304352	1466893.6082634674
15423686.462966273	1452151.7785671274
15710723.892474487	1437135.6009117279
16003103.137387017	1424168.5646783253
16300923.609797413	1413086.5453637866
16604286.571875297	1401798.2877841322
16913295.17029647	1390299.9538101559
17228054.471313924	1378587.6338844143
17548671.49648152	1366657.3456919324
17875255.259042352	1354505.032806179
18207916.800994623	1342126.5633098334
18546769.230846975	1329517.7283898902
18891927.762076646	1316674.240906618
19243509.75230332	1303591.7339358851
19601634.743191857	1290265.7592843613
19966424.501097932	1276840.247383602
20338003.0584698	1267010.7235280273
20716496.75602067	1256998.2705609482
21102034.285685964	1246799.4841404718
21494746.734379806	1236410.8965693268
21894767.628566206	1225828.9756158032
22302232.979659364	1215050.1233127567
22717281.330269028	1204070.6747342646
23140053.80130654	1192886.896749507
23570694.139967278	1181494.9867534677
24009348.76860652	1169891.071374
24456166.83452444	1158071.2051548453
24911300.26067791	1146031.3692141299
25374903.797335718	1135727.7048611373
25847135.07469564	1126850.9686446611
26328154.656480197	1117809.034856767
26818126.094530128	1108598.8291425412
27317215.98441379	1099217.219932801
27825594.022071257	1089661.0173793316
28343433.061513092	1079926.9722702976
28870909.173592344	1070011.7749254778
29408201.705870606	1059912.0540709412
29955493.34359816	1049624.375692773
30512970.171828706	1039145.2418694779
31080821.738690637	1028471.089582644
31659241.119835205	1017796.8652428482
32248424.98408439	1009930.2536451461
32848573.66030047	1001917.243067059
33459891.20549975	993755.1089986528
34082585.47423452	985441.0762263978
34716868.189265594	976972.3178895686
35362955.013550386	968345.9545190813
36021065.62357073	959559.053058441
36691423.78402494	950608.6258664752
37374257.42391064	941491.6297014985
38069798.71402284	932204.9646865801
38778284.14589453	922745.4732555526
39499954.61220647	913109.9390794036
40235055.48869293	904937.9250992252
40983836.717572615	897839.3454698935
41746552.89253134	890608.6600657941
42523463.34528677	883243.4103759804
43314832.23376403	875741.0921361969
44120928.631911896	868099.1544774079
44942026.62119142	860314.9990584672
45778405.38376616	852385.9791826595
46630349.29742726	844309.3988977928
47498148.03228505	836082.5120795455
48382096.649259575	827702.5214977576
49282495.700405136	819166.5778653374
50199651.33110079	810694.4204072591
51133875.38414321	804407.9616710729
52085485.50577665	798004.5108681269
53054805.25369574	791481.8907561535
54042164.20705915	784837.8835740333
55047898.078549676	778070.2302877366
56072348.82852027	771176.6298222252
57115864.78126434	764154.7382790623
58178800.74344935	757002.1681394652
59261518.124755524	749716.4874525177
60364385.060758635	742295.2190082842
61487776.53810017	734735.83949553
62632074.521986924	727035.7786437691
63797668.08606282	720564.0879062068
64984953.54469889	714894.8712773506
66194334.587743886	709120.14956238
67426222.41778335	703237.9592936906
68681035.88995308	697246.3004632103
69959201.65435374	691143.1358423791
71261154.30111745	684926.390289464
72587336.50817245	678593.9500439928
73938199.19175874	672143.6620080504
75314201.65974376	665573.3330142044
76715811.76779301	658880.7290798026
78143506.07844542	652063.5746473947
79597770.02314977	645348.4185419311
81079098.06731695	640330.5397243005
82587993.87844272	635219.2773280524
84124970.49736118	630012.8934688984
85690550.51268347	624709.6179202282
87285266.2384837	619307.6475112131
88909659.89529167	613805.1455137079
90564283.79445294	608200.2410177464
92249700.52592173	602491.0282954072
93966483.1495469	596675.5661528484
95715215.38991857	590751.8772702808
97496491.83484097	584717.9475296572
99310918.137498	578571.725329852
101159111.22238298	573452.707636577
103041699.49505854	568929.7179098391
104959323.05582266	564322.554574672
106912633.91734771	559629.6511459012
108902296.22637327	554849.4119857952
110928986.48952228	549980.2117615347
112993393.80332193	545020.3948925772
115096220.0885031	539968.2749877445
117238180.32865997	534822.1342718346
119420002.8133535	529580.2230015552
121642429.3857368	524240.7588705945
123906215.6947913	518801.92640361475
126212131.45225461	513485.23135930096
128560960.69432965	509483.62719232345
130953502.04826704	505407.55249090167
133390569.00390588	501255.6213457188
135872990.19027063	497026.42205544823
138401609.65731302	492718.5166467613
140977287.16289675	488330.4403854028
143600898.46512634	483860.70127816306
146273335.620113	479307.7795655857
148995507.28528506	474670.1272052305
151768339.02834037	469946.1673453238
154592773.64194784	465134.29378861416
157469771.46430898	460232.87044624524
160400310.70568198	456187.70299988065
163385387.78098568	452582.15462850145
166426017.64859018	448909.50638842426
169523234.15541214	445168.5095396763
172678090.38843593	441357.89210302016
175891659.03277326	437476.3584274693
179165032.73638958	433522.58874975046
182499324.48161504	429495.2387455708
185895667.9635688	425392.93907253566
189355217.9756299	421214.2949045543
192879150.80207777	416957.88545758685
196468664.61804405	412622.26350655756
200124979.8969035	408416.5063251345
203849339.82524642	405227.689223843
207643010.7255779	401979.52769370005
211507282.48687947	398670.91732478805
215443469.00318778	395300.73315393063
219452908.62033114	391867.82928219583
223536964.59097964	388371.03848527884
227697025.53816846	384809.1718166315
231934505.92744273	381181.0182032085
236250846.547794	377485.3440336877
240647515.00154215	373720.89273903024
245126006.20333397	369886.38436523534
249687842.8884332	365980.5151381395
254334576.13046482	362786.43273440644
259067785.8688001	359914.1149230103
263889081.44575077	356988.34278840123
268800102.15376073	354008.1215365297
273802517.7927863	350972.4378600582
278898029.23804396	347880.25959382864
284088369.0183295	344730.53536391194
289375301.9050947	341522.19423013134
294760625.51248586	338254.1453219327
300246170.90855557	334925.2774674744
305833803.23784316	331534.4588158186
311525422.35554785	328080.53645208746
317322963.4734973	324755.9601881173
323228397.81813806	322216.32993216434
329243733.30077755	319629.4367250149
335371015.2002929	316994.4009951055
341612326.8585518	314310.3268018956
347969790.3887688	311576.30153123813
354445567.3970435	308791.39558508294
361041859.71733445	305954.6620654013
367760910.160103	303065.13645223214
374605003.2748981	300121.8362757317
381576466.1271245	297123.76078212576
388677669.0892668	294069.8905934434
395911026.6468467	290959.1873609154
403278998.21937054	288438.7459511869
410784088.99656343	286151.74969843874
418428850.79015756	283822.1920562804
426215882.9015325	281449.2809500131
434147833.0055101	279032.2095642933
442227398.0505897	276570.1560688067
450457325.17594445	274062.283338836
458840412.64547515	271507.7386706304
467379510.7992463	268905.6534914784
476077523.0226378	266255.1430643821
484937406.7335233	263555.30618723796
493962174.38783056	260805.22488641678
503154894.5038046	258178.7418523369
512518692.70533323	256157.08995005192
522056752.7846986	254097.81476186932
531772317.7850967	252000.21611203716
541668691.1033136	249863.5807944126
551749237.6129117	247687.18232996532
562017384.8083187	245470.2807197675
572476623.970219	243212.12219338483
583130511.3526218	240911.93895258752
593982669.3920338	238568.94891028904
605036787.9391212	236182.35542462912
616296625.5132942	233751.34702810782
627766010.5806513	231275.09715167683
639448842.8556936	229287.28662310282
651349094.6272782	227467.10918467207
663470812.1092337	225613.05793439763
675818116.816111	223724.50247487772
688395206.964551	221800.80067690718
701206358.9007177	219841.29846114738
714255928.5543104	217845.32957573136
727548352.9196217	215812.21536973128
741088151.5641569	213741.26456241094
754879928.1653446	211631.77300818177
768928372.0758306	209483.02345718624
783238259.9179205	207294.28531142356
797814457.2076613	205220.31498288267
812661920.0091946	203611.61434794127
827785696.619849	201972.97552045347
843190929.286625	200303.84134556242
858882855.9546258	198603.64429966308
874866812.0479896	196871.80629744125
891148232.2840202	195107.73849531502
907732652.5210242	193310.84109122466
924625711.6405733	191480.50312069172
941833153.4647961	189616.10224908375
959360828.7093127	187717.0045600167
977214696.9725724	185782.56433981284
995400828.7621539	183812.12385795443
1013925407.5588143	182245.09572131184
1032794731.9189526	180796.95677795119
1052015217.6161569	179321.86772244543
1071593399.8226712	177819.32700862113
1091535935.3313932	176288.82375644636
1111849604.81927	174729.83757832457
1132541315.1528125	173141.83840215686
1153618101.736476	171524.28629111347
1175087130.9048076	169876.631260047
1196955702.3590453	168198.31308849406
1219231251.6491096	166488.76113019304
1241921352.7017846	164747.39411905716
1265033720.3959012	163110.3788635015
1288576213.185518	161830.68708051057
1312556835.7718453	160527.1800156909
1336983741.8249452	159199.41446259568
1361865236.7560828	157846.9389666299
1387209780.541618	156469.29367155264
1413025990.5995336	155066.01016311915
1439322644.7194095	153636.61130981657
1466108684.0469828	152180.61110063372
1493393216.1242533	150697.5144798104
1521185517.9861019	149186.81717851615
1549495039.3146317	147648.00554339035
1578331405.6521199	146080.55636189683
1607704421.673822	144845.7246148148
1637624074.521689	143693.9196233623
1668100537.2000556	142520.6793450326
1699144172.0346258	141325.6048654891
1730765534.1957276	140108.2898465322
1762975375.2872038	138868.32038793943
1795784647.0020967	137605.27488673365
1829204504.8462899	136318.72389383608
1863246311.9315598	135008.229968046
1897921642.8391032	133673.34752730862
1933242287.5550432	132313.6226972112
1969220255.4791734	130928.59315665999
2005867779.5082297	129636.93200887843
2043197320.1952705	128619.23925499599
2081221569.9863415	127582.60706579733
2119953457.536069	126526.68297516873
2159406152.1035676	125451.10795754152
2199593068.0300703	124355.51630582096
2240527869.3000183	123239.5355070402
2282224474.1869006	122102.78611570335
2324697059.9856453	120944.88162476923
2367960067.833079	119765.42833423418
2412028207.618002	118564.02521727154
2456916462.98279	117340.26378387607
2502640096.4179215	116093.72794197475
2549214654.4514203	115121.01385958248
2596655972.934872	114205.13951523406
2644980182.4277143	113272.220593496
2694203713.6818824	112321.93989188246
2744343303.2283683	111353.97430471596
2795415999.067865	110367.99471326718
2847439166.4672475	109363.66587385142
2900430493.8639855	108340.6463038416
2954407998.8803797	107298.58816556078
3009390034.449724	106237.13714801411
3065395295.056536	105155.93234641865
3122442823.0928583	104054.6061394923
3180552015.3329134	103035.76762727289
3239742629.5281954	102226.63188441313
3300034791.1252885	101402.43798769948
3361449000.108775	100562.90570232649
3424006137.9714255	99707.74957827142
3487727474.8141704	98836.6788532378
3552634676.5781393	97949.3973537932
3618749812.411284	97045.60339466769
3686095362.1721687	96124.98967617692
3754694224.0733366	95187.24317973731
3824569722.4669914	94232.04506143578
3895745615.775501	93259.07054361977
3968246104.5694857	92267.98880446982
4042095839.796318	91502.00738331008
4117319931.1616793	90773.90991139929
4193943955.6671777	90032.2624216461
4271993966.306777	89276.81274591268
4351496500.925055	88507.30402316962
4432478591.24041	87723.47461215976
4514967772.036101	86925.05800243796
4598992090.5224285	86111.78272375389
4684580115.873045	85283.37225374964
4771760948.938751	84439.54492393963
4860564232.142149	83580.01382393959
4951020159.556351	82704.48670391442
5043159487.171348	81901.08955903482
5137013543.351338	81257.92197201613
5232614239.486667	80602.78492676423
5329994080.844104	79935.4556696247
5429186177.618942	79255.70730145989
5530224256.192888	78563.3087005003
5633142670.601352	77858.02444376092
5737976414.21414	77139.6147269953
5844761131.633649	76407.83528315897
5953533130.81437	75662.43729935633
6064329395.408049	74903.16733224125
6177187597.338489	74129.76722184365
6292146109.610351	73341.97400379289
6409244019.35647	72738.98711514387
6528521141.127848	72160.30431516982
6650018030.431105	71570.85212982194
6773775997.517745	70970.43013900578
6899837121.430025	70358.83419277512
7028244264.308367	69735.85634191844
7159041085.964888	69101.28476725402
7292272058.728297	68454.90370760896
7427982482.56491	67796.49338645817
7566218500.481063	67125.8299371983
7707027114.212319	66442.68532703031
7850456200.204509	65746.82727942613
7996554525.892329	65113.50826064628
8145371766.280737	64602.38984977429
8296958520.834915	64081.75943830616
8451366330.684739	63551.440006292214
8608647696.149244	63011.251239411584
8768856094.587408	62461.009467662974
8932045998.58096	61900.52760291507
9098272894.455566	61329.61507529486
9267593301.146902	60748.07776839146
9440064789.417603	60155.717953254665
9615746001.432076	59552.33422116462
9794696670.695385	58937.7214151509
9976977642.36321	58311.67056023722
10162650893.929972	57837.15977491742
10351779556.301762	57377.34694008796
10544427935.261662	56908.97691016241
10740661533.334322	56431.89043428388
10940547072.057436	55945.925297910144
11144152514.667904	55450.91626765861
11351547089.20999	54946.69503512545
11562801312.07373	54433.09015965862
11777987011.97118	53909.92701006628
11997177354.358854	53377.0277052407
12220446866.314913	52834.21105367631
12447871461.879063	52281.292491862914
12679528467.864315	51782.210496001266
12915496650.148827	51376.14082043191
13155856240.457052	50962.51411910501
13400688963.639534	50541.18975448538
13650078065.460136	50112.02447174939
13904108340.900667	49674.87235007666
14162866162.991974	49229.58475303546
14426439512.181587	48776.010278044974
14694918006.248201	48313.994704896504
14968392930.772554	47843.380943317134
15246957270.1757	47364.00897955704
15530705739.334583	46875.71582198324
15819734815.786015	46378.335445661
16114142772.530231	46005.07356228892
16414029711.444664	45639.821713751124
16719497597.31985	45267.772466162234
17030650292.528427	44888.79931876925
17347593592.339325	44502.77341661874
17670435260.889503	44109.56350674458
17999285067.824764	43709.035893540735
18334254825.62285	43301.05439330301
18675458427.61074	42885.48028792526
19023011886.689457	42462.17227773404
19377033374.77993	42030.986433444756
19737643263.002552	41591.776147224504
20104964162.604927	41198.62770976264
20479120966.650833	40876.12299856214
20860240892.485046	40547.616419810096
21248453524.988873	40212.99627773012
21643890860.6402	39872.148797868496
22046687352.394028	39524.95808840941
22456979955.397717	39171.306100770635
22874908173.55704	38811.07258946593
23300614106.96929	38444.13507121993
23734242500.23866	38070.36878332286
24175940791.69123	37689.646641209445
24625859163.505444	37301.83919524906
25084150592.775414	36906.81458673161
25550970903.525124	36613.33590862614
26026478819.690044	36323.3067309583
26510836019.085308	36027.880060943855
27004207188.377697	35726.95545033176
27506760079.080673	35420.430581512075
28018665564.59201	35108.201232726584
28540097698.292374	34790.161242632596
29071233772.725693	34466.20247420655
29612254379.880314	34136.2147779765
30163343472.591972	33800.08595457023
30724688427.090096	33457.70171656604
31296480106.707504	33108.94564963395
31878912926.77636	32799.38996057753
32472184920.731255	32543.362900318323
33076497807.442425	32282.571132903166
33692057059.802742	32016.925986321137
34319071974.590427	31746.33713836016
34957755743.632645	31470.71258589632
35608325526.29274	31189.958613611918
36271002523.30648	30903.979762131312
36946012051.993095	30612.67879556366
37633583622.865326	30315.95666844164
38333951017.6659	30013.71249204483
39047352368.85556	29705.843500096576
39774030240.58036	29392.245013822405
40514231711.14655	29161.634424531898
41268208457.02952	28931.45032740862
42036216838.44701	28696.982465070683
42818517986.52406	28458.151115918474
43615377892.080055	28214.875074719963
44427067496.06892	27967.07162499987
45253862781.70167	27714.65651091531
46096044868.284195	27457.543908607688
46953900106.80053	27195.64639702183
47827720177.27485	26928.874928181922
48717802187.94641	26657.138796914143
49624448776.28914	26380.34561000601
50547968211.912254	26136.75679530766
51488674501.37487	25933.62302979408
52446887494.95119	25726.70891033987
53422932995.38363	25515.94408391493
54417142868.658875	25301.256888207387
55429855156.84652	25082.57432725742
56461414193.036606	24859.822046637975
57512170718.41614	24632.92430817357
58582482001.525475	24401.803964188337
59672711959.7331	24166.38243127508
60783231282.972115	23926.57966357593
61914417559.77835	23682.314125565972
63066655405.67406	23433.50276433041
64240336593.94204	23252.43882563714
65435860188.83229	23069.87825918283
66653632681.24893	22883.92020952304
67894068126.96099	22694.501448917163
69157588287.38525	22501.557572945676
70444622772.99051	22305.022978611807
71755609189.36922	22104.83084203589
73090993286.02888	21900.91309573441
74451229107.95128	21693.200405476393
75836779149.97191	21481.622146709116
77248114514.03416	21266.106380544865
78685715069.36842	21046.579829301063
80150069615.6538	20855.06049063887
81641676049.21454	20694.027866184242
83161041532.30962	20529.998397187846
84708682665.57419	20362.916311862842
86285125663.66887	20192.724800499956
87890906534.19963	20019.365996151468
89526571259.96382	19842.780954956066
91192675984.59299	19662.909636096963
92889787201.64516	19479.690881387723
94618481947.21991	19293.06239447761
96379347996.15794	19102.960719670114
98172984061.88821	18909.32122034755
100000000000.0	18712.078056993632
