# Frequency (Hz)	Real Part (Ohm/m)
1000.0	7192587.835846755
1018.6101701559753	7221608.510674668
1037.566678745186	7251169.265199168
1056.875971184804	7281280.150395308
1076.5446128423157	7311951.404288496
1096.5792912678098	7343193.455435531
1116.9868184678226	7375016.926470435
1137.7741332214914	7407432.637716253
1158.9483034398106	7440451.610864082
1180.5165285688054	7474085.0727205705
1202.4861420374123	7508344.459025139
1224.8646137509306	7543241.4183382755
1247.6595526308697	7578787.816002155
1270.8787092020582	7609981.25228608
1294.529978227916	7636941.150589973
1318.6214013947485	7664402.777188685
1343.1611700460153	7692375.469331159
1368.1576279674719	7720868.738034125
1393.619274224142	7749892.271315954
1419.5547660501015	7779455.937490687
1445.9729217920194	7809569.788523363
1472.882723907502	7840244.063447812
1500.2933220192183	7871489.191848014
1528.2140360258693	7903315.797404288
1556.654359271062	7935734.701505456
1585.6239617711371	7968511.715883925
1615.132693503091	7992246.812329537
1645.1905877536624	8016423.62295867
1675.807864530767	8041050.368147438
1706.9949340384078	8066135.42125456
1738.7624002162504	8091687.311468375
1771.1210643450886	8117714.72670688
1804.0819287193826	8144226.516571689
1837.6562003881704	8171231.695357023
1871.8552949655793	8198739.445114648
1906.690840512252	8226759.118775866
1942.1746814890264	8255300.243331635
1978.3188827841643	8284372.52307183
2015.1357338155585	8308751.952478786
2052.6377527092523	8329039.801378114
2090.8376905557498	8349705.210597557
2129.748535745521	8370755.206598919
2169.3835183851843	8392196.946607647
2209.756114795903	8414037.721046379
2250.880052095462	8436284.956013754
2292.7693128656488	8458946.21580937
2335.438139906479	8482029.205505732
2378.9010410788933	8505541.773568053
2423.1727942376006	8529491.914522817
2468.2684522556924	8553887.77167601
2514.2033481427966	8578269.675620621
2560.9931002584594	8594131.548611011
2608.6536176225477	8610288.61375674
2657.2011053245064	8626746.364634054
2706.652070033241	8643510.39705558
2757.0233256095826	8660586.41097297
2808.3319988231724	8677980.21241495
2860.5955351757416	8695697.715461422
2913.831704832789	8713744.944254331
2968.0586086656026	8732128.035045916
3023.2946844057765	8750853.238285126
3079.5587129142264	8769926.920742828
3136.8698245668766	8789355.567676563
3195.2475057592133	8804183.060352132
3254.711605531848	8815390.8540546
3315.282342319423	8826807.226704942
3376.9803108250912	8838436.059992874
3439.8264890229243	8850281.307847008
3503.8422452906757	8862346.99777925
3569.0493456752292	8874637.232254177
3635.4699612933177	8887156.190083941
3703.126675869927	8899908.127849093
3772.0424934169973	8912897.38134587
3842.240846055061	8926128.367060423
3913.745601980384	8939605.583670454
3986.581073580439	8952737.686345406
4060.7720257003657	8958696.2397295
4136.343684063274	8964765.682805954
4213.321743847289	8970948.079250814
4291.732378422157	8977245.531145483
4371.602248248501	8983660.179691464
4452.958509942655	8990194.20593837
4535.828825510186	8996849.83152554
4620.241371751313	9003629.319437379
4706.224849841281	9010534.974772831
4793.808495089106	9017569.145529114
4883.02208687788	9024734.223400075
4973.895958790063	9032032.644589398
5066.461008921268	9035423.464815855
5160.7487103859075	9036012.098930087
5256.791122018419	9036611.687625343
5354.620899273607	9037222.43476824
5454.271305329836	9037844.548019389
5555.7762223988775	9038478.238904001
5659.170163246242	9039123.722883802
5764.488282925873	9039781.219430296
5871.766390733255	9040450.9520994
5981.040962380945	9041133.148607433
6092.349152400711	9041828.040908562
6205.7288067765	9042535.865273654
6321.218475812449	9042705.260190656
6438.8574272404185	9037867.352066413
6558.685659571435	9032939.409648772
6680.743915695614	9027919.757384226
6805.073696735206	9022806.68853691
6931.717276155407	9017598.46460833
7060.717714137772	9012293.314746225
7192.118872221193	9006889.435142485
7325.96542821523	9001384.988419816
7462.302891391108	8995778.103007024
7601.17761795533	8990066.872502651
7742.636826811269	8984249.355026798
7886.728615614156	8978323.572560832
8033.501977124735	8969838.54390106
8183.00681586739	8959631.91586195
8335.293965098195	8949235.34073831
8490.415204088747	8938645.283582583
8648.423275731726	8927858.143661227
8809.37190447399	8916870.253230438
8973.31581458352	8905677.876289075
9140.310748756232	8894277.207308386
9310.413487069076	8882664.369938076
9483.681866285926	8870835.415688302
9660.174799522645	8858786.322587183
9839.952296278227	8846512.993813222
10023.075482838643	8833723.942115255
10209.606623060476	8818667.034999887
10399.609139541202	8803329.916281076
10593.1476351837	8787707.371173209
10790.287915161836	8771794.087842613
10991.097009294961	8755584.655601498
11195.643194838794	8739073.563068237
11403.99601970033	8722255.196293477
11616.22632608502	8705123.836851291
11832.40627458378	8687673.659894885
12052.609368708414	8669898.732176067
12276.910479883603	8651793.010027891
12505.385872903913	8633350.337309739
12738.113231864783	8614217.746652791
12975.171686575868	8594530.128871245
13216.641839466038	8574476.121172821
13462.60579298911	8554048.904978815
13713.147177539455	8533241.534815632
13968.351179887397	8512046.935953211
14228.30457214352	8490457.901999574
14493.09574126215	8468467.092450555
14762.81471909391	8446067.03019396
15037.553212997384	8423250.098967267
15317.404637020798	8400008.540768009
15602.46414366368	8376334.4532159725
15892.828656229764	8352402.088164256
16188.596901781993	8329066.956285845
16489.86944471065	8305297.553632565
16796.74872092653	8281085.798351402
17109.339072690134	8256423.458184682
17427.746784089173	8231302.147671013
17752.08011717636	8205713.325294145
18082.44934877952	8179648.290578752
18418.96680799711	8153098.181132183
18761.746914391195	8126053.969631156
19110.90621689136	8098506.460752361
19466.56343342263	8070446.288045953
19828.83949127071	8041863.910750879
20197.857568198782	8014677.13516798
20573.743134329114	7987975.445383059
20956.623994804308	7960776.832607785
21346.630333242454	7933072.049020758
21743.8947560008	7904851.674697042
22148.55233726359	7876106.114405298
22560.74066496859	7846825.594345293
22980.599887588487	7817000.158824718
23408.272761782944	7786619.666874125
23843.904700937208	7755673.788798912
24287.643824604504	7724152.0026670955
24739.64100886812	7692043.590731745
25200.049937640895	7660113.532517634
25669.027154919517	7631280.961753595
26146.732118010917	7601911.811941607
26633.327251749808	7571996.097254278
27128.978003724646	7541523.646026282
27633.852900531667	7510484.097295864
28148.123605075813	7478866.897282003
28671.964974937695	7446661.295796033
29205.55512182745	7413856.342586433
29749.075472144435	7380440.88361564
30302.71082866393	7346403.557267569
30866.649433372742	7311732.7904845
31441.08303147265	7276416.794832159
32026.206936576502	7244432.431580605
32622.220097116733	7213682.739938968
33229.325163989684	7182360.791303643
33847.72855945983	7150455.93587459
34477.640547344636	7117957.325657205
35119.275304507275	7084853.910773842
35772.850993678774	7051134.435706751
36438.58983763541	7016787.435471098
37116.71819475767	6981801.231716706
37807.466635993485	6946163.928757337
38511.070023255685	6909863.409525993
39227.76758927723	6872887.331455003
39957.803018952654	6836600.245992053
40701.42453219439	6805197.416645763
41458.88496832911	6773210.175301963
42230.441872066716	6740627.645953934
43016.35758106799	6707438.75019062
43816.89931514194	6673632.203429868
44632.33926710397	6639196.511081513
45462.95469532399	6604119.964639113
46309.02801799736	6568390.637698939
47170.84690917023	6531996.381904845
48048.704396551344	6494924.822817726
48942.89896114532	6457163.355708051
49853.73463873894	6418699.141270123
50781.5211232767	6385065.231476748
51726.57387216024	6353064.015909184
52689.21421350677	6320467.252274715
53669.76945540476	6287263.857322477
54668.57299720181	6253442.541540416
55685.96444286408	6218991.8053167565
56722.28971644549	6183899.93502997
57777.90117970507	6148154.999066061
58853.1577519145	6111744.843761647
59948.42503189408	6074657.089271612
61064.07542232036	6036879.125359816
62200.48825634718	5998398.107111472
63358.04992658254	5961082.73985249
64537.15401646702	5929614.730252812
65738.20143409586	5897561.095640009
66961.60054853215	5864910.937432948
68207.76732865692	5831653.154226028
69477.1254846024	5797776.438014625
70770.10661181889	5763269.270350199
72087.15033782135	5728119.918423938
73428.70447166759	5692316.431077456
74795.22515621828	5655846.634739276
76187.17702322999	5618698.129285691
77605.0333513357	5580858.283824576
79049.2762269642	5542314.232400754
80520.39670825469	5509532.829211566
82018.8949920221	5478469.131949004
83545.28058382872	5446827.333994714
85100.07247122246	5414596.676796452
86683.79930019773	5381766.2015834935
88296.99955494082	5348324.745640519
89940.22174092053	5314260.93851218
91614.0245713852	5279563.198137026
93318.9771573324	5244219.7269094605
95055.65920101192	5208218.507668449
96824.66119303115	5171547.2996115405
98626.5846131283	5134193.634132862
100462.04213468132	5098374.698235229
102331.65783302448	5068640.8375605615
104236.06739764012	5038353.624679345
106175.9183482999	5007502.761612858
108151.87025522892	4976077.758735241
110164.59496336569	4944067.931206922
112214.77682079801	4911462.3953416385
114303.11291144785	4878250.064905874
116430.31329208757	4844419.647349427
118597.10123376705	4809959.6399658015
120804.21346773289	4774858.325981193
123052.40043592616	4739103.770570634
125342.42654613995	4702683.816800032
127675.07043192645	4672414.643233522
130051.12521734099	4643728.767404817
132471.39878661174	4614509.042545872
134936.71405883064	4584745.533635387
137447.90926775365	4554428.120759644
140005.8382468096	4523546.495671593
142611.37071941295	4492090.158285955
145265.39259467812	4460048.413109092
147968.80626863963	4427410.365602392
150722.53093107554	4394164.9184780335
153527.5028780421	4360300.767925779
156384.67583022476	4325806.399769556
159295.0212572123	4293079.623348941
162259.5287078087	4266155.089348359
165279.2061464897	4238729.485188653
168355.08029612005	4210793.485868909
171488.19698705408	4182337.592848341
174679.62151272455	4153352.130816725
177930.43899185772	4123827.2444046494
181241.75473742394	4093752.8948326074
184614.69463245454	4063118.856497705
188050.40551285836	4031914.713496819
191550.0555573528	4000129.8560851184
195114.83468466165	3967753.477068603
198745.9549580986	3934774.568129551
202444.65099768018	3907901.9956633574
206212.18039991445	3882359.4541117144
210049.8241653915	3856341.5615155813
213958.88713434213	3829839.4715111344
217940.6984302958	3802844.173102211
221996.61191199525	3775346.487596496
226128.00663372793	3747337.065484616
230336.2873142131	3718806.383261266
234622.88481422624	3689744.740187075
238989.25662310526	3660142.2549902564
243436.8873543108	3629988.8625068925
247967.289250216	3599274.310258625
252582.00269627848	3570430.092351183
257282.59674479323	3546799.738842991
262070.66964838552	3522729.6204351634
266947.8494034318	3498211.5530280974
271915.7943036019	3473237.200214684
276976.1935036891	3447798.070445881
282130.76759394706	3421885.514143461
287381.2691851069	3395490.720759073
292729.4835042813	3368604.7157785753
298177.22900196735	3341218.3576705707
303726.3579703311	3313322.334778227
309378.75717301364	3284907.1621531816
315136.34848664823	3255963.17833057
321001.08955431683	3232785.808538559
326974.97445117676	3210645.6294767004
333060.03436245886	3188093.41791522
339258.33827409917	3165121.505859186
345571.9936762143	3141722.0826109783
352003.1472796675	3117887.1921145758
358553.9857459817	3093608.73025038
365226.7364308175	3068878.4420797704
372023.6681413066	3043687.919038298
378947.09190746717	3018028.5960767027
385999.36176797637	2991891.7487487122
393182.87557057705	2965268.4902446005
400500.07578736113	2940512.5921291397
407953.45034524484	2920248.8649671446
415545.53347188793	2899608.0263946666
423278.90655735444	2878583.0583041986
431156.19903182285	2857166.8119800375
439180.0892596086	2835352.0056676846
447353.3054498463	2813131.222097939
455678.6265841068	2790496.905964959
464158.8833612772	2767441.3613573844
472796.9591600391	2743956.74914162
481595.79101923504	2720035.0842964747
490558.37063650455	2695668.2331981477
499687.7453854889	2670847.9108547126
508987.0193519675	2651282.5165821677
518459.3543892913	2632472.507906967
528107.971193433	2613312.441769685
537936.1503980698	2593795.8035413898
547947.2336900292	2573915.957354791
558144.6249454955	2553666.143847989
568531.7913873753	2533039.477866194
579112.2647641759	2512028.9461207306
589889.6425508494	2490627.4048044165
600867.5891719692	2468827.577162603
612049.837247669	2446622.0510190087
623440.1888627863	2424003.276255475
635042.5168595961	2403172.771867648
646860.7661546321	2386095.4440495996
658898.9550799957	2368700.304255047
671161.1767496272	2350981.4379490335
683651.6004510238	2332932.8205260914
696374.4730628222	2314548.315261829
709334.1204987989	2295821.6712263664
722534.9491787221	2276746.5211589504
735981.4475265755	2257316.3793030335
749678.1874966878	2237524.639201019
763629.8261282243	2217364.5714480258
777841.1071286482	2196829.321403793
792316.8624866261	2175911.906862039
807062.0141149492	2159659.864568664
822081.575524054	2143918.637969813
837380.6535266489	2127884.4644654943
852964.4499741016	2111551.89226395
868838.2635251193	2094915.3681146484
885007.4914473438	2077969.2354201258
901477.6314524917	2060707.7323126723
918254.2835656281	2043124.989695242
935343.1520292377	2025215.0292458923
952750.0472427299	2006971.761385091
970480.8877380306	1988388.9832052016
988541.7021919573	1969460.3763614136
1006938.6314760271	1952192.2030268863
1025677.9307444209	1937988.2448683674
1044765.9715608053	1923519.948631628
1064209.2440647245	1908782.3949400587
1084014.359178331	1893770.572866606
1104188.0508541602	1878479.378230015
1124737.1783647507	1862903.6118593493
1145668.7286348727	1847037.9778262135
1166989.8186171474	1830877.0816440904
1188707.6977119034	1814415.4284341452
1210829.7502320393	1797647.4210569141
1233363.4979137746	1780567.3582092163
1256316.6024741214	1763169.4324856459
1279696.8682159416	1749833.7171451666
1303512.2446815087	1736810.935185956
1327770.829355429	1723545.79703858
1352480.8704178738	1710033.7924131393
1377650.769549055	1696270.327082469
1403289.084785873	1682250.721320061
1429404.533431761	1667970.2083088942
1456005.9950206485	1653423.9325206755
1483102.514336103	1638606.9480649023
1510703.3044866556	1623514.217007207
1538817.7500383465	1608140.607656411
1567455.410205595	1592480.8928196859
1596626.022101425	1578327.1502041447
1626339.5040481905	1566631.0858768227
1656605.9589499151	1554717.3558022128
1687435.6777273756	1542581.9091837234
1718839.1428171454	1530220.6198387453
1750827.0317357269	1517629.284795708
1783410.220710006	1504803.6228650324
1816599.7883753285	1491739.2731834606
1850407.019542302	1478431.7937313388
1884843.4090337954	1464876.659822266
1919920.6655932867	1451069.2625646573
1955650.715865947	1437004.9072946757
1992045.7084538713	1422678.8119799835
2029118.0180466783	1411838.000938201
2066880.2496290822	1401158.5387525489
2105345.242766708	1390280.329958447
2144526.0759716653	1379199.6758476961
2184436.0711494284	1367912.808878503
2225088.7981283693	1356415.8913944867
2266498.079273693	1344705.014319823
2308677.994187172	1332776.1958301233
2351642.884494346	1320625.3799985726
2395407.358720879	1308248.4354168607
2439986.29725955	1295641.1537904728
2485394.857429798	1282799.2485078142
2531648.478631358	1271298.5924973036
2578762.8875937983	1261741.6847506335
2626754.1037238385	1252006.9213246303
2675638.4445520453	1242090.9922948426
2725432.531281028	1231990.5261385553
2776153.2944368036	1221702.088588444
2827817.979625338	1211222.1814648889
2880444.1533962977	1200547.2414865424
2934049.709215787	1189673.6390587955
2988652.873550383	1178597.67703966
3044272.2120643063	1167315.589482706
3100926.6359319235	1155823.5403566048
3158635.408267819	1144117.6222408237
3217418.1506763715	1135368.3007592685
3277294.849923382	1126669.7401303966
3338285.8647317644	1117809.2978081089
3400411.9327037027	1108783.9611465472
3463694.1773717343	1099590.6614339976
3528154.1153808828	1090226.2728495037
3593813.6638046256	1080687.611400045
3660695.147596906	1070971.4338379512
3728821.30718283	1061074.4365581633
3798215.306190736	1050993.2544749626
3868900.7393279755	1040724.4598778217
3940901.6404034477	1030264.561265931
4014242.490499326	1020982.1879513604
4088948.226294856	1013219.7206381786
4165044.248545185	1005312.7924874666
4242556.430717777	997258.7150584594
4321511.127789762	989054.7498780494
4401935.1852088785	980698.107509677
4483855.948021181	972185.9466048985
4567301.270168747	963515.372937285
4652299.523960189	954683.4384183686
4738879.609717651	945687.1400952485
4827070.965603188	936523.4191295602
4916903.577628021	927189.1597574408
5008407.989848212	917681.188230124
5101615.314749833	910659.291589015
5196557.243827657	903611.4300112565
5293266.058360566	896432.406530299
5391774.640387494	889119.780200809
5492116.483887789	881671.0646510386
5594325.706169377	874083.7272374444
5698437.0594691355	866355.1881835521
5804485.942768984	858482.8197028092
5912508.413831869	850463.9451051105
6022541.201461928	842295.8378866876
6134621.717992506	833975.7208030786
6248788.072006888	825500.764924826
6365079.081295578	818047.7955433102
6483534.286054714	811772.0892318955
6604193.962330305	805379.590958175
6727099.135712336	798868.1272038599
6852291.595284057	792235.4840011122
6979813.907830667	785479.4061797765
7109709.432312423	778597.5966006006
7242022.334607315	771587.7153741735
7376797.60252773	764447.3790653504
7514081.061116962	757174.159882849
7653919.388230155	749765.584853779
7796360.130405221	742219.1349828058
7941451.71902934	734532.2443956591
8089243.486805938	728921.3207180125
8239785.684528512	723234.325488795
8393129.498166373	717441.494310685
8549327.066268368	711540.8575586666
8708431.497690724	705530.4089526634
8870496.889654402	699408.1048753893
9035578.34613892	693171.8636774905
9203731.99661823	686819.5649697646
9375015.01514529	680349.0489022066
9549485.639791967	673758.1154296349
9727203.192450536	667044.5235636516
9908228.099003786	660205.9906106849
10092621.909870483	654246.2364535525
10280447.320933098	649190.9334966417
10471768.194855202	644041.550491513
10666649.582795387	638796.3365924607
10865157.746525371	633453.5083702425
11067360.180959744	628011.2492056941
11273325.63710487	622467.7086720609
11483124.14543511	616821.0019058306
11696827.039703846	611069.2089658594
11914506.981197748	605210.3741805736
12136237.983442418	599242.5054830173
12362095.437367693	593163.5737335315
12592156.13694151	586994.0097070637
12826498.3052806	582503.420936289
13065201.621247198	577929.2615443899
13308347.24654076	573269.9762678862
13556017.853293689	568523.9808995819
13808297.652180923	563689.6617499145
14065272.421052363	558765.3750982832
14327029.534098294	553749.4466341683
14593657.991557576	548640.1708878455
14865248.449978571	543435.8106505102
15141893.25304352	538134.5963836053
15423686.462966273	532734.72561716
15710723.892474487	527234.3623369308
16003103.137387017	522483.89780575084
16300923.609797413	518423.2612131637
16604286.571875297	514287.05548264703
16913295.17029647	510073.8742596852
17228054.471313924	505782.2850172662
17548671.49648152	501410.82856880565
17875255.259042352	496958.0185720103
18207916.800994623	492422.3410235024
18546769.230846975	487802.25374404405
18891927.762076646	483096.18585417955
19243509.75230332	478302.53724011866
19601634.743191857	473419.67800968257
19966424.501097932	468500.3075882105
20338003.0584698	464897.55394494557
20716496.75602067	461227.75244334945
21102034.285685964	457489.65531136957
21494746.734379806	453681.9915557043
21894767.628566206	449803.4665296495
22302232.979659364	445852.76149290544
22717281.330269028	441828.53316319163
23140053.80130654	437729.4132595149
23570694.139967278	433554.0080369413
24009348.76860652	429300.8978127055
24456166.83452444	424968.63648350484
24911300.26067791	420555.7510338069
25374903.797335718	416778.7568643234
25847135.07469564	413524.3800054969
26328154.656480197	410209.4386395761
26818126.094530128	406832.8056507784
27317215.98441379	403393.3329475044
27825594.022071257	399889.8510719762
28343433.061513092	396321.168802606
28870909.173592344	392686.0727489702
29408201.705870606	388983.3269392428
29955493.34359816	385211.6723999518
30512970.171828706	381369.8267279153
31080821.738690637	377456.4836542093
31659241.119835205	373543.0731322954
32248424.98408439	370658.36378798593
32848573.66030047	367719.9695119282
33459891.20549975	364726.891218408
34082585.47423452	361678.11122855515
34716868.189265594	358572.5929243232
35362955.013550386	355409.28039602685
36021065.62357073	352187.09808332205
36691423.78402494	348904.9504095045
37374257.42391064	345561.7214090003
38069798.71402284	342156.2743479263
38778284.14589453	338687.45133758854
39499954.61220647	335154.07294078695
40235055.48869293	332157.07034777047
40983836.717572615	329553.4688771588
41746552.89253134	326901.41394016077
42523463.34528677	324200.0038095222
43314832.23376403	321448.31997669104
44120928.631911896	318645.4268395158
44942026.62119142	315790.37138412864
45778405.38376616	312882.182860912
46630349.29742726	309919.8724544326
47498148.03228505	306902.4329472335
48382096.649259575	303828.8383773704
49282495.700405136	300698.0436895717
50199651.33110079	297590.6080565416
51133875.38414321	295284.45548130764
52085485.50577665	292935.38501424267
53054805.25369574	290542.59794607747
54042164.20705915	288105.28070342675
55047898.078549676	285622.60457216616
56072348.82852027	283093.72541566065
57115864.78126434	280517.7833877485
58178800.74344935	277893.90264038515
59261518.124755524	275221.1910258444
60364385.060758635	272498.73979337915
61487776.53810017	269725.6232802364
62632074.521986924	266900.8985969214
63797668.08606282	264526.59543199796
64984953.54469889	262446.5376747432
66194334.587743886	260327.76968869168
67426222.41778335	258169.57106989878
68681035.88995308	255971.2080075795
69959201.65435374	253731.93303460602
71261154.30111745	251450.98477335952
72587336.50817245	249127.58767685428
73938199.19175874	246760.95176504288
75314201.65974376	244350.2723562157
76715811.76779301	241894.72979339876
78143506.07844542	239393.48916566258
79597770.02314977	236929.6424635695
81079098.06731695	235088.2967353261
82587993.87844272	233212.6832497641
84124970.49736118	231302.16427808907
85690550.51268347	229356.09022326488
87285266.2384837	227373.79939914428
88909659.89529167	225354.61780548797
90564283.79445294	223297.85889879815
92249700.52592173	221202.82335888507
93966483.1495469	219068.79885109133
95715215.38991857	216895.05978409047
97496491.83484097	214680.86706317784
99310918.137498	212425.46783897115
101159111.22238298	210546.87615845012
103041699.49505854	208886.91851040538
104959323.05582266	207196.06876807837
106912633.91734771	205473.75202433858
108902296.22637327	203719.38267293517
110928986.48952228	201932.3642093862
112993393.80332193	200112.08902815878
115096220.0885031	198257.93821607748
117238180.32865997	196369.28134188853
119420002.8133535	194445.4762419047
121642429.3857368	192485.86880166366
123906215.6947913	190489.79273352076
126212131.45225461	188538.5184279331
128560960.69432965	187069.74095714063
130953502.04826704	185573.62928769545
133390569.00390588	184049.67472550992
135872990.19027063	182497.35910961212
138401609.65731302	180916.15463596632
140977287.16289675	179305.5236780146
143600898.46512634	177664.91860387698
146273335.620113	175993.7815901512
148995507.28528506	174291.54443224604
151768339.02834037	172557.62835118605
154592773.64194784	170791.4437968214
157469771.46430898	168992.3902473731
160400310.70568198	167507.53432410682
163385387.78098568	166183.98949671607
166426017.64859018	164835.81327487814
169523234.15541214	163462.54726415154
172678090.38843593	162063.724539296
175891659.03277326	160638.8694855131
179165032.73638958	159187.4976367317
182499324.48161504	157709.11551088459
185895667.9635688	156203.22044211987
189355217.9756299	154669.3004098884
192879150.80207777	153106.8338648518
196468664.61804405	151515.28955154907
200124979.8969035	149971.39889480214
203849339.82524642	148800.71921344654
207643010.7255779	147608.25298402278
211507282.48687947	146393.5947551644
215443469.00318778	145156.33152998573
219452908.62033114	143896.04262565833
223536964.59097964	142612.2995303758
227697025.53816846	141304.66575765348
231934505.92744273	139972.6966979194
236250846.547794	138615.93946734112
240647515.00154215	137233.93275384116
245126006.20333397	135826.2066602463
249687842.8884332	134392.28254451658
254334576.13046482	133219.60948346046
259067785.8688001	132165.03229065306
263889081.44575077	131090.8292368447
268800102.15376073	129996.63508142286
273802517.7927863	128882.07778658495
278898029.23804396	127746.7783908418
284088369.0183295	126590.35088016589
289375301.9050947	125412.40205674297
294760625.51248586	124212.5314052811
300246170.90855557	122990.3309568304
305833803.23784316	121745.38515006959
311525422.35554785	120477.27069000999
317322963.4734973	119256.63224809669
323228397.81813806	118324.12829913059
329243733.30077755	117374.2702930031
335371015.2002929	116406.73526775774
341612326.8585518	115421.19425106073
347969790.3887688	114417.31214834706
354445567.3970435	113394.7476288854
361041859.71733445	112353.15300972105
367760910.160103	111292.17413746072
374605003.2748981	110211.45026785576
381576466.1271245	109110.61394314557
388677669.0892668	107989.29086711866
395911026.6468467	106847.09977784706
403278998.21937054	105921.59936755798
410784088.99656343	105081.79652396511
418428850.79015756	104226.36480655533
426215882.9015325	103355.01335932773
434147833.0055101	102467.44591340152
442227398.0505897	101563.36068628199
450457325.17594445	100642.4502792502
458840412.64547515	99704.401572845
467379510.7992463	98748.89562039895
476077523.0226378	97775.60753959283
484937406.7335233	96784.20640199239
493962174.38783056	95774.35512052834
503154894.5038046	94809.87943714924
512518692.70533323	94067.46243191781
522056752.7846986	93311.22891989234
531772317.7850967	92540.92177353062
541668691.1033136	91756.27908010273
551749237.6129117	90957.03405263832
562017384.8083187	90142.91493921653
572476623.970219	89313.64493056668
583130511.3526218	88468.9420659508
593982669.3920338	87608.51913729317
605036787.9391212	86732.08359152696
616296625.5132942	85839.33743112328
627766010.5806513	84929.97711276836
639448842.8556936	84199.95697532668
651349094.6272782	83531.48485390238
663470812.1092337	82850.57235255367
675818116.816111	82156.98795369352
688395206.964551	81450.49583115306
701206358.9007177	80730.85576999842
714255928.5543104	79997.82308485467
727548352.9196217	79251.14853671029
741088151.5641569	78490.57824817383
754879928.1653446	77715.85361715211
768928372.0758306	76926.71122892326
783238259.9179205	76122.88276657197
797814457.2076613	75361.19490707509
812661920.0091946	74770.35226835539
827785696.619849	74168.51394759369
843190929.286625	73555.47531327637
858882855.9546258	72931.02792566209
874866812.0479896	72294.959465911
891148232.2840202	71647.05366389293
907732652.5210242	70987.09022465427
924625711.6405733	70314.8447535148
941833153.4647961	69630.0886797707
959360828.7093127	68932.58917897902
977214696.9725724	68222.10909379376
995400828.7621539	67498.40685333077
1013925407.5588143	66922.8457801353
1032794731.9189526	66390.94178103177
1052015217.6161569	65849.1389579984
1071593399.8226712	65297.25309223724
1091535935.3313932	64735.09653660761
1111849604.81927	64162.47815182354
1132541315.1528125	63579.20324146407
1153618101.736476	62985.07348577525
1175087130.9048076	62379.88687423817
1196955702.3590453	61763.43763688427
1219231251.6491096	61135.516174330834
1241921352.7017846	60495.90898651454
1265033720.3959012	59894.62297011417
1288576213.185518	59424.56133941992
1312556835.7718453	58945.75178179463
1336983741.8249452	58458.031496829724
1361865236.7560828	57961.23465437301
1387209780.541618	57455.19233814534
1413025990.5995336	56939.73248830642
1439322644.7194095	56414.67984295342
1466108684.0469828	55879.85587852969
1493393216.1242533	55335.07874912441
1521185517.9861019	54780.16322464394
1549495039.3146317	54214.92062783057
1578331405.6521199	53639.15877011109
1607704421.673822	53185.55530378059
1637624074.521689	52762.44333077695
1668100537.2000556	52331.4571719608
1699144172.0346258	51892.450287394095
1730765534.1957276	51445.27341000595
1762975375.2872038	50989.774494839934
1795784647.0020967	50525.79866735666
1829204504.8462899	50053.18817077583
1863246311.9315598	49571.782312435986
1897921642.8391032	49081.41740915836
1933242287.5550432	48581.92673159233
1969220255.4791734	48073.14044752536
2005867779.5082297	47598.64588386399
2043197320.1952705	47224.77545036063
2081221569.9863415	46843.947224473486
2119953457.536069	46456.03172050248
2159406152.1035676	46060.89704299633
2199593068.0300703	45658.40884190735
2240527869.3000183	45248.43026691026
2282224474.1869006	44830.82192087217
2324697059.9856453	44405.441812455836
2367960067.833079	43972.14530784081
2412028207.618002	43530.78508154702
2456916462.98279	43081.21106634171
2502640096.4179215	42623.270402215734
2549214654.4514203	42265.90556345888
2596655972.934872	41929.41703146244
2644980182.4277143	41586.66639063009
2694203713.6818824	41237.537102050694
2744343303.2283683	40881.91045800441
2795415999.067865	40519.665541600436
2847439166.4672475	40150.67918566412
2900430493.8639855	39774.8259308586
2954407998.8803797	39391.97798302737
3009390034.449724	39002.00516974313
3065395295.056536	38604.77489604749
3122442823.0928583	38200.15209936735
3180552015.3329134	37825.82806926512
3239742629.5281954	37528.53258683603
3300034791.1252885	37225.70438489234
3361449000.108775	36917.24049858244
3424006137.9714255	36603.03604686141
3487727474.8141704	36282.98419683008
3552634676.5781393	35956.97612741088
3618749812.411284	35624.90099234755
3686095362.1721687	35286.645882516146
3754694224.0733366	34942.0957875347
3824569722.4669914	34591.1335566584
3895745615.775501	34233.63985894711
3968246104.5694857	33869.493142691696
4042095839.796318	33588.03553221268
4117319931.1616793	33320.49317702012
4193943955.6671777	33047.9718130735
4271993966.306777	32770.378780172636
4351496500.925055	32487.619693695364
4432478591.24041	32199.59841250561
4514967772.036101	31906.217006264433
4598992090.5224285	31607.37572213251
4684580115.873045	31302.972950853196
4771760948.938751	30992.90519220441
4860564232.142149	30677.0670198073
4951020159.556351	30355.3510452802
5043159487.171348	30060.13213143607
5137013543.351338	29823.775437468834
5232614239.486667	29583.020105209376
5329994080.844104	29337.784275250597
5429186177.618942	29087.98456476801
5530224256.192888	28833.53603916843
5633142670.601352	28574.35218321144
5737976414.21414	28310.34487159341
5844761131.633649	28041.424338983747
5953533130.81437	27767.49914950385
6064329395.408049	27488.476165637716
6177187597.338489	27204.260516564344
6292146109.610351	26914.75556590073
6409244019.35647	26693.145717134692
6528521141.127848	26480.463584411817
6650018030.431105	26263.823401009842
6773775997.517745	26043.15150693208
6899837121.430025	25818.372871356893
7028244264.308367	25589.411067126217
7159041085.964888	25356.18824475965
7292272058.728297	25118.625105984578
7427982482.56491	24876.64087677406
7566218500.481063	24630.15327988288
7707027114.212319	24379.078506872207
7850456200.204509	24123.331189614004
7996554525.892329	23890.560321320947
8145371766.280737	23702.68654101027
8296958520.834915	23511.31639768017
8451366330.684739	23316.38482341992
8608647696.149244	23117.825539393958
8768856094.587408	22915.571033306223
8932045998.58096	22709.55253644534
9098272894.455566	22499.70000030259
9267593301.146902	22285.942072754566
9440064789.417603	22068.206073802732
9615746001.432076	21846.41797086132
9794696670.695385	21620.502353585558
9976977642.36321	21390.38240823139
10162650893.929972	21215.943310850376
10351779556.301762	21046.903324891664
10544427935.261662	20874.7174760311
10740661533.334322	20699.327219224742
10940547072.057436	20520.672919895514
11144152514.667904	20338.69383365668
11351547089.20999	20153.32808565816
11562801312.07373	19964.51264954829
11777987011.97118	19772.1833260443
11997177354.358854	19576.27472110392
12220446866.314913	19376.720223690572
12447871461.879063	19173.451983125025
12679528467.864315	18989.965598888088
12915496650.148827	18840.657051773178
13155856240.457052	18688.569847190724
13400688963.639534	18533.652273852436
13650078065.460136	18375.851658114207
13904108340.900667	18215.11434606638
14162866162.991974	18051.385685290883
14426439512.181587	17884.61000627895
14694918006.248201	17714.730603502725
14968392930.772554	17541.689716134875
15246957270.1757	17365.42850840917
15530705739.334583	17185.887049615754
15819734815.786015	17003.004293724134
16114142772.530231	16865.734050541898
16414029711.444664	16731.405782604095
16719497597.31985	16594.577642743207
17030650292.528427	16455.203107917354
17347593592.339325	16313.234789282988
17670435260.889503	16168.624416082075
17999285067.824764	16021.322819229608
18334254825.62285	15871.279914595465
18675458427.61074	15718.444685975352
19023011886.689457	15562.765167744792
19377033374.77993	15404.188427190162
19737643263.002552	15242.66054651106
20104964162.604927	15098.060521221565
20479120966.650833	14979.42321018197
20860240892.485046	14858.578038597087
21248453524.988873	14735.48391780648
21643890860.6402	14610.098994482782
22046687352.394028	14482.380636401043
22456979955.397717	14352.285417943327
22874908173.55704	14219.769105333637
23300614106.96929	14084.786641597839
23734242500.23866	13947.292131243874
24175940791.69123	13807.238824656712
24625859163.505444	13664.579102203019
25084150592.775414	13519.26445804006
25550970903.525124	13411.274615788201
26026478819.690044	13304.550689940706
26510836019.085308	13195.840613673472
27004207188.377697	13085.107424389216
27506760079.080673	12972.313471610461
28018665564.59201	12857.420404177934
28540097698.292374	12740.389157210768
29071233772.725693	12621.179938823978
29612254379.880314	12499.752216598823
30163343472.591972	12376.064703801401
30724688427.090096	12250.07534534465
31296480106.707504	12121.741303489209
31878912926.77636	12007.816443796453
32472184920.731255	11913.56828136366
33076497807.442425	11817.56614459111
33692057059.802742	11719.777391717884
34319071974.590427	11620.168773514373
34957755743.632645	11518.706421977091
35608325526.29274	11415.355838813253
36271002523.30648	11310.081883711015
36946012051.993095	11202.84876239133
37633583622.865326	11093.620014437558
38333951017.6659	10982.358500898434
39047352368.85556	10869.026391660518
39774030240.58036	10753.585152585547
40514231711.14655	10668.655222794805
41268208457.02952	10583.879564802464
42036216838.44701	10497.526217389805
42818517986.52406	10409.565819488238
43615377892.080055	10319.968463614734
44427067496.06892	10228.7036857029
45253862781.70167	10135.740454744897
46096044868.284195	10041.047162240522
46953900106.80053	9944.591611449983
47827720177.27485	9846.34100644675
48717802187.94641	9746.261940966473
49624448776.28914	9644.320387048581
50547968211.912254	9554.587025606868
51488674501.37487	9479.728258494113
52446887494.95119	9403.476356987723
53422932995.38363	9325.805394619587
54417142868.658875	9246.688962425616
55429855156.84652	9166.100159966376
56461414193.036606	9084.011586180693
57512170718.41614	9000.395330068997
58582482001.525475	8915.222961203253
59672711959.7331	8828.465520060352
60783231282.972115	8740.093508175483
61914417559.77835	8650.076878112388
63066655405.67406	8558.385023246956
64240336593.94204	8491.608891304317
65435860188.83229	8424.278974851537
66653632681.24893	8355.69603719698
67894068126.96099	8285.836759402864
69157588287.38525	8214.67738856202
70444622772.99051	8142.193729721641
71755609189.36922	8068.36113765673
73090993286.02888	7993.154508490434
74451229107.95128	7916.548271158477
75836779149.97191	7838.516378714767
77248114514.03416	7759.032299475084
78685715069.36842	7678.06900799608
80150069615.6538	7607.405692569633
81641676049.21454	7547.954479601868
83161041532.30962	7487.396869444792
84708682665.57419	7425.712271858453
86285125663.66887	7362.879713415045
87890906534.19963	7298.877830367656
89526571259.96382	7233.684861386468
91192675984.59299	7167.278640159549
92889787201.64516	7099.636587856182
94618481947.21991	7030.735705449768
96379347996.15794	6960.552565897854
98172984061.88821	6889.063306176817
100000000000.0	6816.243619168031
