# Frequency (Hz)	Real Part (Ohm/m)
1000.0	29075905.399297968
1018.6101701559753	29126538.626917865
1037.566678745186	29178114.147519335
1056.875971184804	29230649.497335054
1076.5446128423157	29284162.538950067
1096.5792912678098	29338671.4673751
1116.9868184678226	29394194.816233125
1137.7741332214914	29450751.464061048
1158.9483034398106	29508360.64072849
1180.5165285688054	29567041.933976255
1202.4861420374123	29626815.296076342
1224.8646137509306	29687701.05061591
1247.6595526308697	29749719.899407513
1270.8787092020582	29799702.03612126
1294.529978227916	29837950.705373716
1318.6214013947485	29876911.188869175
1343.1611700460153	29916596.733591855
1368.1576279674719	29957020.833054543
1393.619274224142	29998197.231886633
1419.5547660501015	30040139.930507407
1445.9729217920194	30082863.189886317
1472.882723907502	30126381.536391888
1500.2933220192183	30170709.766730815
1528.2140360258693	30215862.95297908
1556.654359271062	30261856.447706517
1585.6239617711371	30308142.743951745
1615.132693503091	30333124.127355233
1645.1905877536624	30358570.41855462
1675.807864530767	30384490.26956304
1706.9949340384078	30410892.49340915
1738.7624002162504	30437786.06713355
1771.1210643450886	30465180.134841047
1804.0819287193826	30493084.010809842
1837.6562003881704	30521507.182658438
1871.8552949655793	30550459.314571507
1906.690840512252	30579950.250585847
1942.1746814890264	30609990.017937485
1978.3188827841643	30640588.830470968
2015.1357338155585	30661488.31328328
2052.6377527092523	30673858.987343926
2090.8376905557498	30686459.881753787
2129.748535745521	30699295.28095274
2169.3835183851843	30712369.54911481
2209.756114795903	30725687.131632026
2250.880052095462	30739252.556625966
2292.7693128656488	30753070.43648727
2335.438139906479	30767145.469444
2378.9010410788933	30781482.44115899
2423.1727942376006	30796086.226357132
2468.2684522556924	30810961.79048273
2514.2033481427966	30825353.945410315
2560.9931002584594	30825435.302017648
2608.6536176225477	30825518.17268528
2657.2011053245064	30825602.585590128
2706.652070033241	30825688.56943351
2757.0233256095826	30825776.153450847
2808.3319988231724	30825865.36742165
2860.5955351757416	30825956.241679627
2913.831704832789	30826048.80712301
2968.0586086656026	30826143.09522504
3023.2946844057765	30826239.13804469
3079.5587129142264	30826336.96823758
3136.8698245668766	30826436.619066976
3195.2475057592133	30820198.54298734
3254.711605531848	30808867.9286887
3315.282342319423	30797326.449729986
3376.9803108250912	30785570.181884013
3439.8264890229243	30773595.127893016
3503.8422452906757	30761397.216109615
3569.0493456752292	30748972.299112372
3635.4699612933177	30736316.15229566
3703.126675869927	30723424.47243316
3772.0424934169973	30710292.87621481
3842.240846055061	30696916.898756426
3913.745601980384	30683291.992081545
3986.581073580439	30668873.84490925
4060.7720257003657	30647469.60041893
4136.343684063274	30625667.01929658
4213.321743847289	30603458.68842969
4291.732378422157	30580837.056746494
4371.602248248501	30557794.432648476
4452.958509942655	30534322.98139514
4535.828825510186	30510414.722440183
4620.241371751313	30486061.526717942
4706.224849841281	30461255.113879457
4793.808495089106	30435987.0494771
4883.02208687788	30410248.7420967
4973.895958790063	30384031.440436423
5066.461008921268	30355392.052392557
5160.7487103859075	30324849.065380387
5256.791122018419	30293737.66818283
5354.620899273607	30262047.28258966
5454.271305329836	30229767.133528274
5555.7762223988775	30196886.24540021
5659.170163246242	30163393.438349187
5764.488282925873	30129277.32445996
5871.766390733255	30094526.303886175
5981.040962380945	30059128.56090644
6092.349152400711	30023072.0599067
6205.7288067765	29986344.54128813
6321.218475812449	29948973.906283773
6438.8574272404185	29911274.669073246
6558.685659571435	29872873.842643466
6680.743915695614	29833758.37029971
6805.073696735206	29793914.9523599
6931.717276155407	29753330.041632626
7060.717714137772	29711989.838810958
7192.118872221193	29669880.28778049
7325.96542821523	29626987.07084018
7462.302891391108	29583295.603834048
7601.17761795533	29538791.031192586
7742.636826811269	29493458.22088153
7886.728615614156	29447281.759256944
8033.501977124735	29402541.016657356
8183.00681586739	29358433.068807792
8335.293965098195	29313504.264543515
8490.415204088747	29267739.32758697
8648.423275731726	29221122.69736651
8809.37190447399	29173638.523725532
8973.31581458352	29125270.661533374
9140.310748756232	29076002.665195744
9310.413487069076	29025817.783063035
9483.681866285926	28974698.95173457
9660.174799522645	28922628.790256906
9839.952296278227	28869589.594214108
10023.075482838643	28816389.4337109
10209.606623060476	28768035.55993105
10399.609139541202	28718781.812332463
10593.1476351837	28668611.444110245
10790.287915161836	28617507.396798607
10991.097009294961	28565452.294470847
11195.643194838794	28512428.437831294
11403.99601970033	28458417.798197348
11616.22632608502	28403402.01136957
11832.40627458378	28347362.371387675
12052.609368708414	28290279.824170228
12276.910479883603	28232134.96103612
12505.385872903913	28172908.012105405
12738.113231864783	28118331.599296186
12975.171686575868	28066040.971553948
13216.641839466038	28012777.20633189
13462.60579298911	27958522.19337589
13713.147177539455	27903257.485396963
13968.351179887397	27846964.291798923
14228.30457214352	27789623.472289417
14493.09574126215	27731215.53037193
14762.81471909391	27671720.606716923
15037.553212997384	27611118.47240926
15317.404637020798	27549388.522070326
15602.46414366368	27486509.76685187
15892.828656229764	27424085.380078033
16188.596901781993	27369790.41579155
16489.86944471065	27314485.012981083
16796.74872092653	27258150.367213782
17109.339072690134	27200767.32410307
17427.746784089173	27142316.372795988
17752.08011717636	27082777.639339317
18082.44934877952	27022130.87992213
18418.96680799711	26960355.473992795
18761.746914391195	26897430.41724766
19110.90621689136	26833334.31448942
19466.56343342263	26768045.3723525
19828.83949127071	26701541.391893126
20197.857568198782	26641901.558982488
20573.743134329114	26585317.356093146
20956.623994804308	26527680.11155987
21346.630333242454	26468970.228098504
21743.8947560008	26409167.743716095
22148.55233726359	26348252.32492357
22560.74066496859	26286203.25982221
22980.599887588487	26222999.45106127
23408.272761782944	26158619.408664808
23843.904700937208	26093041.24272469
24287.643824604504	26026242.655957915
24739.64100886812	25958200.93612522
25200.049937640895	25891179.74605617
25669.027154919517	25833791.84806578
26146.732118010917	25775335.951528914
26633.327251749808	25715792.18081087
27128.978003724646	25655140.290388025
27633.852900531667	25593359.657964144
28148.123605075813	25530429.2774585
28671.964974937695	25466327.75186366
29205.55512182745	25401033.285970263
29749.075472144435	25334523.678956322
30302.71082866393	25266776.316838868
30866.649433372742	25197768.164784774
31441.08303147265	25127475.75927882
32026.206936576502	25065270.19545284
32622.220097116733	25006216.958702743
33229.325163989684	24946064.7311685
33847.72855945983	24884793.060444556
34477.640547344636	24822381.113502707
35119.275304507275	24758807.66960852
35772.850993678774	24694051.113106027
36438.58983763541	24628089.426068347
37116.71819475767	24560900.18081108
37807.466635993485	24492460.532266952
38511.070023255685	24422747.210218005
39227.76758927723	24351736.51138358
39957.803018952654	24282181.565154955
40701.42453219439	24222544.27884398
41458.88496832911	24161797.132487122
42230.441872066716	24099919.471400075
43016.35758106799	24036890.256511334
43816.89931514194	23972688.057208713
44632.33926710397	23907291.04405269
45462.95469532399	23840676.98135414
46309.02801799736	23772823.219613995
47170.84690917023	23703706.68782213
48048.704396551344	23633303.885613024
48942.89896114532	23561590.875275373
49853.73463873894	23488543.27361292
50781.5211232767	23424181.82634978
51726.57387216024	23362713.602625344
52689.21421350677	23300101.444798227
53669.76945540476	23236324.0640601
54668.57299720181	23171359.775414348
55685.96444286408	23105186.49030282
56722.28971644549	23037781.70909559
57777.90117970507	22969122.513440773
58853.1577519145	22899185.558472063
59948.42503189408	22827947.064871162
61064.07542232036	22755382.81078272
62200.48825634718	22681468.12357842
63358.04992658254	22609362.543623123
64537.15401646702	22546986.177430116
65738.20143409586	22483448.976448543
66961.60054853215	22418729.337345466
68207.76732865692	22352805.254746247
69477.1254846024	22285654.313752472
70770.10661181889	22217253.682320695
72087.15033782135	22147580.10349917
73428.70447166759	22076609.887520418
74795.22515621828	22004318.90374628
76187.17702322999	21930682.572463367
77605.0333513357	21855675.856525626
79049.2762269642	21779273.25284143
80520.39670825469	21712070.149590846
82018.8949920221	21647431.861598216
83545.28058382872	21581590.64406748
85100.07247122246	21514524.11027521
86683.79930019773	21446209.456877295
88296.99955494082	21376623.456155505
89940.22174092053	21305742.44811979
91614.0245713852	21233542.33246372
93318.9771573324	21159998.560369994
95055.65920101192	21085086.126163702
96824.66119303115	21008779.558810044
98626.5846131283	20931052.913253892
100462.04213468132	20855539.643830903
102331.65783302448	20789702.480390627
104236.06739764012	20722640.076136146
106175.9183482999	20654329.629127428
108151.87025522892	20584747.91307642
110164.59496336569	20513871.269449968
112214.77682079801	20441675.59942555
114303.11291144785	20368136.35569745
116430.31329208757	20293228.534130428
118597.10123376705	20216926.665258024
120804.21346773289	20139204.8056227
123052.40043592616	20060036.52895472
125342.42654613995	19979394.917186987
127675.07043192645	19908815.314484064
130051.12521734099	19840557.059113134
132471.39878661174	19771028.505995225
134936.71405883064	19700206.0146731
137447.90926775365	19628065.504736587
140005.8382468096	19554582.44763502
142611.37071941295	19479731.858337205
145265.39259467812	19403488.286836278
147968.80626863963	19325825.80949643
150722.53093107554	19246718.02023855
153527.5028780421	19166138.021561936
156384.67583022476	19084058.415398747
159295.0212572123	19004767.610932823
162259.5287078087	18935486.039009526
165279.2061464897	18864915.125244044
168355.08029612005	18793030.87476534
171488.19698705408	18719808.84615369
174679.62151272455	18645224.143130407
177930.43899185772	18569251.40609283
181241.75473742394	18491864.803491767
184614.69463245454	18413038.02304852
188050.40551285836	18332744.262808356
191550.0555573528	18250956.222027674
195114.83468466165	18167646.09189133
198745.9549580986	18082785.54605742
202444.65099768018	18009328.688449923
206212.18039991445	17938040.540868342
210049.8241653915	17865425.708730157
213958.88713434213	17791459.502210047
217940.6984302958	17716116.7720008
221996.61191199525	17639371.90076236
226128.00663372793	17561198.79441155
230336.2873142131	17481570.87324994
234622.88481422624	17400461.062926345
238989.25662310526	17317841.7852313
243436.8873543108	17233684.948720206
247967.289250216	17147961.939161833
252582.00269627848	17065798.970368296
257282.59674479323	16994247.592808247
262070.66964838552	16921364.63193691
266947.8494034318	16847125.3067623
271915.7943036019	16771504.375113912
276976.1935036891	16694476.125060204
282130.76759394706	16616014.366166165
287381.2691851069	16536092.42058838
292729.4835042813	16454683.1140042
298177.22900196735	16371758.766372187
303726.3579703311	16287291.182520697
309378.75717301364	16201251.64256106
315136.34848664823	16113610.892122613
321001.08955431683	16038993.502285345
326974.97445117676	15966400.540176908
333060.03436245886	15892456.610691514
339258.33827409917	15817136.5720964
345571.9936762143	15740414.81476687
352003.1472796675	15662265.252478778
358553.9857459817	15582661.313538885
365226.7364308175	15501575.931750227
372023.6681413066	15418981.537209334
378947.09190746717	15334850.0469321
385999.36176797637	15249152.855305333
393182.87557057705	15161860.824360495
400500.07578736113	15079005.20940189
407953.45034524484	15007312.394106125
415545.53347188793	14934285.36331874
423278.90655735444	14859899.287062434
431156.19903182285	14784128.873269739
439180.0892596086	14706948.359183589
447353.3054498463	14628331.502597561
455678.6265841068	14548251.572933339
464158.8833612772	14466681.342152003
472796.9591600391	14383593.075496145
481595.79101923504	14298958.522059863
490558.37063650455	14212748.905183064
499687.7453854889	14124934.912667088
508987.0193519675	14051651.693336673
518459.3543892913	13980170.176101271
528107.971193433	13907358.375667125
537936.1503980698	13833191.535237528
547947.2336900292	13757644.437287603
558144.6249454955	13680691.39499006
568531.7913873753	13602306.243481318
579112.2647641759	13522462.330965307
589889.6425508494	13441132.509651452
600867.5891719692	13358289.126524182
612049.837247669	13273904.013940642
623440.1888627863	13187948.480053263
635042.5168595961	13107252.277834529
646860.7661546321	13037910.444063466
658898.9550799957	12967278.14696698
671161.1767496272	12895331.370803038
683651.6004510238	12822045.652892498
696374.4730628222	12747396.075301653
709334.1204987989	12671357.256369768
722534.9491787221	12593903.342079088
735981.4475265755	12515007.99726424
749678.1874966878	12434644.396657845
763629.8261282243	12352785.21576983
777841.1071286482	12269402.621596662
792316.8624866261	12184468.26315788
807062.0141149492	12115086.395725159
822081.575524054	12047169.959688524
837380.6535266489	11977989.587220866
852964.4499741016	11907521.75625013
868838.2635251193	11835742.506954508
885007.4914473438	11762627.433615822
901477.6314524917	11688151.676321348
918254.2835656281	11612289.912511118
935343.1520292377	11535016.34836805
952750.0472427299	11456304.710047718
970480.8877380306	11376128.234744998
988541.7021919573	11294459.661594387
1006938.6314760271	11218669.403808985
1025677.9307444209	11153913.228466326
1044765.9715608053	11087951.929681886
1064209.2440647245	11020763.07990336
1084014.359178331	10952323.83419787
1104188.0508541602	10882610.922484461
1124737.1783647507	10811600.641621996
1145668.7286348727	10739268.84734984
1166989.8186171474	10665590.946078612
1188707.6977119034	10590541.886527985
1210829.7502320393	10514096.151209077
1233363.4979137746	10436227.747748183
1256316.6024741214	10356910.200049102
1279696.8682159416	10293474.494045196
1303512.2446815087	10231078.896419208
1327770.829355429	10167522.106104413
1352480.8704178738	10102782.513107296
1377650.769549055	10036838.105268657
1403289.084785873	9969666.460779322
1429404.533431761	9901244.740556385
1456005.9950206485	9831549.680477727
1483102.514336103	9760557.583471976
1510703.3044866556	9688244.311461223
1538817.7500383465	9614585.277153803
1567455.410205595	9539555.435684407
1596626.022101425	9470733.109719148
1626339.5040481905	9412141.409803355
1656605.9589499151	9352459.308382394
1687435.6777273756	9291666.512898723
1718839.1428171454	9229742.353146845
1750827.0317357269	9166665.774245206
1783410.220710006	9102415.329477375
1816599.7883753285	9036969.172999805
1850407.019542302	8970305.052414134
1884843.4090337954	8902400.30120106
1919920.6655932867	8833231.831013514
1955650.715865947	8762776.123826358
1992045.7084538713	8691009.223939974
2029118.0180466783	8634755.818376964
2066880.2496290822	8579086.136180297
2105345.242766708	8522380.431725409
2144526.0759716653	8464619.42446182
2184436.0711494284	8405783.47502466
2225088.7981283693	8345852.578557195
2266498.079273693	8284806.357908864
2308677.994187172	8222624.056706887
2351642.884494346	8159284.532298865
2395407.358720879	8094766.248563995
2439986.29725955	8029047.268590655
2485394.857429798	7962105.247217533
2531648.478631358	7901401.806476482
2578762.8875937983	7849788.403021526
2626754.1037238385	7797214.465345936
2675638.4445520453	7743662.117744444
2725432.531281028	7689113.151841834
2776153.2944368036	7633549.020401939
2827817.979625338	7576950.831021387
2880444.1533962977	7519299.33970593
2934049.709215787	7460574.944327358
2988652.873550383	7400757.677958478
3044272.2120643063	7339827.202084204
3100926.6359319235	7277762.799686241
3158635.408267819	7214543.368199008
3217418.1506763715	7165909.245850483
3277294.849923382	7117430.542519969
3338285.8647317644	7068049.642271527
3400411.9327037027	7017749.755067018
3463694.1773717343	6966513.778402795
3528154.1153808828	6914324.291494751
3593813.6638046256	6861163.549354991
3660695.147596906	6807013.476758389
3728821.30718283	6751855.662096816
3798215.306190736	6695671.351118949
3868900.7393279755	6638441.440553694
3940901.6404034477	6580146.47161481
4014242.490499326	6527870.5960279545
4088948.226294856	6483384.92550723
4165044.248545185	6438071.369088601
4242556.430717777	6391914.519674649
4321511.127789762	6344898.683439244
4401935.1852088785	6297007.874491468
4483855.948021181	6248225.809440276
4567301.270168747	6198535.90185791
4652299.523960189	6147921.256640407
4738879.609717651	6096364.664263019
4827070.965603188	6043848.594928827
4916903.577628021	5990355.1926084105
5008407.989848212	5935866.268968576
5101615.314749833	5894668.741492317
5196557.243827657	5853267.031578098
5293266.058360566	5811094.828797625
5391774.640387494	5768137.794147567
5492116.483887789	5724381.3217732655
5594325.706169377	5679810.534002657
5698437.0594691355	5634410.27628765
5804485.942768984	5588165.112051437
5912508.413831869	5541059.317439907
6022541.201461928	5493076.875975312
6134621.717992506	5444201.4731105715
6248788.072006888	5394416.490682071
6365079.081295578	5350252.301430327
6483534.286054714	5312569.728478314
6604193.962330305	5274185.876431744
6727099.135712336	5235087.694367346
6852291.595284057	5195261.888481938
6979813.907830667	5154694.917572403
7109709.432312423	5113372.9884315375
7242022.334607315	5071282.051158178
7376797.60252773	5028407.794380145
7514081.061116962	4984735.640388155
7653919.388230155	4940250.740179295
7796360.130405221	4894937.968408182
7941451.71902934	4848781.918244165
8089243.486805938	4814441.938049831
8239785.684528512	4779624.81261877
8393129.498166373	4744159.734559096
8549327.066268368	4708034.645362142
8708431.497690724	4671237.26210833
8870496.889654402	4633755.073290867
9035578.34613892	4595575.334561696
9203731.99661823	4556685.064398256
9375015.01514529	4517071.039689673
9549485.639791967	4476719.7912407
9727203.192450536	4435617.599192082
9908228.099003786	4393750.488355658
10092621.909870483	4356998.626577935
10280447.320933098	4325511.804601707
10471768.194855202	4293439.007510831
10666649.582795387	4260769.330208715
10865157.746525371	4227491.664653066
11067360.180959744	4193594.696079028
11273325.63710487	4159066.899152059
11483124.14543511	4123896.53404917
11696827.039703846	4088071.6424672673
11914506.981197748	4051580.0435572052
12136237.983442418	4014409.329782162
12362095.437367693	3976546.8626989457
12592156.13694151	3938114.573089123
12826498.3052806	3909715.3211936266
13065201.621247198	3880787.5543880514
13308347.24654076	3851321.4369199895
13556017.853293689	3821306.9499920136
13808297.652180923	3790733.888355164
14065272.421052363	3759591.856839063
14327029.534098294	3727870.266817446
14593657.991557576	3695558.332607904
14865248.449978571	3662645.067804657
15141893.25304352	3629119.2815430337
15423686.462966273	3594969.5746944686
15710723.892474487	3560184.335990677
16003103.137387017	3529960.6625187225
16300923.609797413	3503931.003956909
16604286.571875297	3477416.9290201603
16913295.17029647	3450409.422637309
17228054.471313924	3422899.301965183
17548671.49648152	3394877.2132663373
17875255.259042352	3366333.6287286826
18207916.800994623	3337258.8432259182
18546769.230846975	3307642.971017701
18891927.762076646	3277475.9423883725
19243509.75230332	3246747.5002231477
19601634.743191857	3215447.196520602
19966424.501097932	3183902.5020667785
20338003.0584698	3160529.456476322
20716496.75602067	3136721.4345303634
21102034.285685964	3112470.341244913
21494746.734379806	3087767.93098695
21894767.628566206	3062605.804670827
22302232.979659364	3036975.4069024753
22717281.330269028	3010868.0230704863
23140053.80130654	2984274.776383057
23570694.139967278	2957186.6248497744
24009348.76860652	2929594.3582072486
24456166.83452444	2901488.594787516
24911300.26067791	2872859.7783281766
25374903.797335718	2848233.94430175
25847135.07469564	2826895.270485855
26328154.656480197	2805159.480319344
26818126.094530128	2783019.1833993616
27317215.98441379	2760466.851786389
27825594.022071257	2737494.817444688
28343433.061513092	2714095.269635061
28870909.173592344	2690260.252259121
29408201.705870606	2665981.6611541463
29955493.34359816	2641251.2413375583
30512970.171828706	2616060.584200155
31080821.738690637	2590401.1246470856
31659241.119835205	2564730.122026566
32248424.98408439	2545635.9628626476
32848573.66030047	2526186.4581477065
33459891.20549975	2506374.99484057
34082585.47423452	2486194.836830248
34716868.189265594	2465639.1226455816
35362955.013550386	2444700.86312226
36021065.62357073	2423372.939026437
36691423.78402494	2401648.098634118
37374257.42391064	2379518.9552654866
38069798.71402284	2356977.9847733635
38778284.14589453	2334017.5229848963
39499954.61220647	2310629.763095685
40235055.48869293	2290710.1567094238
40983836.717572615	2273331.6846393347
41746552.89253134	2255629.796246972
42523463.34528677	2237598.472699542
43314832.23376403	2219231.583152759
44120928.631911896	2200522.882666274
44942026.62119142	2181466.0100803394
45778405.38376616	2162054.485852939
46630349.29742726	2142281.709856679
47498148.03228505	2122140.959134673
48382096.649259575	2101625.3856146624
49282495.700405136	2080728.0137805957
50199651.33110079	2059976.6017296037
51133875.38414321	2044468.5956977673
52085485.50577665	2028671.983034897
53054805.25369574	2012581.3927224854
54042164.20705915	1996191.353786448
55047898.078549676	1979496.2934369496
56072348.82852027	1962490.5351735817
57115864.78126434	1945168.2968552993
58178800.74344935	1927523.688734433
59261518.124755524	1909550.711454102
60364385.060758635	1891243.2540083756
61487776.53810017	1872595.0916644603
62632074.521986924	1853599.8838462261
63797668.08606282	1837578.773486084
64984953.54469889	1823498.4490662694
66194334.587743886	1809156.0874131522
67426222.41778335	1794546.8119692313
68681035.88995308	1779665.6554234412
69959201.65435374	1764507.5580222174
71261154.30111745	1749067.3658491173
72587336.50817245	1733339.8290724347
73938199.19175874	1717319.600160201
75314201.65974376	1701001.232061976
76715811.76779301	1684379.176356774
78143506.07844542	1667447.7813665564
79597770.02314977	1650761.343943296
81079098.06731695	1638223.5425845056
82587993.87844272	1625452.4106090483
84124970.49736118	1612443.6056944425
85690550.51268347	1599192.7047068507
87285266.2384837	1585695.2021971594
88909659.89529167	1571946.508869081
90564283.79445294	1557941.9500187451
92249700.52592173	1543676.763945247
93966483.1495469	1529146.1003316126
95715215.38991857	1514345.0185956494
97496491.83484097	1499268.486210087
99310918.137498	1483911.3769914676
101159111.22238298	1471083.591082278
103041699.49505854	1459721.789409151
104959323.05582266	1448148.542673606
106912633.91734771	1436359.915847054
108902296.22637327	1424351.9006693568
110928986.48952228	1412120.4142859683
112993393.80332193	1399661.2978597248
115096220.0885031	1386970.3151567928
117238180.32865997	1374043.1511063138
119420002.8133535	1360875.4103332192
121642429.3857368	1347462.6156637722
123906215.6947913	1333800.2066032593
126212131.45225461	1320438.0994949893
128560960.69432965	1310338.1890219166
130953502.04826704	1300050.3174963798
133390569.00390588	1289570.9869312134
135872990.19027063	1278896.6342411076
138401609.65731302	1268023.6300311317
140977287.16289675	1256948.277362702
143600898.46512634	1245666.8104965757
146273335.620113	1234175.393612462
148995507.28528506	1222470.119504804
151768339.02834037	1210547.0082542766
154592773.64194784	1198402.005874589
157469771.46430898	1186030.98293407
160400310.70568198	1175796.493311914
163385387.78098568	1166657.7452934652
166426017.64859018	1157348.9236193774
169523234.15541214	1147866.8631899846
172678090.38843593	1138208.3400025698
175891659.03277326	1128370.070055185
179165032.73638958	1118348.7082300393
182499324.48161504	1108140.8471561305
185895667.9635688	1097743.016050707
189355217.9756299	1087151.679539159
192879150.80207777	1076363.2364529546
196468664.61804405	1065374.0186051975
200124979.8969035	1054709.0816833363
203849339.82524642	1046596.2477525276
207643010.7255779	1038332.4326018195
211507282.48687947	1029914.8264450202
215443469.00318778	1021340.5672053382
219452908.62033114	1012606.7395422413
223536964.59097964	1003710.3738602217
227697025.53816846	994648.4452990898
231934505.92744273	985417.8727054961
236250846.547794	976015.5175852985
240647515.00154215	966438.1830364448
245126006.20333397	956682.6126619965
249687842.8884332	946745.4894629109
254334576.13046482	938603.0654044606
259067785.8688001	931271.0883639513
263889081.44575077	923802.6619831367
268800102.15376073	916195.2469165771
273802517.7927863	908446.2565611821
278898029.23804396	900553.0561767378
284088369.0183295	892512.9619900645
289375301.9050947	884323.2402825045
294760625.51248586	875981.106460437
300246170.90855557	867483.7241084768
305833803.23784316	858828.204025068
311525422.35554785	850011.6032401187
317322963.4734973	841521.6173915308
323228397.81813806	835019.682938532
329243733.30077755	828396.7463790198
335371015.2002929	821650.5558432041
341612326.8585518	814778.8175536123
347969790.3887688	807779.1950451825
354445567.3970435	800649.3083708435
361041859.71733445	793386.7332923018
367760910.160103	785989.0004557793
374605003.2748981	778453.594552401
381576466.1271245	770777.9534629652
388677669.0892668	762959.4673867984
395911026.6468467	754995.477954392
403278998.21937054	748532.0768158525
410784088.99656343	742661.5601282176
418428850.79015756	736681.7921261207
426215882.9015325	730590.7396240111
434147833.0055101	724386.3315984093
442227398.0505897	718066.4584837346
450457325.17594445	711628.9714550314
458840412.64547515	705071.6816973464
467379510.7992463	698392.359661508
476077523.0226378	691588.7343060569
484937406.7335233	684658.4923250641
493962174.38783056	677599.2773615835
503154894.5038046	670854.7905172493
512518692.70533323	665653.3128386713
522056752.7846986	660355.034775433
531772317.7850967	654958.1548559045
541668691.1033136	649460.8380827632
551749237.6129117	643861.2153090702
562017384.8083187	638157.3826027503
572476623.970219	632347.4005992244
583130511.3526218	626429.2938420105
593982669.3920338	620401.0501110438
605036787.9391212	614260.6197385013
616296625.5132942	608005.9149118946
627766010.5806513	601634.8089641889
639448842.8556936	596513.517616822
651349094.6272782	591820.7636144091
663470812.1092337	587040.6766615101
675818116.816111	582171.6314770574
688395206.964551	577211.9725332251
701206358.9007177	572160.0134925334
714255928.5543104	567014.0366344736
727548352.9196217	561772.2922714647
741088151.5641569	556432.9981539466
754879928.1653446	550994.3388643888
768928372.0758306	545454.4652000332
783238259.9179205	539811.4935441398
797814457.2076613	534462.6418219035
812661920.0091946	530307.5642871951
827785696.619849	526075.1600525542
843190929.286625	521763.990054939
858882855.9546258	517372.5884500953
874866812.0479896	512899.4621141638
891148232.2840202	508343.09013599023
907732652.5210242	503701.92330000876
924625711.6405733	498974.3835594888
941833153.4647961	494158.8634999772
959360828.7093127	489253.72579276987
977214696.9725724	484257.3026381918
995400828.7621539	479167.8951985357
1013925407.5588143	475116.02334736375
1032794731.9189526	471369.6552553661
1052015217.6161569	467553.56661571044
1071593399.8226712	463666.4599171397
1091535935.3313932	459707.0135014939
1111849604.81927	455673.88111433043
1132541315.1528125	451565.6914471792
1153618101.736476	447381.0476712906
1175087130.9048076	443118.52696268924
1196955702.3590453	438776.68001840764
1219231251.6491096	434354.0305637026
1241921352.7017846	429849.0748501044
1265033720.3959012	425612.86848230025
1288576213.185518	422297.6095929927
1312556835.7718453	418920.6531716441
1336983741.8249452	415480.8510166856
1361865236.7560828	411977.03355831956
1387209780.541618	408408.0094608588
1413025990.5995336	404772.5652176527
1439322644.7194095	401069.46473848796
1466108684.0469828	397297.4489293021
1493393216.1242533	393455.23526407534
1521185517.9861019	389541.5173487638
1549495039.3146317	385554.96447710536
1578331405.6521199	381494.2211781693
1607704421.673822	378292.3742639783
1637624074.521689	375304.7479916288
1668100537.2000556	372261.5214859891
1699144172.0346258	369161.66001725575
1730765534.1957276	366004.1095991289
1762975375.2872038	362787.7966304456
1795784647.0020967	359511.6275301396
1829204504.8462899	356174.48836541787
1863246311.9315598	352775.24447300576
1897921642.8391032	349312.74007335433
1933242287.5550432	345785.79787765996
1969220255.4791734	342193.2186875728
2005867779.5082297	338842.02044661104
2043197320.1952705	336199.4331270531
2081221569.9863415	333507.6668078264
2119953457.536069	330765.8062593792
2159406152.1035676	327972.9192195812
2199593068.0300703	325128.05607674655
2240527869.3000183	322230.2495467524
2282224474.1869006	319278.51434415637
2324697059.9856453	316271.8468471848
2367960067.833079	313209.224756492
2412028207.618002	310089.6067475683
2456916462.98279	306911.9321166764
2502640096.4179215	303675.1204202031
2549214654.4514203	301147.5973589523
2596655972.934872	298767.19841121405
2644980182.4277143	296342.49983401987
2694203713.6818824	293872.6772037266
2744343303.2283683	291356.8907540286
2795415999.067865	288794.2850904255
2847439166.4672475	286183.98889938043
2900430493.8639855	283525.11465206277
2954407998.8803797	280816.75830257864
3009390034.449724	278057.99898058735
3065395295.056536	275247.8986781947
3122442823.0928583	272385.50193101953
3180552015.3329134	269736.98320501525
3239742629.5281954	267632.3468247052
3300034791.1252885	265488.5428032412
3361449000.108775	263304.84222415654
3424006137.9714255	261080.50260572598
3487727474.8141704	258814.76764851186
3552634676.5781393	256506.86697821494
3618749812.411284	254156.01588374077
3686095362.1721687	251761.41505038706
3754694224.0733366	249322.2502880696
3824569722.4669914	246837.69225448687
3895745615.775501	244306.89617313625
3968246104.5694857	241729.00154608156
4042095839.796318	239735.5997785575
4117319931.1616793	237840.50175064697
4193943955.6671777	235910.13562597474
4271993966.306777	233943.8450592587
4351496500.925055	231940.96149051996
4432478591.24041	229900.80391776428
4514967772.036101	227822.67866543515
4598992090.5224285	225705.87914855467
4684580115.873045	223549.68563247847
4771760948.938751	221353.36498817903
4860564232.142149	219116.170442972
4951020159.556351	216837.34132660722
5043159487.171348	214745.95150771484
5137013543.351338	213071.00617946705
5232614239.486667	211364.8898336587
5329994080.844104	209627.0223723487
5429186177.618942	207856.8129018758
5530224256.192888	206053.65953194562
5633142670.601352	204216.94917098328
5737976414.21414	202346.05731767623
5844761131.633649	200440.3478486358
5953533130.81437	198499.17280210892
6064329395.408049	196521.87215766386
6177187597.338489	194507.77361177542
6292146109.610351	192456.19234923733
6409244019.35647	190885.34996377435
6528521141.127848	189377.6951316364
6650018030.431105	187841.98258653597
6773775997.517745	186277.6901696601
6899837121.430025	184684.28600473248
7028244264.308367	183061.22831716837
7159041085.964888	181407.96524986604
7292272058.728297	179723.93467556854
7427982482.56491	178008.56400573536
7566218500.481063	176261.2699958558
7707027114.212319	174481.45854713992
7850456200.204509	172668.52450451828
7996554525.892329	171018.37388257668
8145371766.280737	169686.3245696004
8296958520.834915	168329.4855922534
8451366330.684739	166947.39561066392
8608647696.149244	165539.5846993465
8768856094.587408	164105.57418742188
8932045998.58096	162644.87649586453
9098272894.455566	161156.994971721
9267593301.146902	159641.42371924125
9440064789.417603	158097.64742786955
9615746001.432076	156525.14119703273
9794696670.695385	154923.37035766832
9976977642.36321	153291.79029043252
10162650893.929972	152054.92806239132
10351779556.301762	150856.33539676707
10544427935.261662	149635.43671768796
10740661533.334322	148391.8169064475
10940547072.057436	147125.05311891064
11144152514.667904	145834.71464174034
11351547089.20999	144520.3627459513
11562801312.07373	143181.55053773685
11777987011.97118	141817.82280652042
11997177354.358854	140428.71587017953
12220446866.314913	139013.75741738843
12447871461.879063	137572.46634702766
12679528467.864315	136271.4663606415
12915496650.148827	135212.8494410142
13155856240.457052	134134.53148038263
13400688963.639534	133036.1458390215
13650078065.460136	131917.31905397796
13904108340.900667	130777.67071208965
14162866162.991974	129616.81332064065
14426439512.181587	128434.35217560994
14694918006.248201	127229.88522746737
14968392930.772554	126003.00294447284
15246957270.1757	124753.28817343054
15530705739.334583	123480.31599785235
15819734815.786015	122183.65359348284
16114142772.530231	121210.55520442057
16414029711.444664	120258.33742615308
16719497597.31985	119288.39871300654
17030650292.528427	118300.40927536724
17347593592.339325	117294.03318618116
17670435260.889503	116268.9282667344
17999285067.824764	115224.74597030922
18334254825.62285	114161.13126367377
18675458427.61074	113077.72250636724
19023011886.689457	111974.15132773865
19377033374.77993	110850.04250169656
19737643263.002552	109705.01381912833
20104964162.604927	108680.09589112164
20479120966.650833	107839.38628117213
20860240892.485046	106983.03092232975
21248453524.988873	106110.73864454517
21643890860.6402	105222.21285904558
22046687352.394028	104317.15145748985
22456979955.397717	103395.2467092493
22874908173.55704	102456.18515677648
23300614106.96929	101499.64750902512
23734242500.23866	100525.30853288878
24175940791.69123	99532.83694261697
24625859163.505444	98521.89528717496
25084150592.775414	97492.13983550746
25550970903.525124	96727.20529442238
26026478819.690044	95971.27396736242
26510836019.085308	95201.27462967967
27004207188.377697	94416.94547330249
27506760079.080673	93618.01981786673
28018665564.59201	92804.22602004147
28540097698.292374	91975.28738116687
29071233772.725693	91130.92205317406
29612254379.880314	90270.84294275327
30163343472.591972	89394.75761373994
30724688427.090096	88502.36818768248
31296480106.707504	87593.37124256096
31878912926.77636	86786.61094288738
32472184920.731255	86119.45292295306
33076497807.442425	85439.87897874681
33692057059.802742	84747.65804780534
34319071974.590427	84042.55476755367
34957755743.632645	83324.32939527897
35608325526.29274	82592.7377266157
36271002523.30648	81847.53101251404
36946012051.993095	81088.45587466146
37633583622.865326	80315.2542193325
38333951017.6659	79527.66314963296
39047352368.85556	78725.41487611277
39774030240.58036	77908.23662571507
40514231711.14655	77307.45747153832
41268208457.02952	76707.80031660572
42036216838.44701	76096.98343998456
42818517986.52406	75474.79915735523
43615377892.080055	74841.03591935783
44427067496.06892	74195.47823966263
45253862781.70167	73537.90662170299
46096044868.284195	72868.09748404329
46953900106.80053	72185.82308435971
47827720177.27485	71490.85144200485
48717802187.94641	70782.94625913221
49624448776.28914	70061.86684035216
50547968211.912254	69427.3522645633
51488674501.37487	68898.30357190577
52446887494.95119	68359.40919305707
53422932995.38363	67810.48589812187
54417142868.658875	67251.34704726555
55429855156.84652	66681.80252725392
56461414193.036606	66101.65868681333
57512170718.41614	65510.71827078719
58582482001.525475	64908.78035306682
59672711959.7331	64295.640268274445
60783231282.972115	63671.089542174625
61914417559.77835	63034.91582079092
63066655405.67406	62386.90279820348
64240336593.94204	61915.421429054826
65435860188.83229	61440.046100392065
66653632681.24893	60955.82395597496
67894068126.96099	60462.59035505683
69157588287.38525	59960.17759289901
70444622772.99051	59448.41484374886
71755609189.36922	58927.1281027577
73090993286.02888	58396.140126816594
74451229107.95128	57855.270374292355
75836779149.97191	57304.33494364137
77248114514.03416	56743.14651088107
78685715069.36842	56171.51426589762
80150069615.6538	55672.81417764541
81641676049.21454	55253.50296094891
83161041532.30962	54826.388291161406
84708682665.57419	54391.32494469301
86285125663.66887	53948.16499531834
87890906534.19963	53496.75776387939
89526571259.96382	53036.94976705381
91192675984.59299	52568.58466516812
92889787201.64516	52091.50320904125
94618481947.21991	51605.54318583768
96379347996.15794	51110.53936391315
98172984061.88821	50606.3234366349
100000000000.0	50092.723965154546
