# Frequency (Hz)	Real Part (Ohm/m)
1000.0	7688457.298781315
1018.6101701559753	7697358.534849359
1037.566678745186	7706425.424435225
1056.875971184804	7715661.050379074
1076.5446128423157	7725068.552893227
1096.5792912678098	7734651.130629918
1116.9868184678226	7744412.041768819
1137.7741332214914	7754354.605124894
1158.9483034398106	7764482.201276807
1180.5165285688054	7774798.273716385
1202.4861420374123	7785306.330019401
1224.8646137509306	7796009.943038225
1247.6595526308697	7806912.752116614
1270.8787092020582	7815675.477731714
1294.529978227916	7822351.943492929
1318.6214013947485	7829152.659417999
1343.1611700460153	7836079.937823622
1368.1576279674719	7843136.134059087
1393.619274224142	7850323.647307148
1419.5547660501015	7857644.921399756
1445.9729217920194	7865102.445648982
1472.882723907502	7872698.755693431
1500.2933220192183	7880436.434360363
1528.2140360258693	7888318.112543903
1556.654359271062	7896346.470099549
1585.6239617711371	7904425.933345219
1615.132693503091	7908786.37538023
1645.1905877536624	7913227.965983464
1675.807864530767	7917752.215343594
1706.9949340384078	7922360.6617541425
1738.7624002162504	7927054.872136542
1771.1210643450886	7931836.442572908
1804.0819287193826	7936706.99884871
1837.6562003881704	7941668.197005556
1871.8552949655793	7946721.723904279
1906.690840512252	7951869.297798474
1942.1746814890264	7957112.668918731
1978.3188827841643	7962453.62006773
2015.1357338155585	7966124.756878144
2052.6377527092523	7968327.77260952
2090.8376905557498	7970571.786838512
2129.748535745521	7972857.562554137
2169.3835183851843	7975185.876944771
2209.756114795903	7977557.521662391
2250.880052095462	7979973.303091755
2292.7693128656488	7982434.042624579
2335.438139906479	7984940.576938818
2378.9010410788933	7987493.758283144
2423.1727942376006	7990094.4547667345
2468.2684522556924	7992743.5506544
2514.2033481427966	7995311.949754997
2560.9931002584594	7995435.298724588
2608.6536176225477	7995560.94323949
2657.2011053245064	7995688.926020197
2706.652070033241	7995819.290582226
2757.0233256095826	7995952.081250939
2808.3319988231724	7996087.34317659
2860.5955351757416	7996225.122349699
2913.831704832789	7996365.465616655
2968.0586086656026	7996508.420695694
3023.2946844057765	7996654.036193076
3079.5587129142264	7996802.361619644
3136.8698245668766	7996953.44740764
3195.2475057592133	7996022.438169264
3254.711605531848	7994222.472252488
3315.282342319423	7992389.008663725
3376.9803108250912	7990521.4240056025
3439.8264890229243	7988619.08327921
3503.8422452906757	7986681.339668206
3569.0493456752292	7984707.534318882
3635.4699612933177	7982696.996116151
3703.126675869927	7980649.041455359
3772.0424934169973	7978562.974009864
3842.240846055061	7976438.084494254
3913.745601980384	7974273.650423191
3986.581073580439	7971974.974108024
4060.7720257003657	7968463.908648953
4136.343684063274	7964887.5016642595
4213.321743847289	7961244.537137031
4291.732378422157	7957533.776420083
4371.602248248501	7953753.957814784
4452.958509942655	7949903.796142081
4535.828825510186	7945981.982305519
4620.241371751313	7941987.18284614
4706.224849841281	7937918.039489083
4793.808495089106	7933773.168681764
4883.02208687788	7929551.161123442
4973.895958790063	7925250.581286064
5066.461008921268	7920507.339435746
5160.7487103859075	7915418.856596905
5256.791122018419	7910235.676226602
5354.620899273607	7904956.03598765
5454.271305329836	7899578.140745495
5555.7762223988775	7894100.161957799
5659.170163246242	7888520.2370527545
5764.488282925873	7882836.468795769
5871.766390733255	7877046.924644393
5981.040962380945	7871149.636091236
6092.349152400711	7865142.597994645
6205.7288067765	7859023.767896945
6321.218475812449	7852789.213743548
6438.8574272404185	7846421.814668073
6558.685659571435	7839935.917212357
6680.743915695614	7833329.316101376
6805.073696735206	7826599.765019564
6931.717276155407	7819744.975847046
7060.717714137772	7812762.617881649
7192.118872221193	7805650.317046425
7325.96542821523	7798405.655082454
7462.302891391108	7791026.168726609
7601.17761795533	7783509.348874022
7742.636826811269	7775852.639724946
7886.728615614156	7768053.437915771
8033.501977124735	7760430.671864179
8183.00681586739	7752871.377299119
8335.293965098195	7745171.402975942
8490.415204088747	7737328.130820416
8648.423275731726	7729338.894035492
8809.37190447399	7721200.976194585
8973.31581458352	7712911.610317949
9140.310748756232	7704467.977931856
9310.413487069076	7695867.20811033
9483.681866285926	7687106.37649895
9660.174799522645	7678182.504320571
9839.952296278227	7669092.55736251
10023.075482838643	7659958.292946361
10209.606623060476	7651536.078259668
10399.609139541202	7642957.124724566
10593.1476351837	7634218.5154044125
10790.287915161836	7625317.279077888
10991.097009294961	7616250.389228729
11195.643194838794	7607014.763016688
11403.99601970033	7597607.260229345
11616.22632608502	7588024.682214388
11832.40627458378	7578263.77079204
12052.609368708414	7568321.207147244
12276.910479883603	7558193.610701231
12505.385872903913	7547877.537962089
12738.113231864783	7538267.611869716
12975.171686575868	7528994.27311937
13216.641839466038	7519548.355956964
13462.60579298911	7509926.648668886
13713.147177539455	7500125.879770985
13968.351179887397	7490142.716896237
14228.30457214352	7479973.765661693
14493.09574126215	7469615.568514365
14762.81471909391	7459064.603555618
15037.553212997384	7448317.283343678
15317.404637020798	7437369.953673873
15602.46414366368	7426218.89233616
15892.828656229764	7415119.671989752
16188.596901781993	7405297.250043276
16489.86944471065	7395292.031153029
16796.74872092653	7385100.613436787
17109.339072690134	7374719.5317027215
17427.746784089173	7364145.256271181
17752.08011717636	7353374.191774576
18082.44934877952	7342402.675934933
18418.96680799711	7331226.978318645
18761.746914391195	7319843.299068107
19110.90621689136	7308247.767609715
19466.56343342263	7296436.441337829
19828.83949127071	7284405.304274261
20197.857568198782	7273467.664839471
20573.743134329114	7263003.814522488
20956.623994804308	7252345.230170619
21346.630333242454	7241488.287750337
21743.8947560008	7230429.295784242
22148.55233726359	7219164.494095902
22560.74066496859	7207690.052531372
22980.599887588487	7196002.069656881
23408.272761782944	7184096.571432313
23843.904700937208	7171969.509859996
24287.643824604504	7159616.761608325
24739.64100886812	7147034.126609796
25200.049937640895	7134595.164318081
25669.027154919517	7123722.459908249
26146.732118010917	7112647.412619301
26633.327251749808	7101366.256815815
27128.978003724646	7089875.156783272
27633.852900531667	7078170.205423845
28148.123605075813	7066247.422927949
28671.964974937695	7054102.755421073
29205.55512182745	7041732.073585407
29749.075472144435	7029131.17125583
30302.71082866393	7016295.763989787
30866.649433372742	7003221.487610495
31441.08303147265	6989903.896723124
32026.206936576502	6977913.265721431
32622.220097116733	6966421.932570553
33229.325163989684	6954716.743754415
33847.72855945983	6942793.7193827005
34477.640547344636	6930648.805498657
35119.275304507275	6918277.8727007015
35772.850993678774	6905676.714738388
36438.58983763541	6892841.047082235
37116.71819475767	6879766.50546693
37807.466635993485	6866448.644407455
38511.070023255685	6852882.935687553
39227.76758927723	6839064.766820084
39957.803018952654	6825461.40967598
40701.42453219439	6813510.275362135
41458.88496832911	6801336.728405154
42230.441872066716	6788936.629667901
43016.35758106799	6776305.762983194
43816.89931514194	6763439.833720272
44632.33926710397	6750334.46732455
45462.95469532399	6736985.2078302475
46309.02801799736	6723387.516345298
47170.84690917023	6709536.769508086
48048.704396551344	6695428.257915448
48942.89896114532	6681057.184521423
49853.73463873894	6666418.66300621
50781.5211232767	6653240.003630016
51726.57387216024	6640521.550468301
52689.21421350677	6627566.404729132
53669.76945540476	6614370.161523357
54668.57299720181	6600928.333986103
55685.96444286408	6587236.351751175
56722.28971644549	6573289.559397079
57777.90117970507	6559083.214864145
58853.1577519145	6544612.487842161
59948.42503189408	6529872.458128015
61064.07542232036	6514858.113952786
62200.48825634718	6499564.350277674
63358.04992658254	6484544.952517253
64537.15401646702	6471189.283619081
65738.20143409586	6457585.063450166
66961.60054853215	6443727.666429063
68207.76732865692	6429612.38089148
69477.1254846024	6415234.407488244
70770.10661181889	6400588.857553476
72087.15033782135	6385670.751442392
73428.70447166759	6370475.016838181
74795.22515621828	6354996.487027334
76187.17702322999	6339229.899142945
77605.0333513357	6323169.892375247
79049.2762269642	6306811.006148901
80520.39670825469	6292055.815757812
82018.8949920221	6277711.482378533
83545.28058382872	6263100.198514291
85100.07247122246	6248216.996171136
86683.79930019773	6233056.814899914
88296.99955494082	6217614.500075637
89940.22174092053	6201884.801144876
91614.0245713852	6185862.369840513
93318.9771573324	6169541.758363266
95055.65920101192	6152917.417529376
96824.66119303115	6135983.694883833
98626.5846131283	6118734.832778486
100462.04213468132	6101842.917101956
102331.65783302448	6086689.344529437
104236.06739764012	6071253.761392874
106175.9183482999	6055530.919427678
108151.87025522892	6039515.472698173
110164.59496336569	6023201.97577991
112214.77682079801	6006584.881908162
114303.11291144785	5989658.541091958
116430.31329208757	5972417.19819305
118597.10123376705	5954854.990969074
120804.21346773289	5936965.948080344
123052.40043592616	5918743.987059532
125342.42654613995	5900182.912243541
127675.07043192645	5883502.222941495
130051.12521734099	5867210.804177638
132471.39878661174	5850616.199338507
134936.71405883064	5833712.766079644
137447.90926775365	5816494.757051617
140005.8382468096	5798956.317945832
142611.37071941295	5781091.485504017
145265.39259467812	5762894.185490651
147968.80626863963	5744358.230627661
150722.53093107554	5725477.318490664
153527.5028780421	5706245.029366097
156384.67583022476	5686654.824068433
159295.0212572123	5667569.174944119
162259.5287078087	5650440.926576427
165279.2061464897	5632993.918592134
168355.08029612005	5615222.218820545
171488.19698705408	5597119.784692242
174679.62151272455	5578680.461184574
177930.43899185772	5559897.97872887
181241.75473742394	5540765.951078706
184614.69463245454	5521277.873138555
188050.40551285836	5501427.118751919
191550.0555573528	5481206.938448424
195114.83468466165	5460610.457148894
198745.9549580986	5439630.671827767
202444.65099768018	5421006.249532123
206212.18039991445	5402783.009777938
210049.8241653915	5384220.632431141
213958.88713434213	5365312.806083417
217940.6984302958	5346053.101870081
221996.61191199525	5326434.971284188
226128.00663372793	5306451.743949941
230336.2873142131	5286096.625354744
234622.88481422624	5265362.694538943
238989.25662310526	5244242.901742658
243436.8873543108	5222730.066008776
247967.289250216	5200816.872741345
252582.00269627848	5179642.4863841925
257282.59674479323	5160774.271756203
262070.66964838552	5141554.91644345
266947.8494034318	5121977.885658042
271915.7943036019	5102036.522998565
276976.1935036891	5081724.048186851
282130.76759394706	5061033.554762605
287381.2691851069	5039958.007735118
292729.4835042813	5018490.241191327
298177.22900196735	4996622.95585928
303726.3579703311	4974348.716626359
309378.75717301364	4951659.950011218
315136.34848664823	4928548.941588738
321001.08955431683	4908431.124959302
326974.97445117676	4888736.212673743
333060.03436245886	4868674.774719345
339258.33827409917	4848239.989991043
345571.9936762143	4827424.910441843
352003.1472796675	4806222.458720427
358553.9857459817	4784625.425764744
365226.7364308175	4762626.4683508985
372023.6681413066	4740218.106596325
378947.09190746717	4717392.721416581
385999.36176797637	4694142.551934771
393182.87557057705	4670459.692842745
400500.07578736113	4647818.623374057
407953.45034524484	4627863.8394903615
415545.53347188793	4607537.6936831605
423278.90655735444	4586833.274843874
431156.19903182285	4565743.543247011
439180.0892596086	4544261.328156585
447353.3054498463	4522379.325387996
455678.6265841068	4500090.094824531
464158.8833612772	4477386.057887638
472796.9591600391	4454259.494960115
481595.79101923504	4430702.542761393
490558.37063650455	4406707.191673898
499687.7453854889	4382265.283019708
508987.0193519675	4361491.606993063
518459.3543892913	4341138.736249432
528107.971193433	4320407.0951181045
537936.1503980698	4299289.634617707
547947.2336900292	4277779.1745841345
558144.6249454955	4255868.401229209
568531.7913873753	4233549.864653894
579112.2647641759	4210815.97631528
589889.6425508494	4187659.0064463816
600867.5891719692	4164071.081427921
612049.837247669	4140044.1811112463
623440.1888627863	4115570.1360913515
635042.5168595961	4092456.4336714
646860.7661546321	4072316.0455099945
658898.9550799957	4051800.841297896
671161.1767496272	4030903.8456446296
683651.6004510238	4009617.953346504
696374.4730628222	3987935.9269707906
709334.1204987989	3965850.394394897
722534.9491787221	3943353.846299779
735981.4475265755	3920438.633616694
749678.1874966878	3897096.9649264114
763629.8261282243	3873320.9038100815
777841.1071286482	3849102.3661507377
792316.8624866261	3824433.117384622
807062.0141149492	3803990.245570441
822081.575524054	3783920.799216659
837380.6535266489	3763477.8570513013
852964.4499741016	3742654.468253757
868838.2635251193	3721443.552647462
885007.4914473438	3699837.898292573
901477.6314524917	3677830.1590338103
918254.2835656281	3655412.8520026933
935343.1520292377	3632578.3550732867
952750.0472427299	3609318.904270596
970480.8877380306	3585626.591130736
988541.7021919573	3561493.360011952
1006938.6314760271	3538991.5428214394
1025677.9307444209	3519570.6550475485
1044765.9715608053	3499788.341247603
1064209.2440647245	3479637.8752217623
1084014.359178331	3459112.405594458
1104188.0508541602	3438204.953484862
1124737.1783647507	3416908.4101339746
1145668.7286348727	3395215.534487594
1166989.8186171474	3373118.9507342614
1188707.6977119034	3350611.145797415
1210829.7502320393	3327684.4667808567
1233363.4979137746	3304331.118366688
1256316.6024741214	3280543.160164816
1279696.8682159416	3261311.2976267887
1303512.2446815087	3242361.0382191376
1327770.829355429	3223058.111259409
1352480.8704178738	3203395.953544453
1377650.769549055	3183367.8797287815
1403289.084785873	3162967.080051509
1429404.533431761	3142186.6180209257
1456005.9950206485	3121019.4280560324
1483102.514336103	3099458.313084168
1510703.3044866556	3077495.9420939223
1538817.7500383465	3055124.8476425237
1567455.410205595	3032337.4233168066
1596626.022101425	3011359.9485636395
1626339.5040481905	2993374.166939591
1656605.9589499151	2975053.6668591304
1687435.6777273756	2956392.2191548324
1718839.1428171454	2937383.4787333985
1750827.0317357269	2918020.9824182712
1783410.220710006	2898298.146752077
1816599.7883753285	2878208.2657581745
1850407.019542302	2857744.5086605633
1884843.4090337954	2836899.9175613336
1919920.6655932867	2815667.4050749154
1955650.715865947	2794039.75191829
1992045.7084538713	2772009.604456341
2029118.0180466783	2754603.3134453376
2066880.2496290822	2737360.2498173886
2105345.242766708	2719796.2898413106
2144526.0759716653	2701905.46158147
2184436.0711494284	2683681.6819634764
2225088.7981283693	2665118.7547059124
2266498.079273693	2646210.36821349
2308677.994187172	2626950.0934310686
2351642.884494346	2607331.381657698
2395407.358720879	2587347.5623199786
2439986.29725955	2566991.8407040215
2485394.857429798	2546257.295645145
2531648.478631358	2527404.2667471063
2578762.8875937983	2511296.4437665134
2626754.1037238385	2494888.8514594003
2675638.4445520453	2478175.911067607
2725432.531281028	2461151.9400113155
2776153.2944368036	2443811.149956933
2827817.979625338	2426147.644849004
2880444.1533962977	2408155.418905461
2934049.709215787	2389828.354575628
2988652.873550383	2371160.2204601555
3044272.2120643063	2352144.6691922983
3100926.6359319235	2332775.2352797394
3158635.408267819	2313045.332906239
3217418.1506763715	2297778.7570595006
3277294.849923382	2282553.0798878334
3338285.8647317644	2267044.050273262
3400411.9327037027	2251246.3949786117
3463694.1773717343	2235154.7426308575
3528154.1153808828	2218763.6218948252
3593813.6638046256	2202067.4596128473
3660695.147596906	2185060.5789098465
3728821.30718283	2167737.1972631477
3798215.306190736	2150091.4245363213
3868900.7393279755	2132117.2609765166
3940901.6404034477	2113808.5951744523
4014242.490499326	2097357.2700297777
4088948.226294856	2083311.198172681
4165044.248545185	2069003.7265282983
4242556.430717777	2054429.990402113
4321511.127789762	2039585.0345668113
4401935.1852088785	2024463.8115774556
4483855.948021181	2009061.1800553033
4567301.270168747	1993371.9029396728
4652299.523960189	1977390.6457072962
4738879.609717651	1961111.974558519
4827070.965603188	1944530.3545697487
4916903.577628021	1927640.1478115283
5008407.989848212	1910435.6114315644
5101615.314749833	1897372.4123139742
5196557.243827657	1884241.5380610132
5293266.058360566	1870866.2960039065
5391774.640387494	1857242.1384162423
5492116.483887789	1843364.432937638
5594325.706169377	1829228.4609987023
5698437.0594691355	1814829.4162166638
5804485.942768984	1800162.4027611464
5912508.413831869	1785222.4336895444
6022541.201461928	1770004.4292513921
6134621.717992506	1754503.2151612132
6248788.072006888	1738713.5208391915
6365079.081295578	1724685.3876852426
6483534.286054714	1712689.0004099144
6604193.962330305	1700469.358326133
6727099.135712336	1688022.3066239282
6852291.595284057	1675343.6131716054
6979813.907830667	1662428.9670767777
7109709.432312423	1649273.9772206247
7242022.334607315	1635874.1707648458
7376797.60252773	1622224.9916308676
7514081.061116962	1608321.798950718
7653919.388230155	1594159.8654890782
7796360.130405221	1579734.376035982
7941451.71902934	1565040.425769577
8089243.486805938	1554073.9426096207
8239785.684528512	1542954.4843918828
8393129.498166373	1531628.0911646693
8549327.066268368	1520090.9118322467
8708431.497690724	1508339.0236293254
8870496.889654402	1496368.430787294
9035578.34613892	1484175.0631756056
9203731.99661823	1471754.7749178875
9375015.01514529	1459103.3429823082
9549485.639791967	1446216.4657456912
9727203.192450536	1433089.7615309216
9908228.099003786	1419718.7671171278
10092621.909870483	1407968.0366391942
10280447.320933098	1397885.0354497053
10471768.194855202	1387614.3878923967
10666649.582795387	1377152.6018364353
10865157.746525371	1366496.120161836
11067360.180959744	1355641.3195500069
11273325.63710487	1344584.5092517843
11483124.14543511	1333321.92983253
11696827.039703846	1321849.7518938873
11914506.981197748	1310164.0747717482
12136237.983442418	1298260.9252099763
12362095.437367693	1286136.2560094683
12592156.13694151	1273828.8545059601
12826498.3052806	1264713.7121609193
13065201.621247198	1255428.935465842
13308347.24654076	1245971.3674966076
13556017.853293689	1236337.7925782057
13808297.652180923	1226524.9351913608
14065272.421052363	1216529.4588588309
14327029.534098294	1206347.9650109638
14593657.991557576	1195976.9918301443
14865248.449978571	1185413.0130737468
15141893.25304352	1174652.4368751692
15423686.462966273	1163691.6045225596
15710723.892474487	1152526.789214817
16003103.137387017	1142817.600203804
16300923.609797413	1134446.6452572735
16604286.571875297	1125919.9054148204
16913295.17029647	1117234.4814930232
17228054.471313924	1108387.4203541654
17548671.49648152	1099375.7139021317
17875255.259042352	1090196.2980596307
18207916.800994623	1080846.0517263697
18546769.230846975	1071321.7957178445
18891927.762076646	1061620.2916843921
19243509.75230332	1051738.2410101078
19601634.743191857	1041672.2836912861
19966424.501097932	1031527.2632680816
20338003.0584698	1023998.0358283943
20716496.75602067	1016328.688184912
21102034.285685964	1008516.6126767976
21494746.734379806	1000559.1531142071
21894767.628566206	992453.6038751476
22302232.979659364	984197.2089855412
22717281.330269028	975787.1611821648
23140053.80130654	967220.6009581464
23570694.139967278	958494.6155907083
24009348.76860652	949606.2381508042
24456166.83452444	940552.4464943327
24911300.26067791	931330.1622345762
25374903.797335718	923391.9872230965
25847135.07469564	916508.1693462314
26328154.656480197	909496.2424473547
26818126.094530128	902353.8223957691
27317215.98441379	895078.4806916965
27825594.022071257	887667.7436405699
28343433.061513092	880119.0915119401
28870909.173592344	872429.9576827489
29408201.705870606	864597.7277646435
29955493.34359816	856619.7387150611
30512970.171828706	848493.277931764
31080821.738690637	840215.5823305246
31659241.119835205	831933.6874649827
32248424.98408439	825766.2631240791
32848573.66030047	819484.0619667666
33459891.20549975	813084.9479769628
34082585.47423452	806566.745386962
34716868.189265594	799927.2379376495
35362955.013550386	793164.1681249534
36021065.62357073	786275.2364322657
36691423.78402494	779258.1005485854
37374257.42391064	772110.3745721019
38069798.71402284	764829.6281989675
38778284.14589453	757413.3858969664
39499954.61220647	749859.1260638067
40235055.48869293	743421.6426960881
40983836.717572615	737802.3176812584
41746552.89253134	732078.4160717414
42523463.34528677	726247.9916793148
43314832.23376403	720309.0620968629
44120928.631911896	714259.6080243379
44942026.62119142	708097.5725821721
45778405.38376616	701820.8606119212
46630349.29742726	695427.3379638839
47498148.03228505	688914.8307714693
48382096.649259575	682281.1247120628
49282495.700405136	675523.9642541257
50199651.33110079	668813.5912517892
51133875.38414321	663794.3640856771
52085485.50577665	658681.7282479509
53054805.25369574	653473.94538734
54042164.20705915	648169.2448015584
55047898.078549676	642765.8228352482
56072348.82852027	637261.8422667205
57115864.78126434	631655.4316832768
58178800.74344935	625944.6848449119
59261518.124755524	620127.6600361669
60364385.060758635	614202.3794059297
61487776.53810017	608166.8282949419
62632074.521986924	602018.9545507932
63797668.08606282	596831.4456673274
64984953.54469889	592270.549277385
66194334.587743886	587624.773829563
67426222.41778335	582892.53971015
68681035.88995308	578072.2379085568
69959201.65435374	573162.2294702331
71261154.30111745	568160.8449394047
72587336.50817245	563066.3837914424
73938199.19175874	557877.1138546622
75314201.65974376	552591.2707213752
76715811.76779301	547207.057147959
78143506.07844542	541722.6424437857
79597770.02314977	536317.2486025725
81079098.06731695	532253.0805625982
82587993.87844272	528113.2776638584
84124970.49736118	523896.4323287607
85690550.51268347	519601.1107844556
87285266.2384837	515225.8525753361
88909659.89529167	510769.1700664681
90564283.79445294	506229.54793777934
92249700.52592173	501605.4426688321
93966483.1495469	496895.2820140103
95715215.38991857	492097.46446794085
97496491.83484097	487210.35872096044
99310918.137498	482232.3031044595
101159111.22238298	478072.69711913436
103041699.49505854	474387.39668596967
104959323.05582266	470633.51218466664
106912633.91734771	466809.76725404855
108902296.22637327	462914.8617796388
110928986.48952228	458947.47145160957
112993393.80332193	454906.24731450074
115096220.0885031	450789.8153085606
117238180.32865997	446596.7758025546
119420002.8133535	442325.7031178713
121642429.3857368	437975.14504377806
123906215.6947913	433543.6223436529
126212131.45225461	429209.2550487002
128560960.69432965	425931.4214588887
130953502.04826704	422592.5868282278
133390569.00390588	419191.6159169682
135872990.19027063	415727.3523583548
138401609.65731302	412198.6182654496
140977287.16289675	408604.2138306402
143600898.46512634	404942.9169176897
146273335.620113	401213.4826461983
148995507.28528506	397414.64296832925
151768339.02834037	393545.1062376587
154592773.64194784	389603.5567700056
157469771.46430898	385588.6543960811
160400310.70568198	382266.1964885158
163385387.78098568	379298.81873365544
166426017.64859018	376276.2175738596
169523234.15541214	373197.3652921662
172678090.38843593	370061.2150456255
175891659.03277326	366866.70050936245
179165032.73638958	363612.73551401397
182499324.48161504	360298.2136764196
185895667.9635688	356922.0080234422
189355217.9756299	353482.9706087809
192879150.80207777	349979.9321226611
196468664.61804405	346411.7014942515
200124979.8969035	342948.5766119431
203849339.82524642	340313.13922441064
207643010.7255779	337628.6558986608
211507282.48687947	334894.21388143837
215443469.00318778	332108.8834329941
219452908.62033114	329271.71751096286
223536964.59097964	326381.7514483617
227697025.53816846	323438.00262559095
231934505.92744273	320439.4701363322
236250846.547794	317385.1344472305
240647515.00154215	314273.95705124014
245126006.20333397	311104.8801145252
249687842.8884332	307876.8261167804
254334576.13046482	305231.1389428099
259067785.8688001	302848.4021658336
263889081.44575077	300421.3222520004
268800102.15376073	297949.0739679884
273802517.7927863	295430.81672274333
278898029.23804396	292865.6942816682
284088369.0183295	290252.8344754936
289375301.9050947	287591.3489037322
294760625.51248586	284880.3326326123
300246170.90855557	282118.8638873914
305833803.23784316	279306.0037389421
311525422.35554785	276440.79578450514
317322963.4734973	273681.587260299
323228397.81813806	271567.82300024584
329243733.30077755	269414.72122764343
335371015.2002929	267221.54986469017
341612326.8585518	264987.5632094913
347969790.3887688	262712.00168251235
354445567.3970435	260394.09156831613
361041859.71733445	258033.04475248832
367760910.160103	255628.0584536723
374605003.2748981	253178.3149506126
381576466.1271245	250682.9813041217
388677669.0892668	248141.20907387373
395911026.6468467	245552.13402992324
403278998.21937054	243450.4546284686
410784088.99656343	241541.32111401396
418428850.79015756	239596.65830000443
426215882.9015325	237615.8049801301
434147833.0055101	235598.08764291892
442227398.0505897	233542.82024273602
450457325.17594445	231449.30396651974
458840412.64547515	229316.82699617822
467379510.7992463	227144.664266565
476077523.0226378	224932.0772189471
484937406.7335233	222678.31354988873
493962174.38783056	220382.60695545786
503154894.5038046	218189.14104974805
512518692.70533323	216497.0549467059
522056752.7846986	214773.47883336764
531772317.7850967	213017.8266752836
541668691.1033136	211229.5015318031
551749237.6129117	209407.8953531078
562017384.8083187	207552.38877346972
572476623.970219	205662.35090065893
583130511.3526218	203737.13910143447
593982669.3920338	201776.0987830402
605036787.9391212	199778.56317063735
616296625.5132942	197743.85308059515
627766010.5806513	195671.27668955913
639448842.8556936	194004.9549770877
651349094.6272782	192477.9113759475
663470812.1092337	190922.4492335542
675818116.816111	189338.03967601966
688395206.964551	187724.14398702284
701206358.9007177	186080.21342464007
714255928.5543104	184405.68903476672
727548352.9196217	182700.0014610672
741088151.5641569	180962.57075138812
754879928.1653446	179192.8061605677
768928372.0758306	177390.10594957648
783238259.9179205	175553.85718091804
797814457.2076613	173813.2268238921
812661920.0091946	172460.76417988582
827785696.619849	171083.1319759448
843190929.286625	169679.86180227646
858882855.9546258	168250.4765319011
874866812.0479896	166794.4901584258
891148232.2840202	165311.40763079523
907732652.5210242	163800.7246849699
924625711.6405733	162261.92767247136
941833153.4647961	160694.4933857345
959360828.7093127	159097.88888021343
977214696.9725724	157471.57129317248
995400828.7621539	155814.98765910903
1013925407.5588143	154495.8707893098
1032794731.9189526	153276.10648449685
1052015217.6161569	152033.64215842137
1071593399.8226712	150768.05535982474
1091535935.3313932	149478.915775559
1111849604.81927	148165.7850842756
1132541315.1528125	146828.21680738992
1153618101.736476	145465.75615727654
1175087130.9048076	144077.9398826335
1196955702.3590453	142664.29611097404
1219231251.6491096	141224.3441881844
1241921352.7017846	139757.594515095
1265033720.3959012	138378.2694567387
1288576213.185518	137298.57388870386
1312556835.7718453	136198.7850024315
1336983741.8249452	135078.5288578501
1361865236.7560828	133937.42455579955
1387209780.541618	132775.0841085223
1413025990.5995336	131591.11230774183
1439322644.7194095	130385.10659028895
1466108684.0469828	129156.65690122549
1493393216.1242533	127905.34555442022
1521185517.9861019	126630.7470905331
1549495039.3146317	125332.42813235216
1578331405.6521199	124009.94723744277
1607704421.673822	122966.98276345855
1637624074.521689	121993.72084333726
1668100537.2000556	121002.34635327649
1699144172.0346258	119992.52221526708
1730765534.1957276	118963.9050782218
1762975375.2872038	117916.14520123086
1795784647.0020967	116848.8863346463
1829204504.8462899	115761.76559895446
1863246311.9315598	114654.41336139102
1897921642.8391032	113526.4531102639
1933242287.5550432	112377.5013269344
1969220255.4791734	111207.16735541588
2005867779.5082297	110115.39733720155
2043197320.1952705	109254.29272550542
2081221569.9863415	108377.16281046353
2119953457.536069	107483.70935845406
2159406152.1035676	106573.62858567594
2199593068.0300703	105646.61105486096
2240527869.3000183	104702.34157005983
2282224474.1869006	103740.49906947331
2324697059.9856453	102760.75651628795
2367960067.833079	101762.7807874785
2412028207.618002	100746.23256054461
2456916462.98279	99710.76619813549
2502640096.4179215	98656.0296305312
2549214654.4514203	97832.23861956815
2596655972.934872	97056.33998029608
2644980182.4277143	96266.00173532365
2694203713.6818824	95460.95516113128
2744343303.2283683	94640.92653320964
2795415999.067865	93805.63703298966
2847439166.4672475	92954.80265304129
2900430493.8639855	92088.1341005075
2954407998.8803797	91205.33669874203
3009390034.449724	90306.11028711645
3065395295.056536	89390.14911896181
3122442823.0928583	88457.14175761172
3180552015.3329134	87593.78206919007
3239742629.5281954	86907.55356043662
3300034791.1252885	86208.55422236935
3361449000.108775	85496.54638768174
3424006137.9714255	84771.28796603836
3487727474.8141704	84032.53236176119
3552634676.5781393	83280.02838998452
3618749812.411284	82513.52019125006
3686095362.1721687	81732.74714451122
3754694224.0733366	80937.44377851953
3824569722.4669914	80127.33968156115
3895745615.775501	79302.15940951405
3968246104.5694857	78461.62239219487
4042095839.796318	77811.49372405684
4117319931.1616793	77193.37825653647
4193943955.6671777	76563.7595549895
4271993966.306777	75922.42354227317
4351496500.925055	75269.15215723308
4432478591.24041	74603.72328055935
4514967772.036101	73925.91065926423
4598992090.5224285	73235.48382975283
4684580115.873045	72532.20803946388
4771760948.938751	71815.84416705111
4860564232.142149	71086.14864107908
4951020159.556351	70342.87335720686
5043159487.171348	69660.66807642282
5137013543.351338	69114.16017578515
5232614239.486667	68557.48167012508
5329994080.844104	67990.44328275249
5429186177.618942	67412.85221450603
5530224256.192888	66824.51207819894
5633142670.601352	66225.22283184541
5737976414.21414	65614.78071064467
5844761131.633649	64992.97815769796
5953533130.81437	64359.60375343767
6064329395.408049	63714.442143741646
6177187597.338489	63057.273966710905
6292146109.610351	62387.875778084555
6409244019.35647	61875.17325627068
6528521141.127848	61383.05600553967
6650018030.431105	60881.780369035914
6773775997.517745	60371.17590764163
6899837121.430025	59851.06901033841
7028244264.308367	59321.28283517708
7159041085.964888	58781.637249149855
7292272058.728297	58231.94876694272
7427982482.56491	57672.03048854879
7566218500.481063	57101.69203572054
7707027114.212319	56520.739487238636
7850456200.204509	55928.97531297707
7996554525.892329	55390.27948905945
8145371766.280737	54955.29718753023
8296958520.834915	54512.21979135475
8451366330.684739	54060.896649444156
8608647696.149244	53601.174307067384
8768856094.587408	53132.89645367445
8932045998.58096	52655.903869749534
9098272894.455566	52170.03437267461
9267593301.146902	51675.12276158553
9440064789.417603	51171.00076120202
9615746001.432076	50657.49696461204
9794696670.695385	50134.436774991635
9976977642.36321	49601.64234624055
10162650893.929972	49197.5900833124
10351779556.301762	48806.00981712423
10544427935.261662	48407.14217555253
10740661533.334322	48000.85153930143
10940547072.057436	47586.99976517688
11144152514.667904	47165.446139116524
11351547089.20999	46736.04732834545
11562801312.07373	46298.65733264109
11777987011.97118	45853.12743469209
11997177354.358854	45399.306149532684
12220446866.314913	44937.03917303604
12447871461.879063	44466.16932944939
12679528467.864315	44041.06895125194
12915496650.148827	43695.052426246046
13155856240.457052	43342.59647483304
13400688963.639534	42983.58125819174
13650078065.460136	42617.88470728026
13904108340.900667	42245.38248133079
14162866162.991974	41865.94792557287
14426439512.181587	41479.45202816926
14694918006.248201	41085.76337635038
14968392930.772554	40684.74811173276
15246957270.1757	40276.26988480546
15530705739.334583	39860.18980856994
15819734815.786015	39436.36641131716
16114142772.530231	39118.16622440478
16414029711.444664	38806.77323203784
16719497597.31985	38489.58516309755
17030650292.528427	38166.49417022275
17347593592.339325	37837.390398994714
17670435260.889503	37502.16195058513
17999285067.824764	37160.69484370962
18334254825.62285	36812.87297587248
18675458427.61074	36458.5780838908
19023011886.689457	36097.68970368399
19377033374.77993	35730.085129314204
19737643263.002552	35355.63937126539
20104964162.604927	35020.41778650704
20479120966.650833	34745.35671808482
20860240892.485046	34465.17671637597
21248453524.988873	34179.78251716102
21643890860.6402	33889.077083337215
22046687352.394028	33592.96157192469
22456979955.397717	33291.33530045888
22874908173.55704	32984.095712757575
23300614106.96929	32671.138344050494
23734242500.23866	32352.35678546029
24175940791.69123	32027.64264782213
24625859163.505444	31696.8855248304
25084150592.775414	31359.972955499485
25550970903.525124	31109.605328033376
26026478819.690044	30862.173460188395
26510836019.085308	30610.13684318083
27004207188.377697	30353.40978184514
27506760079.080673	30091.90498621435
28018665564.59201	29825.533541840276
28540097698.292374	29554.20487956177
29071233772.725693	29277.826744710062
29612254379.880314	28996.30516574132
30163343472.591972	28709.54442228538
30724688427.090096	28417.447012599674
31296480106.707504	28119.91362041765
31878912926.77636	27855.813254739733
32472184920.731255	27637.3666116665
33076497807.442425	27414.85463939568
33692057059.802742	27188.201681459148
34319071974.590427	26957.330673409113
34957755743.632645	26722.163116615196
35608325526.29274	26482.619051574122
36271002523.30648	26238.61703072278
36946012051.993095	25990.074090744987
37633583622.865326	25736.9057243632
38333951017.6659	25479.02585160494
39047352368.85556	25216.346790534793
39774030240.58036	24948.779227441722
40514231711.14655	24752.043642466295
41268208457.02952	24555.67376207422
42036216838.44701	24355.649404794534
42818517986.52406	24151.902560190505
43615377892.080055	23944.363952139633
44427067496.06892	23732.96301527901
45253862781.70167	23517.627871012304
46096044868.284195	23298.285303070264
46953900106.80053	23074.860732616307
47827720177.27485	22847.27819288918
48717802187.94641	22615.4603033732
49624448776.28914	22379.328243488177
50547968211.912254	22171.561168003922
51488674501.37487	21998.35197128385
52446887494.95119	21821.91932194022
53422932995.38363	21642.203230971256
54417142868.658875	21459.142592969627
55429855156.84652	21272.675165345918
56461414193.036606	21082.737547165543
57512170718.41614	20889.26515759181
58582482001.525475	20692.19221392765
59672711959.7331	20491.451709248788
60783231282.972115	20286.975389620664
61914417559.77835	20078.693730891333
63066655405.67406	19866.53591505269
64240336593.94204	19712.2923062188
65435860188.83229	19556.779083126657
66653632681.24893	19398.37173249127
67894068126.96099	19237.01639410656
69157588287.38525	19072.65820541894
70444622772.99051	18905.241282873318
71755609189.36922	18734.708702912158
73090993286.02888	18561.002482620792
74451229107.95128	18384.063560012615
75836779149.97191	18203.831773947484
77248114514.03416	18020.245843676166
78685715069.36842	17833.24334800429
80150069615.6538	17670.211703883957
81641676049.21454	17533.272064224606
83161041532.30962	17393.78395457007
84708682665.57419	17251.69994746016
86285125663.66887	17106.971732801518
87890906534.19963	16959.55010144167
89526571259.96382	16809.38492843757
91192675984.59299	16656.42515601233
92889787201.64516	16500.61877619524
94618481947.21991	16341.912813138402
96379347996.15794	16180.253305104268
98172984061.88821	16015.585286118325
100000000000.0	15847.852767279779
