# Frequency (Hz)	Imaginary Part (Ohm)
1000.0	2.8150288268219272
1018.6101701559753	2.855230834339086
1037.566678745186	2.8961810080567525
1056.875971184804	2.9378932714752204
1076.5446128423157	2.9803818072134978
1096.5792912678098	3.023661061831542
1116.9868184678226	3.067745750742251
1137.7741332214914	3.1126508632148644
1158.9483034398106	3.158391667471463
1180.5165285688054	3.204983715878351
1202.4861420374123	3.2524428502340044
1224.8646137509306	3.3007852071554717
1247.6595526308697	3.3500272235649913
1270.8787092020582	3.399054309919597
1294.529978227916	3.447907686535048
1318.6214013947485	3.4976702328020037
1343.1611700460153	3.5483588685223815
1368.1576279674719	3.599990828378493
1393.619274224142	3.6525836677930106
1419.5547660501015	3.706155268898021
1445.9729217920194	3.76072384661512
1472.882723907502	3.8163079548487056
1500.2933220192183	3.872926492794488
1528.2140360258693	3.930598711365421
1556.654359271062	3.9893442197372355
1585.6239617711371	4.049079854557376
1615.132693503091	4.105867522344837
1645.1905877536624	4.16371201829258
1675.807864530767	4.2226330101524985
1706.9949340384078	4.282650531696691
1738.7624002162504	4.3437849895291585
1771.1210643450886	4.406057170024285
1804.0819287193826	4.4694882463944055
1837.6562003881704	4.534099785888951
1871.8552949655793	4.599913757127532
1906.690840512252	4.666952537569501
1942.1746814890264	4.735238921122548
1978.3188827841643	4.804796125892849
2015.1357338155585	4.871907746167919
2052.6377527092523	4.9370203352178965
2090.8376905557498	5.003344680629388
2129.748535745521	5.070903333394478
2169.3835183851843	5.139719264183029
2209.756114795903	5.209815871153
2250.880052095462	5.281216987906036
2292.7693128656488	5.353946891591172
2335.438139906479	5.428030311159321
2378.9010410788933	5.503492435771365
2423.1727942376006	5.580358923362776
2468.2684522556924	5.65865590936755
2514.2033481427966	5.737883869581183
2560.9931002584594	5.808496787419556
2608.6536176225477	5.880423823674107
2657.2011053245064	5.953689434312175
2706.652070033241	6.028318530430795
2757.0233256095826	6.104336486726769
2808.3319988231724	6.181769150124325
2860.5955351757416	6.260642848563334
2913.831704832789	6.340984399951131
2968.0586086656026	6.422821121280844
3023.2946844057765	6.506180837919509
3079.5587129142264	6.59109189306898
3136.8698245668766	6.677583157402901
3195.2475057592133	6.757608079554564
3254.711605531848	6.832782810108793
3315.282342319423	6.909356555190067
3376.9803108250912	6.987355350696789
3439.8264890229243	7.066805717059846
3503.8422452906757	7.147734668259879
3569.0493456752292	7.2301697210122855
3635.4699612933177	7.31413890412323
3703.126675869927	7.399670768019734
3772.0424934169973	7.486794394457103
3842.240846055061	7.575539406407083
3913.745601980384	7.665935978129942
3986.581073580439	7.756739789885293
4060.7720257003657	7.833361931593451
4136.343684063274	7.911410024396509
4213.321743847289	7.9909106054869845
4291.732378422157	8.071890705919047
4371.602248248501	8.1543778597994
4452.958509942655	8.238400113649153
4535.828825510186	8.323986035939935
4620.241371751313	8.411164726807508
4706.224849841281	8.499965827946097
4793.808495089106	8.590419532686912
4883.02208687788	8.682556596264199
4973.895958790063	8.776408346272326
5066.461008921268	8.86172309223266
5160.7487103859075	8.941338299493134
5256.791122018419	9.02243515930773
5354.620899273607	9.105041245482592
5454.271305329836	9.18918464497709
5555.7762223988775	9.274893967453679
5659.170163246242	9.362198355005507
5764.488282925873	9.45112749206504
5871.766390733255	9.54171161549708
5981.040962380945	9.633981524879623
6092.349152400711	9.72796859297604
6205.7288067765	9.823704776402199
6321.218475812449	9.919677277873292
6438.8574272404185	10.00339873388311
6558.685659571435	10.088678260434978
6680.743915695614	10.175544853486793
6805.073696735206	10.26402804861617
6931.717276155407	10.354157931062854
7060.717714137772	10.445965145958004
7192.118872221193	10.539480908743906
7325.96542821523	10.634737015787513
7462.302891391108	10.731765855191599
7601.17761795533	10.830600417807034
7742.636826811269	10.931274308450032
7886.728615614156	11.033821757328164
8033.501977124735	11.130515884868032
8183.00681586739	11.224053547175307
8335.293965098195	11.319331961294118
8490.415204088747	11.416383522911866
8648.423275731726	11.515241230605229
8809.37190447399	11.615938697059988
8973.31581458352	11.718510160499749
9140.310748756232	11.822990496327275
9310.413487069076	11.929415228982503
9483.681866285926	12.037820544021248
9660.174799522645	12.148243300418674
9839.952296278227	12.26072104310175
10023.075482838643	12.373905462013655
10209.606623060476	12.479400384554582
10399.609139541202	12.586858585554577
10593.1476351837	12.696316601959836
10790.287915161836	12.807811650675335
10991.097009294961	12.921381641218973
11195.643194838794	13.037065188611258
11403.99601970033	13.154901626504746
11616.22632608502	13.274931020558006
11832.40627458378	13.397194182058314
12052.609368708414	13.521732681797952
12276.910479883603	13.648588864208728
12505.385872903913	13.777805861759491
12738.113231864783	13.90168532147241
12975.171686575868	14.02342696364244
13216.641839466038	14.14743423848832
13462.60579298911	14.273749309819676
13713.147177539455	14.402415126121756
13968.351179887397	14.53347543515848
14228.30457214352	14.666974798847066
14493.09574126215	14.802958608409616
14762.81471909391	14.941473099806597
15037.553212997384	15.082565369457528
15317.404637020798	15.226283390254357
15602.46414366368	15.372676027872693
15892.828656229764	15.519537915665872
16188.596901781993	15.65623530957828
16489.86944471065	15.79547666525126
16796.74872092653	15.937309326246064
17109.339072690134	16.081781517195655
17427.746784089173	16.228942360201625
17752.08011717636	16.378841891536247
18082.44934877952	16.531531078655295
18418.96680799711	16.687061837527605
18761.746914391195	16.845487050287012
19110.90621689136	17.006860583212877
19466.56343342263	17.171237305045175
19828.83949127071	17.338673105640435
20197.857568198782	17.49700273016501
20573.743134329114	17.651994862566863
20956.623994804308	17.80987142492555
21346.630333242454	17.97068609697339
21743.8947560008	18.1344935574316
22148.55233726359	18.301349502601756
22560.74066496859	18.471310665303065
22980.599887588487	18.64443483416215
23408.272761782944	18.82078087326184
23843.904700937208	19.000408742155482
24287.643824604504	19.183379516253993
24739.64100886812	19.369755407592045
25200.049937640895	19.555911390096004
25669.027154919517	19.72798240505812
26146.732118010917	19.90325569088758
26633.327251749808	20.081790842390117
27128.978003724646	20.263648563440945
27633.852900531667	20.4488906876247
28148.123605075813	20.63758019925959
28671.964974937695	20.829781254812637
29205.55512182745	21.025559204713684
29749.075472144435	21.2249806155752
30302.71082866393	21.428113292825547
30866.649433372742	21.635026303763805
31441.08303147265	21.84579000104309
32026.206936576502	22.044298015494654
32622.220097116733	22.23907857598642
33229.325163989684	22.43748403585197
33847.72855945983	22.639581855085535
34477.640547344636	22.84544074912317
35119.275304507275	23.055130712206967
35772.850993678774	23.268723041183776
36438.58983763541	23.48629035974681
37116.71819475767	23.707906643128723
37807.466635993485	23.933647243253688
38511.070023255685	24.163588914358087
39227.76758927723	24.39780983908772
39957.803018952654	24.631173299277496
40701.42453219439	24.84782082341683
41458.88496832911	25.068500194844233
42230.441872066716	25.29328644692382
43016.35758106799	25.522256009403364
43816.89931514194	25.755486734401156
44632.33926710397	25.993057922876766
45462.95469532399	26.235050351594058
46309.02801799736	26.481546300586242
47170.84690917023	26.732629581131956
48048.704396551344	26.988385564251917
48942.89896114532	27.248901209736147
49853.73463873894	27.514265095711135
50781.5211232767	27.763621978156156
51726.57387216024	28.009089522086523
52689.21421350677	28.25912525877718
53669.76945540476	28.51381420307272
54668.57299720181	28.773242951958448
55685.96444286408	29.037499714004287
56722.28971644549	29.306674339356697
57777.90117970507	29.580858350288562
58853.1577519145	29.860144972317908
59948.42503189408	30.144629165905513
61064.07542232036	30.434407658742472
62200.48825634718	30.729578978638692
63358.04992658254	31.022849715490707
64537.15401646702	31.29587475693998
65738.20143409586	31.573980840867463
66961.60054853215	31.857262526338246
68207.76732865692	32.14581613217775
69477.1254846024	32.439739769721015
70770.10661181889	32.739133376171814
72087.15033782135	33.04409874858228
73428.70447166759	33.354739578464994
74795.22515621828	33.67116148704923
76187.17702322999	33.99347206119329
77605.0333513357	34.321780889965225
79049.2762269642	34.65619960190431
80520.39670825469	34.969520459742554
82018.8949920221	35.278857684727704
83545.28058382872	35.593951728105374
85100.07247122246	35.91490972524543
86683.79930019773	36.24184080532518
88296.99955494082	36.5748561284345
89940.22174092053	36.91406892337147
91614.0245713852	37.25959452614126
93318.9771573324	37.611550419171834
95055.65920101192	37.97005627125912
96824.66119303115	38.33523397825565
98626.5846131283	38.7072077045166
100462.04213468132	39.075759455765095
102331.65783302448	39.41984895055103
104236.06739764012	39.77034200938383
106175.9183482999	40.127357803679985
108151.87025522892	40.49101772265641
110164.59496336569	40.86144541460385
112214.77682079801	41.23876682892892
114303.11291144785	41.62311025897807
116430.31329208757	42.01460638565877
118597.10123376705	42.413388321872446
120804.21346773289	42.81959165777414
123052.40043592616	43.233354506874896
125342.42654613995	43.65481755300163
127675.07043192645	44.048555856802
130051.12521734099	44.438440540409786
132471.39878661174	44.83558104432068
134936.71405883064	45.2401124005852
137447.90926775365	45.65217215422321
140005.8382468096	46.07190040999087
142611.37071941295	46.49943988001767
145265.39259467812	46.93493593233003
147968.80626863963	47.37853664027817
150722.53093107554	47.830392832882524
153527.5028780421	48.290658146117295
156384.67583022476	48.7594890751483
159295.0212572123	49.22271659887052
162259.5287078087	49.656439811583176
165279.2061464897	50.098234687085075
168355.08029612005	50.54825144039399
171488.19698705408	51.006643082055135
174679.62151272455	51.47356547016562
177930.43899185772	51.94917736336847
181241.75473742394	52.43364047483208
184614.69463245454	52.92711952723422
188050.40551285836	53.429782308770086
191550.0555573528	53.94179973020135
195114.83468466165	54.46334588296827
198745.9549580986	54.99459809838244
202444.65099768018	55.489480761515146
206212.18039991445	55.980975934505786
210049.8241653915	56.48161791629655
213958.88713434213	56.991576930555674
217940.6984302958	57.511026368842806
221996.61191199525	58.04014284956376
226128.00663372793	58.579106278023374
230336.2873142131	59.12809990759442
234622.88481422624	59.68731040202631
238989.25662310526	60.25692789891267
243436.8873543108	60.83714607433977
247967.289250216	61.42816220873928
252582.00269627848	62.01049455787216
257282.59674479323	62.55731228668258
262070.66964838552	63.114306386470545
266947.8494034318	63.681666241231305
271915.7943036019	64.25958475942896
276976.1935036891	64.8482584395865
282130.76759394706	65.44788743709812
287381.2691851069	66.05867563228395
292729.4835042813	66.68083069971131
298177.22900196735	67.31456417880705
303726.3579703311	67.9600915457822
309378.75717301364	68.61763228689712
315136.34848664823	69.28740997308876
321001.08955431683	69.909556917175
326974.97445117676	70.52928562270195
333060.03436245886	71.16054758488924
339258.33827409917	71.80355743960584
345571.9936762143	72.45853381713076
352003.1472796675	73.1256994164894
358553.9857459817	73.80528108117447
365226.7364308175	74.49750987627414
372023.6681413066	75.20262116703748
378947.09190746717	75.9208546989009
385999.36176797637	76.65245467900387
393182.87557057705	77.39766985922282
400500.07578736113	78.12990356385761
407953.45034524484	78.81948195414785
415545.53347188793	79.52189351561734
423278.90655735444	80.23737707576515
431156.19903182285	80.96617590671127
439180.0892596086	81.7085378079107
447353.3054498463	82.46471519040875
455678.6265841068	83.23496516266329
464158.8833612772	84.01954961796393
472796.9591600391	84.81873532347964
481595.79101923504	85.63279401096113
490558.37063650455	86.46200246913361
499687.7453854889	87.30664263780753
508987.0193519675	88.08900038313783
518459.3543892913	88.87064331676176
528107.971193433	89.66683275838156
537936.1503980698	90.47783942098633
547947.2336900292	91.30393905557986
558144.6249454955	92.1454125449388
568531.7913873753	93.00254599911662
579112.2647641759	93.875630852723
589889.6425508494	94.76496396401559
600867.5891719692	95.67084771583475
612049.837247669	96.59359011841661
623440.1888627863	97.53350491412088
635042.5168595961	98.45450096333836
646860.7661546321	99.32439040956235
658898.9550799957	100.21046864639756
671161.1767496272	101.11303694999154
683651.6004510238	102.03240220329303
696374.4730628222	102.96887700039385
709334.1204987989	103.92277975281547
722534.9491787221	104.89443479777204
735981.4475265755	105.88417250844793
749678.1874966878	106.89232940632954
763629.8261282243	107.9192482756245
777841.1071286482	108.96527827981343
792316.8624866261	110.0307750803687
807062.0141149492	111.01494867884045
822081.575524054	112.00116299485474
837380.6535266489	113.00573092710019
852964.4499741016	114.02899403949797
868838.2635251193	115.07130025253193
885007.4914473438	116.13300396154494
901477.6314524917	117.21446615723795
918254.2835656281	118.31605454841004
935343.1520292377	119.4381436869837
952750.0472427299	120.58111509535648
970480.8877380306	121.74535739612239
988541.7021919573	122.93126644420835
1006938.6314760271	124.09012164040368
1025677.9307444209	125.18791167753642
1044765.9715608053	126.30613177405586
1064209.2440647245	127.4451621368432
1084014.359178331	128.60539004849485
1104188.0508541602	129.78720999900204
1124737.1783647507	130.9910238198819
1145668.7286348727	132.2172408208046
1166989.8186171474	133.46627792876248
1188707.6977119034	134.73855982983056
1210829.7502320393	136.0345191135639
1233363.4979137746	137.35459642008271
1256316.6024741214	138.69924058989508
1279696.8682159416	139.93784427412768
1303512.2446815087	141.18273108519324
1327770.829355429	142.45078545163767
1352480.8704178738	143.74243852560866
1377650.769549055	145.05812948306888
1403289.084785873	146.39830567311998
1429404.533431761	147.7634227701069
1456005.9950206485	149.15394492855157
1483102.514336103	150.57034494097059
1510703.3044866556	152.0131043986298
1538817.7500383465	153.48271385529
1567455.410205595	154.97967299400148
1596626.022101425	156.43850950470923
1626339.5040481905	157.82460632770957
1656605.9589499151	159.23649864843878
1687435.6777273756	160.6746665254985
1718839.1428171454	162.13959895146314
1750827.0317357269	163.6317940191422
1783410.220710006	165.1517590909363
1816599.7883753285	166.70001097134798
1850407.019542302	168.27707608269827
1884843.4090337954	169.8834906441178
1919920.6655932867	171.51980085386663
1955650.715865947	173.18656307504645
1992045.7084538713	174.88434402477233
2029118.0180466783	176.44403335595467
2066880.2496290822	178.01632686699614
2105345.242766708	179.6178810278134
2144526.0759716653	181.24924038407713
2184436.0711494284	182.91095961554683
2225088.7981283693	184.60360372466548
2266498.079273693	186.32774822866833
2308677.994187172	188.08397935526435
2351642.884494346	189.87289424195913
2395407.358720879	191.69510113909024
2439986.29725955	193.5512196166362
2485394.857429798	195.4418807748789
2531648.478631358	197.2794500000329
2578762.8875937983	199.03067602944247
2626754.1037238385	200.81449267324135
2675638.4445520453	202.63150644830813
2725432.531281028	204.4823351589047
2776153.2944368036	206.36760810673522
2827817.979625338	208.2879663049149
2880444.1533962977	210.2440626959236
2934049.709215787	212.2365623736102
2988652.873550383	214.26614280933433
3044272.2120643063	216.3334940823127
3100926.6359319235	218.4393191142529
3158635.408267819	220.58433390835674
3217418.1506763715	222.54974029997558
3277294.849923382	224.5369527029001
3338285.8647317644	226.56114746677935
3400411.9327037027	228.62301283964274
3463694.1773717343	230.7232498779343
3528154.1153808828	232.86257268487617
3593813.6638046256	235.04170865327373
3660695.147596906	237.26139871283644
3728821.30718283	239.52239758210064
3798215.306190736	241.8254740250448
3868900.7393279755	244.17141111247415
3940901.6404034477	246.56100648827572
4014242.490499326	248.8773733152564
4088948.226294856	251.09166074066738
4165044.248545185	253.34715643184
4242556.430717777	255.64462728161118
4321511.127789762	257.984854454825
4401935.1852088785	260.3686336539362
4483855.948021181	262.79677538955656
4567301.270168747	265.2701052560403
4652299.523960189	267.7894642121908
4738879.609717651	270.35570886719927
4827070.965603188	272.9697117718996
4916903.577628021	275.632361715444
5008407.989848212	278.3445640275042
5101615.314749833	280.8234365579491
5196557.243827657	283.3372817353319
5293266.058360566	285.8979099992118
5391774.640387494	288.5061919907881
5492116.483887789	291.16301455404306
5594325.706169377	293.8692810372741
5698437.0594691355	296.6259116002455
5804485.942768984	299.43384352705124
5912508.413831869	302.29403154480065
6022541.201461928	305.20744814823905
6134621.717992506	308.17508393040237
6248788.072006888	311.1979479194327
6365079.081295578	314.12062498318477
6483534.286054714	316.9231813223163
6604193.962330305	319.77789371179136
6727099.135712336	322.68573278458064
6852291.595284057	325.6476872373008
6979813.907830667	328.6647641663805
7109709.432312423	331.7379894104835
7242022.334607315	334.86840789930756
7376797.60252773	338.05708400886766
7514081.061116962	341.30510192339904
7653919.388230155	344.61356600398983
7796360.130405221	347.98360116407457
7941451.71902934	351.4163532519209
8089243.486805938	354.5463353676268
8239785.684528512	357.7298828622596
8393129.498166373	360.9726767174675
8549327.066268368	364.27581951810095
8708431.497690724	367.6404343683043
8870496.889654402	371.0676652733789
9035578.34613892	374.55867752876077
9203731.99661823	378.1146581162323
9375015.01514529	381.73681610750765
9549485.639791967	385.42638307533247
9727203.192450536	389.18461351223027
9908228.099003786	393.01278525704413
10092621.909870483	396.7048359004594
10280447.320933098	400.25631156037605
10471768.194855202	403.87388078662855
10666649.582795387	407.5587735917328
10865157.746525371	411.3122428789464
11067360.180959744	415.13556486827076
11273325.63710487	419.0300395303771
11483124.14543511	422.99699102861337
11696827.039703846	427.0377681692323
11914506.981197748	431.15374486000064
12136237.983442418	435.34632057734257
12362095.437367693	439.6169208421756
12592156.13694151	443.9612071063209
12826498.3052806	447.9246434697316
13065201.621247198	451.96184005826774
13308347.24654076	456.0741695622702
13556017.853293689	460.263030218079
13808297.652180923	464.5298462834521
14065272.421052363	468.8760685218261
14327029.534098294	473.30317469559185
14593657.991557576	477.8126700685505
14865248.449978571	482.406087917717
15141893.25304352	487.084990054654
15423686.462966273	491.85096735650245
15710723.892474487	496.7056403068979
16003103.137387017	501.3764866688913
16300923.609797413	505.88389977296765
16604286.571875297	510.47519660187413
16913295.17029647	515.1519382460032
17228054.471313924	519.9157148479048
17548671.49648152	524.7681461429536
17875255.259042352	529.7108820100729
18207916.800994623	534.7456030327153
18546769.230846975	539.8740210702769
18891927.762076646	545.0978798401486
19243509.75230332	550.4189555105988
19601634.743191857	555.8390573046885
19966424.501097932	561.338153244478
20338003.0584698	566.3729276654634
20716496.75602067	571.5014000951204
21102034.285685964	576.725314269334
21494746.734379806	582.0464463752095
21894767.628566206	587.4666056549976
22302232.979659364	592.9876350212552
22717281.330269028	598.6114116834549
23140053.80130654	604.339847786258
23570694.139967278	610.1748910596613
24009348.76860652	616.1185254812501
24456166.83452444	622.1727719507695
24911300.26067791	628.3396889772537
25374903.797335718	634.2596884359813
25847135.07469564	639.9911956051463
26328154.656480197	645.8293670979796
26818126.094530128	651.7761879556942
27317215.98441379	657.8336801614589
27825594.022071257	664.0039033278905
28343433.061513092	670.2889553973499
28870909.173592344	676.6909733552609
29408201.705870606	683.2121339567103
29955493.34359816	689.854654466568
30512970.171828706	696.6207934133778
31080821.738690637	703.5128513572869
31659241.119835205	710.4872629048798
32248424.98408439	716.8964511098524
32848573.66030047	723.4249153978819
33459891.20549975	730.0748755171682
34082585.47423452	736.8485925258047
34716868.189265594	743.7483695605606
35362955.013550386	750.7765526199713
36021065.62357073	757.935531362006
36691423.78402494	765.2277399165721
37374257.42391064	772.6556577131516
38069798.71402284	780.2218103238298
38778284.14589453	787.9287703220191
39499954.61220647	795.7791581571609
40235055.48869293	803.2994978592058
40983836.717572615	810.6045999560445
41746552.89253134	818.0456512459119
42523463.34528677	825.6251817664233
43314832.23376403	833.3457686396247
44120928.631911896	841.2100369482393
44942026.62119142	849.2206606282297
45778405.38376616	857.38036337796
46630349.29742726	865.6919195842851
47498148.03228505	874.1581552658719
48382096.649259575	882.7819490340723
49282495.700405136	891.5662330716893
50199651.33110079	900.4330606933399
51133875.38414321	908.6130534993673
52085485.50577665	916.9452773633903
53054805.25369574	925.4325653312999
54042164.20705915	934.0778031724547
55047898.078549676	942.8839303608725
56072348.82852027	951.8539410746816
57115864.78126434	960.9908852141767
58178800.74344935	970.2978694388128
59261518.124755524	979.778058223508
60364385.060758635	989.4346749345972
61487776.53810017	999.271002925811
62632074.521986924	1009.2903866546523
63797668.08606282	1018.8705864687817
64984953.54469889	1028.208115892196
66194334.587743886	1037.7194183270162
67426222.41778335	1047.4077277185536
68681035.88995308	1057.2763381963923
69959201.65435374	1067.3286051944253
71261154.30111745	1077.5679465917453
72587336.50817245	1087.9978438747544
73938199.19175874	1098.6218433209108
75314201.65974376	1109.4435572044963
76715811.76779301	1120.4666650248341
78143506.07844542	1131.6949147573564
79597770.02314977	1143.0010914192394
81079098.06731695	1153.4743894718708
82587993.87844272	1164.1425973833545
84124970.49736118	1175.0093424593306
85690550.51268347	1186.078319510212
87285266.2384837	1197.353292107463
88909659.89529167	1208.8380938632538
90564283.79445294	1220.5366297339265
92249700.52592173	1232.452877347728
93966483.1495469	1244.5908883572433
95715215.38991857	1256.9547898170008
97496491.83484097	1269.5487855867173
99310918.137498	1282.3771577606506
101159111.22238298	1294.6236018023299
103041699.49505854	1306.6009955178342
104959323.05582266	1318.8012905684116
106912633.91734771	1331.2286351858338
108902296.22637327	1343.887254801173
110928986.48952228	1356.7814534814906
112993393.80332193	1369.9156153932738
115096220.0885031	1383.2942062930945
117238180.32865997	1396.921775046008
119420002.8133535	1410.8029551722257
121642429.3857368	1424.9424664225546
123906215.6947913	1439.3451163831746
126212131.45225461	1453.814132087215
128560960.69432965	1467.2756684340798
130953502.04826704	1480.9877262629204
133390569.00390588	1494.9549678211413
135872990.19027063	1509.1821421213701
138401609.65731302	1523.6740865561685
140977287.16289675	1538.4357285427886
143600898.46512634	1553.4720871985621
146273335.620113	1568.7882750474423
148995507.28528506	1584.389499758331
151768339.02834037	1600.2810659157344
154592773.64194784	1616.4683768233717
157469771.46430898	1632.9569363413684
160400310.70568198	1648.6775846934786
163385387.78098568	1664.106719279643
166426017.64859018	1679.8229926858185
169523234.15541214	1695.8317486143012
172678090.38843593	1712.1384302145984
175891659.03277326	1728.7485819341528
179165032.73638958	1745.667851403524
182499324.48161504	1762.9019913566394
185895667.9635688	1780.4568615867743
189355217.9756299	1798.338430938958
192879150.80207777	1816.5527793394376
196468664.61804405	1835.1060998629307
200124979.8969035	1853.7045707183174
203849339.82524642	1871.08799745336
207643010.7255779	1888.7949327178355
211507282.48687947	1906.8313970605197
215443469.00318778	1925.2035230736335
219452908.62033114	1943.9175574779829
223536964.59097964	1962.9798632469015
227697025.53816846	1982.3969217697452
231934505.92744273	2002.175335055623
236250846.547794	2022.3218279781663
240647515.00154215	2042.8432505620488
245126006.20333397	2063.74658031206
249687842.8884332	2085.0389245855454
254334576.13046482	2105.3220393466013
259067785.8688001	2125.299647599009
263889081.44575077	2145.6490425403076
268800102.15376073	2166.377143184035
273802517.7927863	2187.4909973077524
278898029.23804396	2208.997783849356
284088369.0183295	2230.9048153480067
289375301.9050947	2253.219540430465
294760625.51248586	2275.9495463436915
300246170.90855557	2299.10256153461
305833803.23784316	2322.6864582778494
311525422.35554785	2346.7092553524217
317322963.4734973	2370.7430230518753
323228397.81813806	2393.316786347782
329243733.30077755	2416.310651219686
335371015.2002929	2439.732435829395
341612326.8585518	2463.5901038360466
347969790.3887688	2487.891767103832
354445567.3970435	2512.6456884601043
361041859.71733445	2537.860284504845
367760910.160103	2563.544128472386
374605003.2748981	2589.705953146423
381576466.1271245	2616.3546538292403
388677669.0892668	2643.499291366201
395911026.6468467	2671.1490952265463
403278998.21937054	2697.4779705272927
410784088.99656343	2723.5029077335985
418428850.79015756	2750.0121734496183
426215882.9015325	2777.0147811113234
434147833.0055101	2804.519911896268
442227398.0505897	2832.536917845276
450457325.17594445	2861.0753250422563
458840412.64547515	2890.144836853159
467379510.7992463	2919.7553372252146
476077523.0226378	2949.916894047597
484937406.7335233	2980.6397625746067
493962174.38783056	3011.9343889125835
503154894.5038046	3043.1889950585055
512518692.70533323	3072.6972611739966
522056752.7846986	3102.754681142905
531772317.7850967	3133.3714748118778
541668691.1033136	3164.5580522206596
551749237.6129117	3196.325017141609
562017384.8083187	3228.683170685076
572476623.970219	3261.6435149719205
583130511.3526218	3295.217256874335
593982669.3920338	3329.4158118263263
605036787.9391212	3364.25080770507
616296625.5132942	3399.7340887845007
627766010.5806513	3435.877719762511
639448842.8556936	3470.299875017407
651349094.6272782	3504.446114831963
663470812.1092337	3539.2278219796617
675818116.816111	3574.6568226156946
688395206.964551	3610.7451629820207
701206358.9007177	3647.505113503203
714255928.5543104	3684.9491729585093
727548352.9196217	3723.0900727316175
741088151.5641569	3761.9407811394058
754879928.1653446	3801.514507841343
768928372.0758306	3841.8247083309006
783238259.9179205	3882.885088510599
797814457.2076613	3923.8335165414655
812661920.0091946	3962.7052094126398
827785696.619849	4002.3003111023977
843190929.286625	4042.632284371935
858882855.9546258	4083.7148425267546
874866812.0479896	4125.5619540792695
891148232.2840202	4168.187847498321
907732652.5210242	4211.607016046953
924625711.6405733	4255.834222710295
941833153.4647961	4300.8845052151755
959360828.7093127	4346.773181143037
977214696.9725724	4393.5158531381585
995400828.7621539	4441.128414212654
1013925407.5588143	4486.507837195325
1032794731.9189526	4531.682417484683
1052015217.6161569	4577.697704399942
1071593399.8226712	4624.56934363448
1091535935.3313932	4672.313272050661
1111849604.81927	4720.945723098572
1132541315.1528125	4770.483232335597
1153618101.736476	4820.9426430486155
1175087130.9048076	4872.341111980985
1196955702.3590453	4924.696115165943
1219231251.6491096	4978.025453868679
1241921352.7017846	5032.347260638989
1265033720.3959012	5086.4604263977435
1288576213.185518	5138.122452720725
1312556835.7718453	5190.745918144178
1336983741.8249452	5244.348715213348
1361865236.7560828	5298.949069456824
1387209780.541618	5354.565545583335
1413025990.5995336	5411.217053794048
1439322644.7194095	5468.922856212156
1466108684.0469828	5527.702573432238
1493393216.1242533	5587.57619119152
1521185517.9861019	5648.564067165143
1549495039.3146317	5710.686937888098
1578331405.6521199	5773.965925805788
1607704421.673822	5834.362798049736
1637624074.521689	5894.69412281447
1668100537.2000556	5956.148223798797
1699144172.0346258	6018.745996059239
1730765534.1957276	6082.508723512833
1762975375.2872038	6147.458086173932
1795784647.0020967	6213.616167525693
1829204504.8462899	6281.005462028586
1863246311.9315598	6349.648882768885
1897921642.8391032	6419.5697692492495
1933242287.5550432	6490.791895324455
1969220255.4791734	6563.339477284806
2005867779.5082297	6635.554690683837
2043197320.1952705	6704.905546195575
2081221569.9863415	6775.547032928849
2119953457.536069	6847.5031697502845
2159406152.1035676	6920.79842252175
2199593068.0300703	6995.4577124189
2240527869.3000183	7071.506424404777
2282224474.1869006	7148.970415860854
2324697059.9856453	7227.876025378874
2367960067.833079	7308.250081716303
2412028207.618002	7390.119912918277
2456916462.98279	7473.513355609581
2502640096.4179215	7558.458764459261
2549214654.4514203	7639.706121675295
2596655972.934872	7721.133569044801
2644980182.4277143	7804.076395065202
2694203713.6818824	7888.5628011910785
2744343303.2283683	7974.621513710824
2795415999.067865	8062.281793513967
2847439166.4672475	8151.573446040146
2900430493.8639855	8242.526831413346
2954407998.8803797	8335.172874764625
3009390034.449724	8429.543076746948
3065395295.056536	8525.669524245815
3122442823.0928583	8623.584901289107
3180552015.3329134	8721.018726198065
3239742629.5281954	8815.150537757308
3300034791.1252885	8911.03415834676
3361449000.108775	9008.702189430553
3424006137.9714255	9108.187839191593
3487727474.8141704	9209.524933822762
3552634676.5781393	9312.747929028152
3618749812.411284	9417.891921738326
3686095362.1721687	9524.992662043713
3754694224.0733366	9634.08656534999
3824569722.4669914	9745.210724759778
3895745615.775501	9858.402923684645
3968246104.5694857	9973.701648691835
4042095839.796318	10084.288170148411
4117319931.1616793	10195.4645517159
4193943955.6671777	10308.709944661683
4271993966.306777	10424.062853639596
4351496500.925055	10541.562499881573
4432478591.24041	10661.24883453338
4514967772.036101	10783.162552238375
4598992090.5224285	10907.345104974207
4684580115.873045	11033.838716146885
4771760948.938751	11162.686394947132
4860564232.142149	11293.931950974053
4951020159.556351	11427.62000913082
5043159487.171348	11560.66171361213
5137013543.351338	11689.9697943995
5232614239.486667	11821.684320572862
5329994080.844104	11955.850076490324
5429186177.618942	12092.512679954485
5530224256.192888	12231.718597723073
5633142670.601352	12373.515161308087
5737976414.21414	12517.950583068947
5844761131.633649	12665.073972605327
5953533130.81437	12814.935353454874
6064329395.408049	12967.585680101834
6177187597.338489	13123.076855302099
6292146109.610351	13281.461747730593
6409244019.35647	13433.894178455568
6528521141.127848	13587.57827795187
6650018030.431105	13744.122464690066
6773775997.517745	13903.579965380426
6899837121.430025	14066.004997291278
7028244264.308367	14231.452786683582
7159041085.964888	14399.979587588366
7292272058.728297	14571.642700933835
7427982482.56491	14746.500494028203
7566218500.481063	14924.612420405158
7707027114.212319	15106.039040038795
7850456200.204509	15290.842039934598
7996554525.892329	15474.844967279601
8145371766.280737	15654.747838802268
8296958520.834915	15837.998733375523
8451366330.684739	16024.65995827802
8608647696.149244	16214.794980337432
8768856094.587408	16408.468447509982
8932045998.58096	16605.746210861354
9098272894.455566	16806.695346956683
9267593301.146902	17011.384180667446
9440064789.417603	17219.882308402546
9615746001.432076	17432.260621772
9794696670.695385	17648.591331690743
9976977642.36321	17868.94799293104
10162650893.929972	18081.874823813036
10351779556.301762	18297.101776210486
10544427935.261662	18516.334138814203
10740661533.334322	18739.646452989724
10940547072.057436	18967.114647329978
11144152514.667904	19198.81606347197
11351547089.20999	19434.8294823937
11562801312.07373	19675.235151200653
11777987011.97118	19920.114810410618
11997177354.358854	20169.55172174622
12220446866.314913	20423.63069644496
12447871461.879063	20682.43812409584
12679528467.864315	20940.364767605115
12915496650.148827	21194.002728963736
13155856240.457052	21452.360935941262
13400688963.639534	21715.52723311183
13650078065.460136	21983.591099851998
13904108340.900667	22256.64368076487
14162866162.991974	22534.77781667013
14426439512.181587	22818.088076170756
14694918006.248201	23106.670787807638
14968392930.772554	23400.62407281208
15246957270.1757	23700.04787846837
15530705739.334583	24005.04401209673
15819734815.786015	24315.71617566884
16114142772.530231	24617.288785034703
16414029711.444664	24922.80494926081
16719497597.31985	25234.006821288567
17030650292.528427	25551.00021310769
17347593592.339325	25873.89290588688
17670435260.889503	26202.79468662082
17999285067.824764	26537.817385458744
18334254825.62285	26879.074913728153
18675458427.61074	27226.683302665748
19023011886.689457	27580.760742869108
19377033374.77993	27941.42762448305
19737643263.002552	28308.806578133368
20104964162.604927	28675.439816998398
20479120966.650833	29037.99651139958
20860240892.485046	29407.300447574755
21248453524.988873	29783.47719284143
21643890860.6402	30166.654651346144
22046687352.394028	30556.96310755357
22456979955.397717	30954.53527054442
22874908173.55704	31359.506319137807
23300614106.96929	31772.01394785376
23734242500.23866	32192.19841373067
24175940791.69123	32620.202584014438
24625859163.505444	33056.17198473476
25084150592.775414	33500.25485018528
25550970903.525124	33933.59937510859
26026478819.690044	34373.453496527385
26510836019.085308	34821.493377989595
27004207188.377697	35277.87135788257
27506760079.080673	35742.7426096368
28018665564.59201	36216.265194486805
28540097698.292374	36698.600115213456
29071233772.725693	37189.911370887
29612254379.880314	37690.36601262828
30163343472.591972	38200.13420040771
30724688427.090096	38719.38926090182
31296480106.707504	39248.30774642597
31878912926.77636	39777.18749079731
32472184920.731255	40303.08664056168
33076497807.442425	40838.772862988044
33692057059.802742	41384.428297163984
34319071974.590427	41940.23847181634
34957755743.632645	42506.3923683934
35608325526.29274	43083.082485320345
36271002523.30648	43670.50490345058
36946012051.993095	44268.85935273565
37633583622.865326	44878.34928013537
38333951017.6659	45499.181918792354
39047352368.85556	46131.56835849326
39774030240.58036	46775.723617441334
40514231711.14655	47408.353732656964
41268208457.02952	48051.508228685205
42036216838.44701	48706.63193932111
42818517986.52406	49373.9476136853
43615377892.080055	50053.68214629717
44427067496.06892	50746.06665422183
45253862781.70167	51451.33655565218
46096044868.284195	52169.73164995404
46953900106.80053	52901.49619920023
47827720177.27485	53646.87901122201
48717802187.94641	54406.13352420685
49624448776.28914	55179.51789286986
50547968211.912254	55955.15191513696
51488674501.37487	56730.97756771743
52446887494.95119	57521.24146770379
53422932995.38363	58326.21231333703
54417142868.658875	59146.16380337792
55429855156.84652	59981.374730168114
56461414193.036606	60832.12907442219
57512170718.41614	61698.716101783786
58582482001.525475	62581.43046117952
59672711959.7331	63480.57228500255
60783231282.972115	64396.447291161276
61914417559.77835	65329.36688702643
63066655405.67406	66279.64827531247
64240336593.94204	67221.41145603688
65435860188.83229	68180.02292253508
66653632681.24893	69156.47431153827
67894068126.96099	70151.09762704007
69157588287.38525	71164.23105168446
70444622772.99051	72196.21906175218
71755609189.36922	73247.41254428598
73090993286.02888	74318.16891639656
74451229107.95128	75408.85224678797
75836779149.97191	76519.83337954424
77248114514.03416	77651.49006022121
78685715069.36842	78804.20706428343
80150069615.6538	79966.32198851035
81641676049.21454	81137.27417783554
83161041532.30962	82330.0179866486
84708682665.57419	83544.95896069614
86285125663.66887	84782.51019299991
87890906534.19963	86043.09246431386
89526571259.96382	87327.1343861923
91192675984.59299	88635.07254672456
92889787201.64516	89967.35165897784
94618481947.21991	91324.42471220512
96379347996.15794	92706.75312586733
98172984061.88821	94114.80690651896
100000000000.0	95549.06480761756
