# Frequency (Hz)	Real Part (Ohm)
1000.0	1014884551.9669285
1018.6101701559753	1002848404.5045984
1037.566678745186	990588262.2899711
1056.875971184804	978099956.742594
1076.544612842316	965379241.7040195
1096.5792912678098	952421791.9940726
1116.9868184678226	939223201.9402355
1137.7741332214914	925778983.8796773
1158.9483034398106	912084566.6333984
1180.5165285688056	898135293.9519787
1202.4861420374123	883926422.9324067
1224.8646137509306	869453122.405436
1247.6595526308697	854710471.292939
1270.8787092020582	842674973.7043746
1294.529978227916	833277836.7719612
1318.6214013947485	823705817.5222571
1343.1611700460153	813955661.3655798
1368.1576279674719	804024053.1437789
1393.6192742241421	793907616.0030483
1419.5547660501015	783602910.2457559
1445.9729217920196	773106432.1609136
1472.8827239075017	762414612.8328742
1500.2933220192183	751523816.9278619
1528.2140360258693	740430341.4579242
1556.654359271062	729130414.5218692
1585.6239617711371	717735258.1692377
1615.1326935030913	710657147.1335855
1645.1905877536624	703447311.2471774
1675.8078645307671	696103299.0881267
1706.994934038408	688622613.6131679
1738.7624002162504	681002711.3086373
1771.1210643450886	673241001.3256469
1804.0819287193829	665334844.5991722
1837.6562003881704	657281552.9507382
1871.8552949655793	649078388.1744105
1906.690840512252	640722561.1057783
1942.1746814890264	632211230.6736046
1978.3188827841643	623541502.9338348
2015.1357338155585	616636006.3872117
2052.6377527092523	611274232.3689091
2090.83769055575	605812674.8237882
2129.748535745521	600249476.7634355
2169.3835183851843	594582746.6405685
2209.756114795903	588810557.7058866
2250.880052095462	582930947.3529582
2292.7693128656488	576941916.4509112
2335.438139906479	570841428.6647071
2378.9010410788933	564627409.7627677
2423.1727942376006	558297746.9117105
2468.2684522556924	551850287.9579654
2514.2033481427966	545415532.2836648
2560.9931002584594	541405546.8549294
2608.6536176225477	537320934.9150428
2657.201105324507	533160307.6519332
2706.652070033241	528922250.4075019
2757.0233256095826	524605322.19662094
2808.3319988231724	520208055.2171841
2860.595535175742	515728954.35103905
2913.8317048327885	511166496.6556289
2968.058608665602	506519130.846178
3023.2946844057765	501785276.76823616
3079.5587129142264	496963324.8604099
3136.8698245668766	492051635.6070955
3195.2475057592137	488103526.4474934
3254.711605531848	484910086.6876442
3315.282342319423	481657216.4704814
3376.9803108250912	478343809.78508186
3439.8264890229248	474968740.0374712
3503.8422452906757	471530859.6675689
3569.0493456752297	468028999.7590072
3635.4699612933177	464461969.6416847
3703.126675869927	460828556.48692715
3772.0424934169973	457127524.8951128
3842.240846055061	453357616.47562194
3913.745601980384	449517549.4189722
3986.581073580439	445699474.8572558
4060.7720257003652	442973670.04174757
4136.343684063274	440197137.53481084
4213.321743847289	437368933.2854762
4291.732378422157	434488095.6738258
4371.602248248502	431553645.1840309
4452.958509942656	428564584.07130635
4535.828825510186	425519896.02266765
4620.241371751313	422418545.81137174
4706.224849841282	419259478.94493043
4793.808495089107	416041621.30657065
4883.02208687788	412763878.790023
4973.895958790063	409425136.92751527
5066.461008921268	406526293.99736166
5160.7487103859075	403929258.72566193
5256.791122018419	401283892.18565476
5354.620899273607	398589294.92421293
5454.271305329837	395844550.7492339
5555.7762223988775	393048726.418124
5659.170163246243	390200871.32048595
5764.488282925873	387300017.15490127
5871.766390733255	384345177.5996973
5981.040962380944	381335347.9775873
6092.349152400711	378269504.91406953
6205.7288067765	375146605.98946816
6321.218475812449	372035327.8886129
6438.857427240419	369499615.1807647
6558.685659571435	366916712.4279568
6680.743915695614	364285741.4154229
6805.073696735207	361605807.5846703
6931.7172761554075	358875999.72932047
7060.717714137772	356095389.6852897
7192.118872221193	353263032.01520187
7325.9654282152305	350377963.6869313
7462.302891391108	347439203.74616003
7601.17761795533	344445752.9828432
7742.63682681127	341396593.59146774
7886.728615614156	338290688.8249859
8033.501977124734	335568232.198716
8183.006815867389	333076852.81192476
8335.293965098195	330539108.43082213
8490.415204088747	327954136.194975
8648.423275731726	325321057.1859701
8809.37190447399	322638976.1285737
8973.31581458352	319906981.086327
9140.310748756232	317124143.15147865
9310.413487069076	314289516.12914646
9483.681866285928	311402136.2155998
9660.174799522645	308461021.67055714
9839.952296278227	305465172.48338306
10023.075482838643	302511911.58547026
10209.606623060476	300198464.25613356
10399.609139541202	297841963.27835125
10593.147635183701	295441607.41639966
10790.287915161836	292996580.52342224
10991.097009294961	290506051.2639307
11195.643194838794	287969172.8311412
11403.996019700331	285385082.65905267
11616.226326085018	282752902.1291633
11832.40627458378	280071736.27173144
12052.609368708414	277340673.4614763
12276.910479883603	274558785.1076154
12505.385872903913	271725125.3381346
12738.113231864785	269357708.4528529
12975.171686575868	267244070.6046484
13216.641839466038	265091097.59644076
13462.60579298911	262898057.39420882
13713.147177539457	260664204.3406547
13968.351179887397	258388778.90167052
14228.30457214352	256071007.4080896
14493.095741262152	253710101.79263052
14762.81471909391	251305259.3219452
15037.553212997384	248855662.32368243
15317.404637020798	246360477.9084684
15602.46414366368	243818857.6867167
15892.828656229764	241344651.87660265
16188.596901781992	239480475.86555502
16489.86944471065	237581607.22174132
16796.74872092653	235647400.30936235
17109.339072690134	233677197.47722718
17427.746784089173	231670328.8351442
17752.08011717636	229626112.02615112
18082.44934877952	227543851.99450722
18418.96680799711	225422840.74936542
18761.746914391195	223262357.12404877
19110.90621689136	221061666.53084582
19466.563433422634	218820020.71124247
19828.839491270715	216536657.4815071
20197.857568198782	214664418.93346086
20573.743134329117	212990565.5293606
20956.623994804308	211285561.42859387
21346.630333242454	209548826.911395
21743.8947560008	207779771.4693156
22148.552337263594	205977793.60444364
22560.74066496859	204142280.62488917
22980.599887588487	202272608.4364617
23408.272761782944	200368141.33047146
23843.904700937204	198428231.76758248
24287.643824604504	196452220.15764093
24739.641008868115	194439434.63540822
25200.049937640895	192494066.12773883
25669.02715491952	191011489.91067562
26146.73211801092	189501322.69794384
26633.327251749808	187963051.0164191
27128.978003724646	186396151.8371551
27633.85290053167	184800092.3975477
28148.123605075813	183174330.02019003
28671.9649749377	181518311.9283567
29205.555121827452	179831475.058053
29749.075472144435	178113245.86656734
30302.71082866393	176363040.1374616
30866.649433372746	174580262.7819288
31441.083031472648	172764307.63645956
32026.206936576502	171282648.45586732
32622.220097116733	169942278.32377863
33229.325163989684	168576963.67546004
33847.72855945983	167186240.2892195
34477.64054734464	165769635.30412126
35119.275304507275	164326667.0592066
35772.850993678774	162856844.9297242
36438.58983763541	161359669.16031346
37116.71819475767	159834630.69508025
37807.46663599349	158281211.00451478
38511.07002325569	156698881.9091843
39227.76758927724	155087105.40014672
39957.803018952654	153540953.3592106
40701.42453219439	152352052.80563676
41458.88496832911	151141026.61046246
42230.44187206672	149907463.01173267
43016.357581068	148650942.58453214
43816.89931514195	147371038.0983771
44632.33926710398	146067314.3719513
45462.95469532399	144739328.1251404
46309.02801799737	143386627.82831144
47170.84690917022	142008753.54878837
48048.70439655134	140605236.79447
48942.898961145314	139175600.35453698
49853.73463873893	137719358.13719565
50781.5211232767	136542964.43689364
51726.57387216025	135469681.09542394
52689.21421350677	134376423.76834399
53669.76945540476	133262820.73638283
54668.57299720181	132128493.36251067
55685.96444286409	130973055.96319818
56722.28971644549	129796115.67727973
57777.90117970507	128597272.33237709
58853.15775191451	127376118.30883543
59948.42503189409	126132238.40112902
61064.07542232036	124865209.67668658
62200.48825634718	123574601.33208965
63358.04992658254	122346350.36851792
64537.15401646702	121395516.09071878
65738.20143409586	120426986.62521966
66961.60054853215	119440432.66156656
68207.76732865692	118435518.7607817
69477.1254846024	117411903.24131122
70770.10661181889	116369238.0628491
72087.15033782135	115307168.7080001
73428.70447166757	114225334.06173994
74795.2251562183	113123366.28863208
76187.17702322999	112000890.70776044
77605.0333513357	110857525.66533281
79049.2762269642	109692882.40491523
80520.3967082547	108761037.64864646
82018.89499202212	107903264.45349605
83545.28058382872	107029527.95322877
85100.07247122246	106139531.06802002
86683.79930019774	105232971.18933925
88296.99955494083	104309540.07705964
89940.22174092053	103368923.7546531
91614.0245713852	102410802.40243517
93318.97715733238	101434850.2488224
95055.6592010119	100440735.4595668
96824.66119303113	99428120.0249286
98626.5846131283	98396659.64474909
100462.04213468131	97422799.909708
102331.6578330245	96663340.92724894
104236.06739764012	95889748.28389984
106175.9183482999	95101758.9498266
108151.87025522892	94299105.0001651
110164.59496336569	93481513.5239241
112214.77682079803	92648706.53119218
114303.11291144787	91800400.85861844
116430.31329208757	90936308.0731338
118597.10123376705	90056134.37388067
120804.21346773289	89159580.4923177
123052.40043592616	88246341.59046486
125342.42654613995	87316107.15725547
127675.07043192645	86578943.05649868
130051.12521734099	85894195.49466531
132471.39878661174	85196704.66419242
134936.71405883064	84486233.41068219
137447.90926775365	83762540.16625321
140005.8382468096	83025378.86740467
142611.37071941298	82274498.87135209
145265.39259467812	81509644.87080632
147968.80626863963	80730556.8071659
150722.53093107554	79936969.78209469
153527.5028780421	79128613.96745329
156384.6758302248	78305214.51355477
159295.0212572123	77533993.20049188
162259.5287078087	76928027.83361958
165279.2061464897	76310785.34816107
168355.08029612005	75682055.87502083
171488.19698705408	75041625.63940324
174679.62151272458	74389276.88812785
177930.43899185772	73724787.81559017
181241.75473742394	73047932.48834571
184614.69463245457	72358480.7682904
188050.40551285836	71656198.23441038
191550.05555735278	70940846.10307737
195114.83468466165	70212181.14685878
198745.9549580986	69469955.61181822
202444.65099768018	68887428.696488
206212.18039991445	68341314.67478986
210049.82416539153	67785037.37822343
213958.88713434216	67218407.666514
217940.6984302958	66641232.87945414
221996.61191199525	66053316.77139749
226128.00663372796	65454459.44453234
230336.28731421314	64844457.28091514
234622.88481422624	64223102.87323751
238989.25662310526	63590184.95430577
243436.8873543108	62945488.32520809
247967.289250216	62288793.78214377
252582.00269627848	61678649.99659017
257282.5967447932	61195556.82163944
262070.66964838552	60703473.200501636
266947.8494034318	60202231.819443606
271915.7943036019	59691662.250994734
276976.1935036891	59171590.89600065
282130.76759394706	58641840.92459686
287381.2691851069	58102232.21608508
292729.4835042813	57552581.29769035
298177.22900196735	56992701.2821778
303726.35797033116	56422401.80430968
309378.7571730137	55841488.956118576
315136.34848664823	55249765.22097678
321001.08955431683	54789837.395279825
326974.9744511768	54354610.870984636
333060.03436245886	53911284.707015984
339258.33827409917	53459708.16770127
345571.9936762143	52999727.71215141
352003.14727966755	52531186.942055434
358553.9857459817	52053926.54850288
365226.7364308176	51567784.25781764
372023.6681413066	51072594.77638274
378947.09190746717	50568189.73443883
385999.3617679763	50054397.62883693
393182.87557057705	49531043.76472486
400500.07578736113	49048718.387502104
407953.4503452449	48663835.658795886
415545.53347188793	48271790.197018296
423278.90655735444	47872448.702488236
431156.19903182285	47465675.39479454
439180.0892596086	47051331.966629796
447353.3054498463	46629277.53676391
455678.6265841069	46199368.602143064
464158.8833612772	45761458.989097476
472796.9591600391	45315399.80364005
481595.7910192351	44861039.38084169
490558.37063650455	44398223.233262904
499687.7453854889	43926793.99842669
508987.01935196744	43563919.79132971
518459.3543892913	43217268.289453745
528107.971193433	42864165.54414308
537936.1503980698	42504491.49665964
547947.2336900292	42138123.853951804
558144.6249454955	41764938.04707362
568531.7913873753	41384807.18882954
579112.2647641759	40997602.03063206
589889.6425508494	40603190.91855524
600867.5891719693	40201439.74857122
612049.837247669	39792211.920953535
623440.1888627864	39375368.29383122
635042.5168595962	38994329.73285122
646860.7661546321	38687851.606883734
658898.9550799957	38375669.870842874
671161.1767496273	38057678.379574776
683651.6004510239	37733769.01254595
696374.4730628222	37403831.637081645
709334.1204987989	37067754.070919126
722534.9491787221	36725422.044064686
735981.4475265756	36376719.15994071
749678.1874966876	36021526.85580924
763629.8261282241	35659724.36245983
777841.1071286482	35291188.66314633
792316.8624866261	34915794.45176001
807062.014114949	34629659.41992899
822081.5755240541	34353684.78227729
837380.653526649	34072574.20966022
852964.4499741016	33786232.12145408
868838.2635251193	33494561.15826359
885007.4914473438	33197462.14881859
901477.6314524917	32894834.07625465
918254.2835656282	32586574.04376632
935343.1520292377	32272577.23962109
952750.04724273	31952736.901522253
970480.8877380306	31626944.280308694
988541.7021919574	31295088.60297878
1006938.6314760271	30994224.134205278
1025677.9307444209	30750279.661145583
1044765.9715608052	30501795.339933608
1064209.2440647245	30248686.68322282
1084014.359178331	29990867.63134269
1104188.0508541602	29728250.523037624
1124737.1783647507	29460746.065661125
1145668.7286348727	29188263.30481533
1166989.8186171474	28910709.593425665
1188707.6977119034	28627990.56023961
1210829.7502320395	28340010.07773963
1233363.4979137748	28046670.229458734
1256316.6024741214	27747871.276687764
1279696.8682159416	27522354.746709723
1303512.244681509	27302727.96394177
1327770.8293554292	27079013.889375705
1352480.870417874	26851136.45781567
1377650.769549055	26619018.188479573
1403289.084785873	26382580.158654846
1429404.533431761	26141741.976863742
1456005.9950206485	25896421.75552944
1483102.5143361029	25646536.083133414
1510703.3044866556	25391999.99585453
1538817.7500383463	25132726.948680572
1567455.410205595	24868628.785981853
1596626.022101425	24631170.6093658
1626339.5040481905	24437064.162244078
1656605.9589499151	24239345.361113023
1687435.6777273756	24037946.9794499
1718839.1428171457	23832800.53963489
1750827.0317357269	23623836.289668012
1783410.2207100063	23410983.17945278
1816599.7883753285	23194168.836638164
1850407.019542302	22973319.54201154
1884843.4090337954	22748360.204433087
1919920.6655932867	22519214.335304093
1955650.715865947	22285804.022560123
1992045.7084538713	22048049.90417978
2029118.018046678	21870380.50256883
2066880.2496290822	21695647.683139425
2105345.242766708	21517663.056208577
2144526.0759716653	21336366.105085444
2184436.0711494284	21151695.186853107
2225088.7981283693	20963587.51140963
2266498.079273693	20771979.1201185
2308677.994187172	20576804.86406211
2351642.884494346	20377998.38189049
2395407.3587208795	20175492.077257495
2439986.29725955	19969217.095837653
2485394.8574297987	19759103.301914662
2531648.478631358	19571754.859185457
2578762.8875937983	19417344.70386845
2626754.1037238385	19260060.949287143
2675638.4445520453	19099850.117270328
2725432.531281028	18936657.734408848
2776153.294436804	18770428.313534144
2827817.979625338	18601105.334852066
2880444.1533962977	18428631.22672536
2934049.7092157872	18252947.346098933
2988652.8735503824	18073993.95856039
3044272.212064306	17891710.21802974
3100926.6359319235	17706034.146071196
3158635.408267819	17516902.610819563
3217418.1506763715	17376975.80903923
3277294.849923382	17237992.424715653
3338285.8647317644	17096422.535960943
3400411.9327037027	16952218.007487576
3463694.1773717343	16805329.80820203
3528154.115380883	16655707.994533883
3593813.6638046256	16503301.69345433
3660695.147596906	16348059.08517883
3728821.30718283	16189927.385547895
3798215.306190736	16028852.828079745
3868900.7393279755	15864780.645689325
3940901.6404034477	15697655.052066762
4014242.490499326	15549885.383086547
4088948.226294856	15427078.709126735
4165044.248545185	15301986.582068216
4242556.430717777	15174566.469239976
4321511.127789762	15044775.04643071
4401935.185208879	14912568.183158165
4483855.948021182	14777900.92766436
4567301.270168747	14640727.491631344
4652299.523960189	14501001.234612888
4738879.609717651	14358674.648176065
4827070.965603188	14213699.339747913
4916903.577628021	14066026.016161535
5008407.989848212	13915604.46689568
5101615.314749834	13805434.203162394
5196557.243827658	13694906.465532502
5293266.058360566	13582321.787898352
5391774.640387494	13467641.890256496
5492116.483887789	13350827.780206032
5594325.706169377	13231839.739690924
5698437.059469136	13110637.311495302
5804485.942768984	12987179.28548763
5912508.413831869	12861423.684608862
6022541.201461928	12733327.750599643
6134621.717992506	12602847.92946224
6248788.072006888	12469939.856651548
6365079.081295578	12353416.534866784
6483534.286054714	12255761.025774611
6604193.962330305	12156288.131041542
6727099.135712337	12054964.028811594
6852291.595284058	11951754.267798247
6979813.907830667	11846623.75557067
7109709.432312424	11739536.74662198
7242022.334607315	11630456.830215234
7376797.602527731	11519346.918003572
7514081.061116962	11406169.231419634
7653919.388230155	11290885.288830498
7796360.130405221	11173455.892453551
7941451.71902934	11053841.115028689
8089243.486805938	10967121.03968586
8239785.684528511	10879235.767630903
8393129.498166373	10789714.935708785
8549327.066268368	10698528.105872111
8708431.497690724	10605644.273616178
8870496.889654404	10511031.857437229
9035578.34613892	10414658.688094322
9203731.99661823	10316491.997671464
9375015.015145289	10216498.408436198
9549485.639791965	10114643.921490757
9727203.192450536	10010893.90521211
9908228.099003788	9905213.083476834
10092621.909870485	9813348.39919448
10280447.320933098	9735703.15704143
10471768.194855202	9656612.923720112
10666649.582795387	9576050.807699006
10865157.746525373	9493989.416990623
11067360.180959744	9410400.84983791
11273325.63710487	9325256.685227403
11483124.145435112	9238527.973225705
11696827.039703846	9150185.225136247
11914506.981197748	9060198.403472796
12136237.983442418	8968536.911746385
12362095.43736769	8875169.584062202
12592156.13694151	8780414.865727445
12826498.3052806	8711818.301452143
13065201.621247198	8641945.143443564
13308347.24654076	8570771.634075101
13556017.853293689	8498273.5735867
13808297.652180923	8424426.311856633
14065272.421052365	8349204.740020214
14327029.534098294	8272583.281932522
14593657.991557576	8194535.885472209
14865248.449978571	8115036.013683547
15141893.25304352	8034056.635753522
15423686.462966274	7951570.217821091
15710723.89247449	7867548.713615383
16003103.137387017	7795137.67015285
16300923.60979741	7733408.869965985
16604286.571875297	7670531.28630412
16913295.17029647	7606483.540111311
17228054.471313924	7541243.854463746
17548671.49648152	7474790.047165351
17875255.259042356	7407099.523205627
18207916.800994623	7338149.267077066
18546769.230846975	7267915.834949654
18891927.762076642	7196375.346699715
19243509.75230332	7123503.47779039
19601634.743191857	7049275.45100109
19966424.501097932	6974501.139235765
20338003.0584698	6919968.519618665
20716496.75602067	6864421.038671439
21102034.285685964	6807839.809652043
21494746.734379806	6750205.594332967
21894767.628566206	6691498.796459998
22302232.979659364	6631699.455089301
22717281.330269028	6570787.237800479
23140053.801306542	6508741.433783328
23570694.139967278	6445540.94679596
24009348.768606517	6381164.287991818
24456166.83452444	6315589.568613255
24911300.26067791	6248794.492549123
25374903.797335718	6191726.687606675
25847135.07469564	6142655.693808211
26328154.6564802	6092671.480465436
26818126.094530128	6041757.05240724
27317215.98441379	5989895.09817948
27825594.022071257	5937067.984158927
28343433.061513092	5883257.748557602
28870909.173592348	5828446.095315602
29408201.705870606	5772614.38788024
29955493.34359816	5715743.642869398
30512970.17182871	5657814.523617016
31080821.738690637	5598807.33359836
31659241.119835205	5539808.29054439
32248424.98408439	5496459.382973288
32848573.66030047	5452303.7448562095
33459891.20549975	5407326.362800429
34082585.47423452	5361511.944011422
34716868.189265594	5314844.911093154
35362955.01355039	5267309.396751601
36021065.62357074	5218889.238399696
36691423.78402494	5169567.972661888
37374257.42391064	5119328.829776392
38069798.71402284	5068154.727893305
38778284.145894535	5016028.267266596
39499954.61220647	4962931.7243379885
40235055.48869293	4917962.535099907
40983836.717572615	4878956.388818235
41746552.89253135	4839224.331517134
42523463.34528678	4798752.853869012
43314832.23376403	4757528.1951353885
44120928.631911896	4715536.338488117
44942026.62119142	4672763.006243474
45778405.38376617	4629193.655007619
46630349.29742727	4584813.47073168
47498148.03228505	4539607.363674807
48382096.649259575	4493559.963273523
49282495.700405136	4446655.612915529
50199651.33110079	4400109.288005388
51133875.38414321	4365652.5551579045
52085485.50577665	4330554.576649105
53054805.25369574	4294803.41878813
54042164.20705915	4258386.925796091
55047898.078549676	4221292.715672985
56072348.82852027	4183508.175987686
57115864.78126435	4145020.459589574
58178800.74344935	4105816.480240383
59261518.124755524	4065882.9081647126
60364385.060758635	4025206.1655177777
61487776.53810017	3983772.421768792
62632074.521986924	3941567.588998434
63797668.086062826	3906136.700203314
64984953.54469889	3875132.6876161033
66194334.58774388	3843551.685079126
67426222.41778335	3811382.95471124
68681035.88995308	3778615.5587975015
69959201.65435374	3745238.356070244
71261154.30111745	3711239.9979209024
72587336.50817245	3676608.9245413784
73938199.19175874	3641333.360993572
75314201.65974376	3605401.3132057977
76715811.76779303	3568800.563894639
78143506.07844542	3531518.6684109643
79597770.02314977	3494800.672671224
81079098.06731695	3467413.39075088
82587993.87844272	3439516.426853891
84124970.49736118	3411100.295711945
85690550.51268348	3382155.3355342713
87285266.23848371	3352671.704722534
88909659.89529167	3322639.378524571
90564283.79445294	3292048.145625888
92249700.52592175	3260887.604677678
93966483.1495469	3229147.1607602714
95715215.38991855	3196816.021780735
97496491.83484097	3163883.1948034484
99310918.137498	3130337.4823124013
101159111.22238298	3102425.1428458947
103041699.49505854	3077782.7110468834
104959323.05582266	3052681.67939903
106912633.91734771	3027113.513281118
108902296.22637327	3001069.519241177
110928986.48952228	2974540.8420406166
112993393.80332194	2947518.4616433405
115096220.0885031	2919993.1901488467
117238180.32865998	2891955.6686682496
119420002.8133535	2863396.364142148
121642429.3857368	2834305.5660992847
123906215.69479132	2804673.383354871
126212131.45225461	2775711.3190705883
128560960.69432965	2753943.941249798
130953502.04826704	2731771.4688239135
133390569.00390586	2709186.3629134097
135872990.19027063	2686180.9443389205
138401609.65731302	2662747.391010246
140977287.16289678	2638877.7352667646
143600898.46512637	2614563.861168334
146273335.620113	2589797.501735785
148995507.28528506	2564570.2361400523
151768339.02834037	2538873.486839008
154592773.64194787	2512698.516661015
157469771.464309	2486036.425834182
160400310.70568198	2464049.71616049
163385387.7809857	2444464.299455421
166426017.64859018	2424514.3948128903
169523234.15541214	2404193.2190503674
172678090.38843596	2383493.8627491333
175891659.03277326	2362409.2879050192
179165032.73638958	2340932.32553539
182499324.48161504	2319055.6732416237
185895667.96356884	2296771.8927262267
189355217.9756299	2274073.4072637204
192879150.80207777	2250952.499124479
196468664.61804405	2227401.306950605
200124979.89690349	2204559.0245096353
203849339.82524642	2187258.9568075337
207643010.7255779	2169636.9319017865
211507282.48687947	2151686.958114054
215443469.00318778	2133402.9322598367
219452908.62033114	2114778.6375733325
223536964.59097967	2095807.741593677
227697025.53816846	2076483.7940118287
231934505.92744276	2056800.2244774017
236250846.54779404	2036750.3403646618
240647515.00154218	2016327.3244969717
245126006.20333397	1995524.2328288858
249687842.8884332	1974333.9920850864
254334576.13046482	1957016.8850883583
259067785.8688001	1941451.2406842008
263889081.44575077	1925595.916989091
268800102.15376073	1909445.5230221371
273802517.7927863	1892994.567475372
278898029.23804396	1876237.456846657
284088369.01832956	1859168.4935378188
289375301.90509474	1841781.8739174139
294760625.51248586	1824071.6863474355
300246170.90855557	1806031.9091732858
305833803.23784316	1787656.408676353
311525422.35554785	1768938.9369884715
317322963.47349733	1750924.9452518662
323228397.81813806	1737175.83276621
329243733.30077755	1723170.8469577027
335371015.2002929	1708905.2259802697
341612326.8585518	1694374.1193690663
347969790.3887688	1679572.5863912706
354445567.3970436	1664495.5943661886
361041859.71733445	1649138.0169540797
367760910.1601031	1633494.6324131514
374605003.2748982	1617560.121824101
381576466.1271244	1601329.0672816327
388677669.0892668	1584795.950052318
395911026.64684665	1567955.1486981572
403278998.21937054	1554317.449549129
410784088.99656343	1541946.9778882836
418428850.7901576	1529346.2896449168
426215882.9015325	1516511.100449259
434147833.00551015	1503437.0461986854
442227398.0505897	1490119.6815738834
450457325.17594445	1476554.4785273848
458840412.6454752	1462736.8247439873
467379510.7992464	1448662.0220725245
476077523.0226378	1434325.2849284338
484937406.7335233	1419721.7386666134
493962174.38783056	1404846.41792398
503154894.5038046	1390641.4533593552
512518692.7053333	1379714.842434608
522056752.7846986	1368584.8854213222
531772317.78509665	1357247.7980141935
541668691.1033136	1345699.725481345
551749237.6129117	1333936.741353684
562017384.8083189	1321954.846089865
572476623.970219	1309749.9657163958
583130511.3526219	1297317.9504424452
593982669.3920338	1284654.5732488649
605036787.9391212	1271755.5284509598
616296625.5132942	1258616.430234516
627766010.5806513	1245232.8111645686
639448842.8556937	1234494.0354608067
651349094.6272783	1224663.2608718218
663470812.1092337	1214649.5338949685
675818116.816111	1204449.4497551804
688395206.964551	1194059.5403139456
701206358.9007177	1183476.2728901068
714255928.5543104	1172696.049058704
727548352.9196218	1161715.2034274768
741088151.564157	1150530.002390596
754879928.1653447	1139136.64285919
768928372.0758306	1127531.250968259
783238259.9179205	1115709.8807595086
797814457.2076613	1104509.6540763893
812661920.0091945	1095826.5285021076
827785696.619849	1086981.8084834025
843190929.2866251	1077972.4867201697
858882855.9546258	1068795.499945931
874866812.0479896	1059447.7278863066
891148232.2840202	1049925.9921980712
907732652.5210242	1040227.0553884975
924625711.6405734	1030347.6197145678
941833153.4647961	1020284.3260616991
959360828.7093127	1010033.7528016231
977214696.9725724	999592.4146289787
995400828.7621539	988956.7613762851
1013925407.5588143	980501.83152541
1032794731.9189525	972689.7770806969
1052015217.6161569	964732.3389735015
1071593399.8226712	956626.8115891237
1091535935.3313932	948370.4389609188
1111849604.81927	939960.4138332338
1132541315.1528127	931393.8767069045
1153618101.7364762	922667.9148670088
1175087130.9048076	913779.561392496
1196955702.3590453	904725.7941474163
1219231251.6491094	895503.534753355
1241921352.7017846	886109.6475427455
1265033720.3959012	877279.6104562598
1288576213.185518	870379.7965819307
1312556835.7718453	863351.5759973555
1336983741.8249452	856192.5590318093
1361865236.7560828	848900.3115423833
1387209780.541618	841472.3540863612
1413025990.5995336	833906.1610781695
1439322644.7194095	826199.1599306623
1466108684.046983	818348.7301804094
1493393216.1242533	810352.2025967052
1521185517.9861016	802206.8582740129
1549495039.3146317	793909.9277074946
1578331405.6521196	785458.5898513609
1607704421.673822	778802.8862839128
1637624074.521689	772595.5409983209
1668100537.2000558	766272.6759607486
1699144172.034626	759832.1413289523
1730765534.1957276	753271.7472517629
1762975375.287204	746589.2631245082
1795784647.002097	739782.4168305793
1829204504.84629	732848.8939688962
1863246311.9315598	725786.3370669752
1897921642.8391035	718592.3447793734
1933242287.5550432	711264.4710712001
1969220255.4791734	703800.2243864345
2005867779.50823	696839.8517953696
2043197320.1952705	691357.6975730697
2081221569.9863415	685773.5195278716
2119953457.536069	680085.4189790724
2159406152.1035676	674291.4619111944
2199593068.0300703	668389.6783164081
2240527869.3000183	662378.0615246977
2282224474.186901	656254.567521581
2324697059.9856453	650017.1142531186
2367960067.833079	643663.5809179889
2412028207.618002	637191.8072464023
2456916462.98279	630599.5927655748
2502640096.417922	623884.6960515544
2549214654.4514203	618646.4977039928
2596655972.9348726	613714.9367395785
2644980182.4277143	608691.5985864832
2694203713.6818824	603574.7752556064
2744343303.2283683	598362.7269718839
2795415999.067865	593053.6815827403
2847439166.467248	587645.8339555401
2900430493.8639855	582137.3453638202
2954407998.8803797	576526.3428621048
3009390034.449724	570810.9186490868
3065395295.056536	564989.129418951
3122442823.092858	559058.9957006315
3180552015.3329134	553573.6008051005
3239742629.5281954	549218.6586383457
3300034791.1252885	544782.6702568483
3361449000.1087756	540264.1273767613
3424006137.9714255	535661.4936448197
3487727474.8141704	530973.2041159611
3552634676.5781393	526197.6647212289
3618749812.411284	521333.25172577426
3686095362.172169	516378.3111767651
3754694224.0733366	511331.1583410274
3824569722.4669914	506190.07713221334
3895745615.7755013	500953.3195273164
3968246104.569486	495619.1049723267
4042095839.7963185	491497.8864967018
4117319931.1616793	487580.90680248727
4193943955.6671777	483591.03144966584
4271993966.3067765	479526.90383762645
4351496500.925055	475387.1421191913
4432478591.24041	471170.33873077104
4514967772.036102	466875.0599137788
4598992090.5224285	462499.845227135
4684580115.873045	458043.20705070294
4771760948.93875	453503.63007948373
4860564232.142149	448879.570808394
4951020159.556352	444169.457007459
5043159487.171349	439847.9809696778
5137013543.351338	436389.69275486545
5232614239.486668	432867.0452079272
5329994080.844104	429278.8405907407
5429186177.618943	425623.8588750748
5530224256.192889	421900.8573277634
5633142670.601352	418108.5700881647
5737976414.21414	414245.7077377567
5844761131.63365	410310.95686171856
5953533130.81437	406302.9796023569
6064329395.40805	402220.41320421715
6177187597.338489	398061.8695507341
6292146109.610351	393825.93469225866
6409244019.35647	390585.3100571244
6528521141.127848	387475.68499244796
6650018030.431105	384308.1892761966
6773775997.517745	381081.7459256967
6899837121.430025	377795.2579154455
7028244264.308367	374447.60780410777
7159041085.964889	371037.6573545763
7292272058.728298	367564.2471469555
7427982482.564911	364026.1961843486
7566218500.481063	360422.30149130715
7707027114.212319	356751.3377048039
7850456200.20451	353012.05665759824
7996554525.89233	349609.61047661235
8145371766.280737	346865.2119812379
8296958520.834915	344069.7397628889
8451366330.684739	341222.24333089
8608647696.149244	338321.7545057737
8768856094.587408	335367.2870900865
8932045998.58096	332357.83653307246
9098272894.455568	329292.3795891163
9267593301.146902	326169.8739698274
9440064789.417603	322989.25798965123
9615746001.432076	319749.4502048831
9794696670.695385	316449.34904596716
9976977642.36321	313087.83244295174
10162650893.929974	310542.2128033623
10351779556.301762	308075.87337208603
10544427935.261663	305563.63494433137
10740661533.334324	303004.64333196316
10940547072.057436	300398.02845026104
11144152514.667904	297742.90402207937
11351547089.20999	295038.3672765046
11562801312.07373	292283.49864190153
11777987011.97118	289477.36143325054
11997177354.358856	286619.0015336655
12220446866.31491	283707.4470699823
12447871461.87906	280741.7080823121
12679528467.864313	278065.933911882
12915496650.148827	275890.9897826851
13155856240.457052	273675.5695731641
13400688963.639534	271418.92001657694
13650078065.460138	269120.2738277598
13904108340.90067	266778.8494422404
14162866162.991974	264393.8507504986
14426439512.18159	261964.46682728172
14694918006.248203	259489.8716558795
14968392930.772556	256969.223847271
15246957270.1757	254401.666354041
15530705739.334585	251786.32617897604
15819734815.786015	249122.31407823745
16114142772.530231	247126.5977813239
16414029711.444664	245174.2423884108
16719497597.319849	243185.55332943067
17030650292.528427	241159.8544286751
17347593592.339325	239096.45692669172
17670435260.889503	236994.65924609703
17999285067.824764	234853.7467530335
18334254825.622852	232672.99151418498
18675458427.61074	230451.65204927255
19023011886.689457	228188.97307894385
19377033374.77993	225884.1852679689
19737643263.002556	223536.50496365895
20104964162.60493	221437.0824630403
20479120966.650833	219718.24691610545
20860240892.48505	217967.42354717196
21248453524.988873	216184.01705742956
21643890860.6402	214367.4210694562
22046687352.39403	212517.01792104193
22456979955.397717	210632.17845517816
22874908173.55704	208712.26180613798
23300614106.969296	206756.6151815738
23734242500.238663	204764.57364056207
24175940791.691235	202735.45986751426
24625859163.50544	200668.58394188376
25084150592.775414	198563.24310358596
25550970903.525124	197005.08774638394
26026478819.690044	195465.91781481358
26510836019.085308	193898.10366891773
27004207188.3777	192301.11223499343
27506760079.080673	190674.40051874623
28018665564.59201	189017.41542066485
28540097698.292374	187329.5935479627
29071233772.725693	185610.3610230166
29612254379.880314	183859.13328824312
30163343472.591972	182075.3149073437
30724688427.0901	180258.29936284834
31296480106.707504	178407.4688498943
31878912926.77636	176768.3685306455
32472184920.731255	175418.20643955306
33076497807.442425	174042.91760220725
33692057059.802742	172642.03440558485
34319071974.590427	171215.08053430493
34957755743.632645	169761.5708086758
35608325526.29274	168281.01101972902
36271002523.30648	166772.89776118382
36946012051.9931	165236.71825828264
37633583622.865326	163671.95019344267
38333951017.66589	162078.06152866135
39047352368.85556	160454.5103246185
39774030240.58037	158800.7445564114
40514231711.14655	157595.3086245785
41268208457.02952	156392.8887318105
42036216838.44701	155168.0916002392
42818517986.52407	153920.50078564254
43615377892.080055	152649.6920937012
44427067496.06892	151355.2334357671
45253862781.70167	150036.6846819493
46096044868.284195	148693.59751146397
46953900106.80053	147325.51526020133
47827720177.27486	145931.9727654553
48717802187.94641	144512.49620776248
49624448776.28913	143066.6029497989
50547968211.91225	141801.10562861408
51488674501.37487	140755.21010534218
52446887494.95119	139689.85028841687
53422932995.38363	138604.66394402116
54417142868.658875	137499.2820971056
55429855156.84652	136373.32890593162
56461414193.03661	135226.42153428195
57512170718.41614	134058.17002129275
58582482001.52548	132868.17714886187
59672711959.7331	131656.03830659087
60783231282.972115	130421.34135421256
61914417559.77835	129163.66648145918
63066655405.67406	127882.58606532293
64240336593.94204	126970.28090382698
65435860188.83229	126051.15776402174
66653632681.24893	125114.92958619041
67894068126.96098	124161.27804266463
69157588287.38525	123189.87888164431
70444622772.99051	122200.40181694804
71755609189.36922	121192.51041571252
73090993286.02888	120165.86198400131
74451229107.95128	119120.10745028534
75836779149.97191	118054.89124675555
77248114514.03416	116969.85118842515
78685715069.36844	115864.61834998343
80150069615.65381	114914.07052818938
81641676049.21455	114131.78035574756
83161041532.30962	113334.93163008524
84708682665.5742	112523.25341404977
86285125663.66887	111696.46972830215
87890906534.19963	110854.29945748043
89526571259.96382	109996.45625461859
91192675984.59299	109122.64844378416
92889787201.64517	108232.57892090645
94618481947.21992	107325.94505275757
96379347996.15796	106402.43857405304
98172984061.88821	105461.74548263989
100000000000.0	104503.54593273078
