# Frequency (Hz)	Imaginary Part (Ohm/m)
1000.0	42653208.14790158
1018.6101701559753	42572554.66644406
1037.566678745186	42490400.20997301
1056.875971184804	42406716.84508791
1076.5446128423157	42321476.118543066
1096.5792912678098	42234649.04757301
1116.9868184678226	42146206.1100381
1137.7741332214914	42056117.23438654
1158.9483034398106	41964351.789429925
1180.5165285688054	41870878.57392824
1202.4861420374123	41775665.80598109
1224.8646137509306	41678681.11222136
1247.6595526308697	41579891.516808264
1270.8787092020582	41489408.085358806
1294.529978227916	41406979.90754327
1318.6214013947485	41323017.72731298
1343.1611700460153	41237492.99662193
1368.1576279674719	41150376.636140116
1393.619274224142	41061639.02536643
1419.5547660501015	40971249.99255699
1445.9729217920194	40879178.8044667
1472.882723907502	40785394.15589962
1500.2933220192183	40689864.1590647
1528.2140360258693	40592556.33273367
1556.654359271062	40493437.591197096
1585.6239617711371	40392980.57050585
1615.132693503091	40310584.29106879
1645.1905877536624	40226654.602851205
1675.807864530767	40141162.968854725
1706.9949340384078	40054080.321002685
1738.7624002162504	39965377.05025649
1771.1210643450886	39875022.99654829
1804.0819287193826	39782987.43852634
1837.6562003881704	39689239.08310914
1871.8552949655793	39593746.05484582
1906.690840512252	39496475.88507782
1942.1746814890264	39397395.50089934
1978.3188827841643	39296471.21391216
2015.1357338155585	39204843.95041936
2052.6377527092523	39121216.44233624
2090.8376905557498	39036032.61209803
2129.748535745521	38949263.4962845
2169.3835183851843	38860879.59246142
2209.756114795903	38770850.84914917
2250.880052095462	38679146.6556049
2292.7693128656488	38585735.83141479
2335.438139906479	38490586.61589207
2378.9010410788933	38393666.657278284
2423.1727942376006	38294943.00174317
2468.2684522556924	38194382.08218013
2514.2033481427966	38093001.3290989
2560.9931002584594	38009899.99625043
2608.6536176225477	37925252.1334575
2657.2011053245064	37839028.95953464
2706.652070033241	37751201.157673694
2757.0233256095826	37661738.86547568
2808.3319988231724	37570611.66479733
2860.5955351757416	37477788.57140851
2913.831704832789	37383238.024457306
2968.0586086656026	37286927.87573899
3023.2946844057765	37188825.378765345
3079.5587129142264	37088897.17763024
3136.8698245668766	36987109.29566864
3195.2475057592133	36895447.263591625
3254.711605531848	36811514.958416775
3315.282342319423	36726020.65876104
3376.9803108250912	36638935.29564137
3439.8264890229243	36550229.25909594
3503.8422452906757	36459872.38811653
3569.0493456752292	36367833.96039342
3635.4699612933177	36274082.68186952
3703.126675869927	36178586.67609992
3772.0424934169973	36081313.47341375
3842.240846055061	35982229.99987397
3913.745601980384	35881302.56603197
3986.581073580439	35780103.25411388
4060.7720257003657	35697016.61884671
4136.343684063274	35612383.72715948
4213.321743847289	35526175.80295715
4291.732378422157	35438363.53461668
4371.602248248501	35348917.065020576
4452.958509942655	35257805.98140545
4535.828825510186	35164999.30502113
4620.241371751313	35070465.4805977
4706.224849841281	34974172.36561623
4793.808495089106	34876087.21938016
4883.02208687788	34776176.69188282
4973.895958790063	34674406.812468395
5066.461008921268	34583424.26112858
5160.7487103859075	34499734.837121926
5256.791122018419	34414487.93869424
5354.620899273607	34327654.58098157
5454.271305329836	34239205.23970663
5555.7762223988775	34149109.84114036
5659.170163246242	34057337.75187653
5764.488282925873	33963857.76841592
5871.766390733255	33868638.106556945
5981.040962380945	33771646.39058856
6092.349152400711	33672849.64228229
6205.7288067765	33572214.269679196
6321.218475812449	33471854.332476955
6438.8574272404185	33389140.463002034
6558.685659571435	33304887.274341937
6680.743915695614	33219066.119504683
6805.073696735206	33131647.81837292
6931.717276155407	33042602.64778236
7060.717714137772	32951900.33141553
7192.118872221193	32859510.029507592
7325.96542821523	32765400.328360368
7462.302891391108	32669539.229661476
7601.17761795533	32571894.13960445
7742.636826811269	32472431.85780658
7886.728615614156	32371118.566020332
8033.501977124735	32281101.101750206
8183.00681586739	32197824.790453594
8335.293965098195	32112998.692833815
8490.415204088747	32026593.967103653
8648.423275731726	31938581.234725364
8809.37190447399	31848930.57042163
8973.31581458352	31757611.492000617
9140.310748756232	31664592.949991688
9310.413487069076	31569843.317088313
9483.681866285926	31473330.37739439
9660.174799522645	31375021.31547051
9839.952296278227	31274882.705176365
10023.075482838643	31175544.898414284
10209.606623060476	31093182.146207407
10399.609139541202	31009286.609167457
10593.1476351837	30923829.76190786
10790.287915161836	30836782.548179787
10991.097009294961	30748115.370992627
11195.643194838794	30657798.082550734
11403.99601970033	30565799.974002946
11616.22632608502	30472089.76500104
11832.40627458378	30376635.593064267
12052.609368708414	30279405.002745636
12276.910479883603	30180364.93459682
12505.385872903913	30079481.7139275
12738.113231864783	29990285.93860913
12975.171686575868	29907214.998632167
13216.641839466038	29822598.09432721
13462.60579298911	29736406.455035087
13713.147177539455	29648610.774669692
13968.351179887397	29559181.201753724
14228.30457214352	29468087.329268847
14493.09574126215	29375298.184316844
14762.81471909391	29280782.217588644
15037.553212997384	29184507.292637184
15317.404637020798	29086440.67495064
15602.46414366368	28986549.020822313
15892.828656229764	28887953.694433372
16188.596901781993	28805569.46343398
16489.86944471065	28721652.047877524
16796.74872092653	28636172.914938513
17109.339072690134	28549103.00079073
17427.746784089173	28460412.700725168
17752.08011717636	28370071.859084208
18082.44934877952	28278049.75900828
18418.96680799711	28184315.111991826
18761.746914391195	28088836.047244895
19110.90621689136	27991580.100856688
19466.56343342263	27892514.2047575
19828.83949127071	27791604.67547527
20197.857568198782	27702729.090167616
20573.743134329114	27619352.308693826
20956.623994804308	27534423.871129733
21346.630333242454	27447914.900891494
21743.8947560008	27359795.983997107
22148.55233726359	27270037.159065362
22560.74066496859	27178607.907128625
22980.599887588487	27085477.141256113
23408.272761782944	26990613.19598396
23843.904700937208	26893983.81654863
24287.643824604504	26795556.14791994
24739.64100886812	26695296.723630015
25200.049937640895	26596812.12887754
25669.027154919517	26513817.023012545
26146.732118010917	26429277.364105318
26633.327251749808	26343164.40776086
27128.978003724646	26255448.874646228
27633.852900531667	26166100.940535028
28148.123605075813	26075090.226166893
28671.964974937695	25982385.78691836
29205.55512182745	25887956.102281205
29749.075472144435	25791769.06514517
30302.71082866393	25693791.970881265
30866.649433372742	25593991.50622168
31441.08303147265	25492333.737933148
32026.206936576502	25403124.28342671
32622.220097116733	25318833.22877926
33229.325163989684	25232973.50326221
33847.72855945983	25145515.913643733
34477.640547344636	25056430.723401017
35119.275304507275	24965687.64260953
35772.850993678774	24873255.817644015
36438.58983763541	24779103.820688073
37116.71819475767	24683199.63904825
37807.466635993485	24585510.664269444
38511.070023255685	24486003.681047652
39227.76758927723	24384644.855936375
39957.803018952654	24285559.17159528
40701.42453219439	24201421.520257127
41458.88496832911	24115718.052911043
42230.441872066716	24028419.629454687
43016.35758106799	23939496.56748346
43816.89931514194	23848918.632198162
44632.33926710397	23756655.026124828
45462.95469532399	23662674.37864329
46309.02801799736	23566944.73532071
47170.84690917023	23469433.547046937
48048.704396551344	23370107.658967283
48942.89896114532	23268933.299209584
49853.73463873894	23165876.067401372
50781.5211232767	23075876.527504344
51726.57387216024	22990300.802584935
52689.21421350677	22903132.49886356
53669.76945540476	22814341.978177715
54668.57299720181	22723899.05079369
55685.96444286408	22631772.965141628
56722.28971644549	22537932.39735978
57777.90117970507	22442345.440643974
58853.1577519145	22344979.594399
59948.42503189408	22245801.75318803
61064.07542232036	22144778.19547642
62200.48825634718	22041874.572166026
63358.04992658254	21941812.374215107
64537.15401646702	21856423.30179948
65738.20143409586	21769445.124216747
66961.60054853215	21680848.26794934
68207.76732865692	21590602.609111495
69477.1254846024	21498677.463206846
70770.10661181889	21405041.57469531
72087.15033782135	21309663.106365856
73428.70447166759	21212509.62851158
74795.22515621828	21113548.107903186
76187.17702322999	21012744.89655739
77605.0333513357	20910065.72029618
79049.2762269642	20805475.66709327
80520.39670825469	20714828.60645533
82018.8949920221	20628202.493895628
83545.28058382872	20539964.254641235
85100.07247122246	20450083.886740074
86683.79930019773	20358530.829898592
88296.99955494082	20265273.955090977
89940.22174092053	20170281.553974967
91614.0245713852	20073521.328110673
93318.9771573324	19974960.377978712
95055.65920101192	19874565.191794068
96824.66119303115	19772301.634111695
98626.5846131283	19668134.934220072
100462.04213468132	19567484.91692561
102331.65783302448	19481479.212998156
104236.06739764012	19393872.92828622
106175.9183482999	19304636.27570909
108151.87025522892	19213738.913843308
110164.59496336569	19121149.9366065
112214.77682079801	19026837.862748757
114303.11291144785	18930770.625148747
116430.31329208757	18832915.559910588
118597.10123376705	18733239.39525771
120804.21346773289	18631708.240220167
123052.40043592616	18528287.57311122
125342.42654613995	18422942.229789756
127675.07043192645	18332669.507975195
130051.12521734099	18246071.289808106
132471.39878661174	18157861.46406572
134936.71405883064	18068010.038456846
137447.90926775365	17976486.462528627
140005.8382468096	17883259.617279116
142611.37071941295	17788297.804576386
145265.39259467812	17691568.73638096
147968.80626863963	17593039.52376738
150722.53093107554	17492676.66574173
153527.5028780421	17390446.037850883
156384.67583022476	17286312.880579814
159295.0212572123	17186470.4880509
162259.5287078087	17101343.3253549
165279.2061464897	17014631.931676224
168355.08029612005	16926306.82420674
171488.19698705408	16836337.971458197
174679.62151272455	16744694.78305126
177930.43899185772	16651346.099314447
181241.75473742394	16556260.18068944
184614.69463245454	16459404.696939403
188050.40551285836	16360746.716156213
191550.0555573528	16260252.693563424
195114.83468466165	16157888.460110517
198745.9549580986	16053619.210855154
202444.65099768018	15965619.159843385
206212.18039991445	15880940.59990801
210049.8241653915	15794686.157563679
213958.88713434213	15706826.50537062
217940.6984302958	15617331.770100383
221996.61191199525	15526171.522578735
226128.00663372793	15433314.767339217
230336.2873142131	15338729.932084573
234622.88481422624	15242384.856951669
238989.25662310526	15144246.783576839
243436.8873543108	15044282.343957745
247967.289250216	14942457.549107773
252582.00269627848	14845723.999641646
257282.59674479323	14763642.482723119
262070.66964838552	14680033.414808054
266947.8494034318	14594868.36791254
271915.7943036019	14508118.385002932
276976.1935036891	14419753.970150357
282130.76759394706	14329745.078501644
287381.2691851069	14238061.106063792
292729.4835042813	14144670.879298316
298177.22900196735	14049542.644521805
303726.3579703311	13952644.057109473
309378.75717301364	13853942.170497527
315136.34848664823	13753403.424981004
321001.08955431683	13670106.150464788
326974.97445117676	13589710.091825547
333060.03436245886	13507817.848855162
339258.33827409917	13424401.577308651
345571.9936762143	13339432.914754866
352003.1472796675	13252882.970933046
358553.9857459817	13164722.317929698
365226.7364308175	13074920.980172906
372023.6681413066	12983448.424240232
378947.09190746717	12890273.548477028
385999.36176797637	12795364.672421629
393182.87557057705	12698689.52603351
400500.07578736113	12607807.187851401
407953.45034524484	12531147.53680705
415545.53347188793	12453061.23661265
423278.90655735444	12373521.737084804
431156.19903182285	12292501.993936611
439180.0892596086	12209974.45958244
447353.3054498463	12125911.073771384
455678.6265841068	12040283.25404649
464158.8833612772	11953061.88602645
472796.9591600391	11864217.313506292
481595.79101923504	11773719.32837412
490558.37063650455	11681537.16033986
499687.7453854889	11587639.466473129
508987.0193519675	11511426.8392745
518459.3543892913	11437601.258549264
528107.971193433	11362401.771204883
537936.1503980698	11285802.808605375
547947.2336900292	11207778.326278113
558144.6249454955	11128301.79505842
568531.7913873753	11047346.19206931
579112.2647641759	10964883.991533495
589889.6425508494	10880887.155414283
600867.5891719692	10795327.12388232
612049.837247669	10708174.805605007
623440.1888627863	10619400.56785505
635042.5168595961	10536888.468611216
646860.7661546321	10467674.878397292
658898.9550799957	10397173.21149237
671161.1767496272	10325359.496570086
683651.6004510238	10252209.316193542
696374.4730628222	10177697.798513262
709334.1204987989	10101799.608810375
722534.9491787221	10024488.940882584
735981.4475265755	9945739.508269792
749678.1874966878	9865524.535316374
763629.8261282243	9783816.748067247
777841.1071286482	9700588.364994345
792316.8624866261	9615811.087550642
807062.0141149492	9548443.399223873
822081.575524054	9482876.954417087
837380.6535266489	9416090.306915939
852964.4499741016	9348060.748540632
868838.2635251193	9278765.148508335
885007.4914473438	9208179.945568373
901477.6314524917	9136281.139991213
918254.2835656281	9063044.28540824
935343.1520292377	8988444.480499795
952750.0472427299	8912456.360528395
970480.8877380306	8835054.088714497
988541.7021919573	8756211.34745169
1006938.6314760271	8683783.184428653
1025677.9307444209	8623265.265118998
1044765.9715608053	8561621.097033497
1064209.2440647245	8498829.720490808
1084014.359178331	8434869.785746334
1104188.0508541602	8369719.545733101
1124737.1783647507	8303356.848667517
1145668.7286348727	8235759.130517525
1166989.8186171474	8166903.4073306145
1188707.6977119034	8096766.267418982
1210829.7502320393	8025323.863399342
1233363.4979137746	7952551.904084543
1256316.6024741214	7878425.646224305
1279696.8682159416	7820716.784886716
1303512.2446815087	7764210.764970217
1327770.829355429	7706653.158408231
1352480.8704178738	7648024.394994358
1377650.769549055	7588304.540317311
1403289.084785873	7527473.288983042
1429404.533431761	7465509.9577106405
1456005.9950206485	7402393.478299828
1483102.514336103	7338102.390467535
1510703.3044866556	7272614.834551162
1538817.7500383465	7205908.544076094
1567455.410205595	7137960.838184812
1596626.022101425	7076260.175602116
1626339.5040481905	7024782.9842133075
1656605.9589499151	6972347.793533593
1687435.6777273756	6918936.775033177
1718839.1428171454	6864531.768390266
1750827.0317357269	6809114.275316383
1783410.220710006	6752665.453266794
1816599.7883753285	6695166.109033738
1850407.019542302	6636596.692220663
1884843.4090337954	6576937.2885947535
1919920.6655932867	6516167.613315961
1955650.715865947	6454267.004039919
1992045.7084538713	6391214.413892474
2029118.0180466783	6343045.926786788
2066880.2496290822	6295535.019151328
2105345.242766708	6247139.925440497
2144526.0759716653	6197844.190801011
2184436.0711494284	6147631.054151905
2225088.7981283693	6096483.442485698
2266498.079273693	6044383.965063313
2308677.994187172	5991314.907501053
2351642.884494346	5937258.225747558
2395407.358720879	5882195.539948547
2439986.29725955	5826108.128197577
2485394.857429798	5768976.920170316
2531648.478631358	5717673.209919643
2578762.8875937983	5674823.834457852
2626754.1037238385	5631177.024827626
2675638.4445520453	5586717.940643422
2725432.531281028	5541431.465337574
2776153.2944368036	5495302.201020509
2827817.979625338	5448314.463245349
2880444.1533962977	5400452.275674938
2934049.709215787	5351699.364649808
2988652.873550383	5302039.1536548985
3044272.2120643063	5251454.75768339
3100926.6359319235	5199928.977495625
3158635.408267819	5147444.293771135
3217418.1506763715	5108023.207819118
3277294.849923382	5068813.169729016
3338285.8647317644	5028873.426158228
3400411.9327037027	4988190.397163618
3463694.1773717343	4946750.250076946
3528154.1153808828	4904538.894801709
3593813.6638046256	4861541.979022282
3660695.147596906	4817744.883324016
3728821.30718283	4773132.716222474
3798215.306190736	4727690.309100139
3868900.7393279755	4681402.211048961
3940901.6404034477	4634252.683616858
4014242.490499326	4592358.304100267
4088948.226294856	4557249.110117143
4165044.248545185	4521486.528059943
4242556.430717777	4485058.3982654475
4321511.127789762	4447952.334777012
4401935.1852088785	4410155.721133232
4483855.948021181	4371655.706078235
4567301.270168747	4332439.199192045
4652299.523960189	4292492.866439786
4738879.609717651	4251803.125637899
4827070.965603188	4210356.141836083
4916903.577628021	4168137.822613272
5008407.989848212	4125133.8132860158
5101615.314749833	4093318.3018738995
5196557.243827657	4061382.115554399
5293266.058360566	4028851.591373357
5391774.640387494	3995715.668602049
5492116.483887789	3961963.080669684
5594325.706169377	3927582.351332697
5698437.0594691355	3892561.790772661
5804485.942768984	3856889.4916216433
5912508.413831869	3820553.3249135786
6022541.201461928	3783540.9359602523
6134621.717992506	3745839.740150628
6248788.072006888	3707436.918671903
6365079.081295578	3673655.953886536
6483534.286054714	3645199.234593109
6604193.962330305	3616212.9309115442
6727099.135712336	3586687.187186276
6852291.595284057	3556611.964346297
6979813.907830667	3525977.036491786
7109709.432312423	3494771.987417193
7242022.334607315	3462986.2070695907
7376797.60252773	3430608.8879411817
7514081.061116962	3397629.021394599
7653919.388230155	3364035.3939198563
7796360.130405221	3329816.5833216636
7941451.71902934	3294960.9548356934
8089243.486805938	3269523.30307999
8239785.684528512	3243740.856857071
8393129.498166373	3217478.594922903
8549327.066268368	3190727.5878254636
8708431.497690724	3163478.739934094
8870496.889654402	3135722.786346914
9035578.34613892	3107450.289740634
9203731.99661823	3078651.637161772
9375015.01514529	3049317.0367581607
9549485.639791967	3019436.51444958
9727203.192450536	2988999.910536487
9908228.099003786	2957996.876245602
10092621.909870483	2930987.0132994307
10280447.320933098	2908086.9648342915
10471768.194855202	2884760.742570633
10666649.582795387	2861000.4153415537
10865157.746525371	2836797.9043797804
11067360.180959744	2812144.9805708025
11273325.63710487	2787033.2616549022
11483124.14543511	2761454.209377063
11696827.039703846	2735399.1265839087
11914506.981197748	2708859.154266546
12136237.983442418	2681825.2685484174
12362095.437367693	2654288.2776171006
12592156.13694151	2626341.0435504112
12826498.3052806	2606024.338746803
13065201.621247198	2585329.536609792
13308347.24654076	2564249.600683664
13556017.853293689	2542777.3635630747
13808297.652180923	2520905.5244560433
14065272.421052363	2498626.646701606
14327029.534098294	2475933.1552412733
14593657.991557576	2452817.3340434297
14865248.449978571	2429271.3234798
15141893.25304352	2405287.117653088
15423686.462966273	2380856.561674885
15710723.892474487	2355971.3488929225
16003103.137387017	2334493.3609885895
16300923.609797413	2316149.832985802
16604286.571875297	2297464.9288056223
16913295.17029647	2278432.2953793015
17228054.471313924	2259045.4614063995
17548671.49648152	2239297.8351544756
17875255.259042352	2219182.7022178285
18207916.800994623	2198693.2232345175
18546769.230846975	2177822.431560923
18891927.762076646	2156563.2309029917
19243509.75230332	2134908.3929034346
19601634.743191857	2112850.5546840075
19966424.501097932	2090628.8008205332
20338003.0584698	2074381.1781760356
20716496.75602067	2057831.1845094953
21102034.285685964	2040973.1926447374
21494746.734379806	2023801.4706828902
21894767.628566206	2006310.1800534627
22302232.979659364	1988493.3735291723
22717281.330269028	1970344.9932038297
23140053.80130654	1951858.8684325763
23570694.139967278	1933028.7137338058
24009348.76860652	1913848.126652028
24456166.83452444	1894310.585580967
24911300.26067791	1874409.4475461417
25374903.797335718	1857390.1042135698
25847135.07469564	1842739.525975278
26328154.656480197	1827816.297983089
26818126.094530128	1812615.3461786876
27317215.98441379	1797131.5020746728
27825594.022071257	1781359.5009972155
28343433.061513092	1765293.9802960057
28870909.173592344	1748929.4775209024
29408201.705870606	1732260.4285646367
29955493.34359816	1715281.1657709547
30512970.171828706	1697985.9160075618
31080821.738690637	1680368.798703181
31659241.119835205	1662752.8122576536
32248424.98408439	1649789.5842451588
32848573.66030047	1636585.108353579
33459891.20549975	1623134.8949188383
34082585.47423452	1609434.3707234429
34716868.189265594	1595478.8774415452
35362955.013550386	1581263.6700550602
36021065.62357073	1566783.9152403094
36691423.78402494	1552034.6897246398
37374257.42391064	1537010.9786124555
38069798.71402284	1521707.6736800992
38778284.14589453	1506119.571639003
39499954.61220647	1490241.3723665117
40235055.48869293	1476785.1706489793
40983836.717572615	1465105.7289820185
41746552.89253134	1453208.9309183096
42523463.34528677	1441090.7314183244
43314832.23376403	1428747.0101636576
44120928.631911896	1416173.5701560853
44942026.62119142	1403366.1362905263
45778405.38376616	1390320.3539014675
46630349.29742726	1377031.7872823304
47498148.03228505	1363495.918177281
48382096.649259575	1349708.144244979
49282495.700405136	1335663.777493725
50199651.33110079	1321725.7171061628
51133875.38414321	1311398.1473587807
52085485.50577665	1300878.3797811018
53054805.25369574	1290162.837538801
54042164.20705915	1279247.8772320577
55047898.078549676	1268129.7876567605
56072348.82852027	1256804.7885426572
57115864.78126434	1245269.0292680238
58178800.74344935	1233518.5875504117
59261518.124755524	1221549.468113027
60364385.060758635	1209357.6013262956
61487776.53810017	1196938.8418241441
62632074.521986924	1184288.9670945297
63797668.08606282	1173665.0990046163
64984953.54469889	1164365.0934771749
66194334.587743886	1154892.013264416
67426222.41778335	1145242.6374169968
68681035.88995308	1135413.685043157
69959201.65435374	1125401.814193186
71261154.30111745	1115203.6207231174
72587336.50817245	1104815.6371372868
73938199.19175874	1094234.3314093451
75314201.65974376	1083456.1057813365
76715811.76779301	1072477.2955404108
78143506.07844542	1061294.1677727906
79597770.02314977	1050279.6241376046
81079098.06731695	1042059.4329664862
82587993.87844272	1033686.2626389597
84124970.49736118	1025157.2661868924
85690550.51268347	1016469.543659593
87285266.2384837	1007620.1411377926
88909659.89529167	998606.0497292816
90564283.79445294	989424.2045458576
92249700.52592173	980071.4836612241
93966483.1495469	970544.7070495072
95715215.38991857	960840.6355040072
97496491.83484097	950955.9695358389
99310918.137498	940887.3482520692
101159111.22238298	932507.3604796034
103041699.49505854	925107.4486356596
104959323.05582266	917569.8231731593
106912633.91734771	909891.92121823
108902296.22637327	902071.1322014786
110928986.48952228	894104.796970373
112993393.80332193	885990.2068850973
115096220.0885031	877724.6028975867
117238180.32865997	869305.1746134267
119420002.8133535	860729.0593362818
121642429.3857368	851993.3410945549
123906215.6947913	843095.0496499141
126212131.45225461	834397.6512034563
128560960.69432965	827858.6104677357
130953502.04826704	821197.8770712654
133390569.00390588	814413.1862929253
135872990.19027063	807502.2312647448
138401609.65731302	800462.662187548
140977287.16289675	793292.0855319994
143600898.46512634	785988.0632247749
146273335.620113	778548.1118195916
148995507.28528506	770969.7016528058
151768339.02834037	763250.255983302
154592773.64194784	755387.1501163793
157469771.46430898	747377.7105113185
160400310.70568198	740771.6538517217
163385387.78098568	734886.3252114602
166426017.64859018	728891.4696037774
169523234.15541214	722785.0487131751
172678090.38843593	716564.9862907556
175891659.03277326	710229.1674482746
179165032.73638958	703775.4379390577
182499324.48161504	697201.6034255327
185895667.9635688	690505.4287331337
189355217.9756299	683684.6370903143
192879150.80207777	676736.9093544256
196468664.61804405	669659.883223175
200124979.8969035	662795.682955637
203849339.82524642	657595.8579060659
207643010.7255779	652299.2632275407
211507282.48687947	646904.098020802
215443469.00318778	641408.527871546
219452908.62033114	635810.6842267077
223536964.59097964	630108.6637591319
227697025.53816846	624300.5277204219
231934505.92744273	618384.3012817439
236250846.547794	612357.9728623604
240647515.00154215	606219.4934456754
245126006.20333397	599966.7758825468
249687842.8884332	593597.6941816311
254334576.13046482	588392.1564367638
259067785.8688001	583712.7517891325
263889081.44575077	578946.2626247786
268800102.15376073	574091.06828603
273802517.7927863	569145.5179544966
278898029.23804396	564107.9300897793
284088369.0183295	558976.5918577247
289375301.9050947	553749.7585480419
294760625.51248586	548425.6529810892
300246170.90855557	543002.4649036069
305833803.23784316	537478.3503732163
311525422.35554785	531851.431131454
317322963.4734973	526435.8758965617
323228397.81813806	522301.9231556366
329243733.30077755	518091.0368507861
335371015.2002929	513801.7852352959
341612326.8585518	509432.70991739986
347969790.3887688	504982.325364412
354445567.3970435	500449.11839763395
361041859.71733445	495831.5476778517
367760910.160103	491128.0431812682
374605003.2748981	486337.0056656739
381576466.1271245	481456.80612668954
388677669.0892668	476485.7852438894
395911026.6468467	471422.2528166117
403278998.21937054	467321.4651714338
410784088.99656343	463601.5449610077
418428850.79015756	459812.3964024983
426215882.9015325	455952.73114456865
434147833.0055101	452021.23685944383
442227398.0505897	448016.5767967064
450457325.17594445	443937.38932878466
458840412.64547515	439782.2874879858
467379510.7992463	435549.8584949143
476077523.0226378	431238.66327810864
484937406.7335233	426847.23598474375
493962174.38783056	422374.0834822214
503154894.5038046	418102.4350175109
512518692.70533323	414816.32393199706
522056752.7846986	411469.0577600301
531772317.7850967	408059.49839504634
541668691.1033136	404586.48655012343
551749237.6129117	401048.8413638121
562017384.8083187	397445.359998632
572476623.970219	393774.8172320919
583130511.3526218	390035.96504010254
593982669.3920338	386227.53217263205
605036787.9391212	382348.22372146975
616296625.5132942	378396.7206799436
627766010.5806513	374371.67949444294
639448842.8556936	371141.8372293616
651349094.6272782	368184.9818152332
663470812.1092337	365173.09881872014
675818116.816111	362105.16416715214
688395206.964551	358980.1347296912
701206358.9007177	355796.9479626572
714255928.5543104	352554.52154825046
727548352.9196217	349251.75302655285
741088151.5641569	345887.51942068065
754879928.1653446	342460.67685495847
768928372.0758306	338970.0601659914
783238259.9179205	335414.4825064926
797814457.2076613	332045.6661269362
812661920.0091946	329433.72519837925
827785696.619849	326773.17560470453
843190929.286625	324063.1127303837
858882855.9546258	321302.61512483755
874866812.0479896	318490.74418913777
891148232.2840202	315626.54385686765
907732652.5210242	312709.04026905267
924625711.6405733	309737.2414430387
941833153.4647961	306710.1369352026
959360828.7093127	303626.69749739656
977214696.9725724	300485.8747269863
995400828.7621539	297286.6007103891
1013925407.5588143	294743.1135841367
1032794731.9189526	292392.9404949027
1052015217.6161569	289999.0302845826
1071593399.8226712	287560.56899790955
1091535935.3313932	285076.7275317729
1111849604.81927	282546.6613533116
1132541315.1528125	279969.5102127627
1153618101.736476	277344.39785097074
1175087130.9048076	274670.4317014471
1196955702.3590453	271946.7025868894
1219231251.6491096	269172.28441005154
1241921352.7017846	266346.2338388584
1265033720.3959012	263689.7456757837
1288576213.185518	261613.75651648763
1312556835.7718453	259499.132845695
1336983741.8249452	257345.1556685736
1361865236.7560828	255151.0926096733
1387209780.541618	252916.1976639146
1413025990.5995336	250639.71094293398
1439322644.7194095	248320.8584167181
1466108684.0469828	245958.85165042322
1493393216.1242533	243552.88753629755
1521185517.9861019	241102.14802061938
1549495039.3146317	238605.7998255458
1578331405.6521199	236062.99416579338
1607704421.673822	234060.24607834336
1637624074.521689	232192.33412809102
1668100537.2000556	230289.66001860844
1699144172.0346258	228351.57682019667
1730765534.1957276	226377.42556368595
1762975375.2872038	224366.53501637842
1795784647.0020967	222318.22145382
1829204504.8462899	220231.78842733003
1863246311.9315598	218106.52652719748
1897921642.8391032	215941.71314147758
1933242287.5550432	213736.61221029397
1969220255.4791734	211490.47397556945
2005867779.5082297	209395.87804948655
2043197320.1952705	207745.8971492531
2081221569.9863415	206065.2098237122
2119953457.536069	204353.2446210643
2159406152.1035676	202609.4194546937
2199593068.0300703	200833.1414052551
2240527869.3000183	199023.80651907157
2282224474.1869006	197180.7996027872
2324697059.9856453	195303.49401419255
2367960067.833079	193391.2514491588
2412028207.618002	191443.42172461082
2456916462.98279	189459.34255745358
2502640096.4179215	187438.3393393928
2549214654.4514203	185861.51995325822
2596655972.934872	184376.9190128423
2644980182.4277143	182864.6893963119
2694203713.6818824	181324.3169293027
2744343303.2283683	179755.27786857868
2795415999.067865	178157.03872395342
2847439166.4672475	176529.05607689702
2900430493.8639855	174870.7763957678
2954407998.8803797	173181.63584760643
3009390034.449724	171461.06010642624
3065395295.056536	169708.46415793657
3122442823.0928583	167923.2521006312
3180552015.3329134	166271.8070168696
3239742629.5281954	164960.41111272504
3300034791.1252885	163624.60990766238
3361449000.108775	162263.9492148792
3424006137.9714255	160877.96639507875
3487727474.8141704	159466.19019916878
3552634676.5781393	158028.14060803037
3618749812.411284	156563.32866930822
3686095362.1721687	155071.25633115988
3754694224.0733366	153551.41627291392
3824569722.4669914	152003.2917325741
3895745615.775501	150426.35633111568
3968246104.5694857	148820.07389351103
4042095839.796318	147578.6941792285
4117319931.1616793	146398.73168048376
4193943955.6671777	145196.80987885996
4271993966.306777	143972.52010799336
4351496500.925055	142725.4460961708
4432478591.24041	141455.1638247912
4514967772.036101	140161.2413841953
4598992090.5224285	138843.23882681117
4684580115.873045	137500.708017568
4771760948.938751	136133.19248152513
4860564232.142149	134740.22724866553
4951020159.556351	133321.33869580142
5043159487.171348	132019.34871339248
5137013543.351338	130977.03638665636
5232614239.486667	129915.32645016415
5329994080.844104	128833.85791109748
5429186177.618942	127732.26305850067
5530224256.192888	126610.1673382541
5633142670.601352	125467.18922572225
5737976414.21414	124302.9400960315
5844761131.633649	123117.02409193334
5953533130.81437	121909.0379892085
6064329395.408049	120678.57105956586
6177187597.338489	119425.204930991
6292146109.610351	118148.51344549564
6409244019.35647	117171.27131045732
6528521141.127848	116233.40707607544
6650018030.431105	115278.08902870848
6773775997.517745	114304.99234992678
6899837121.430025	113313.78617637469
7028244264.308367	112304.13348727321
7159041085.964888	111275.69098982928
7292272058.728297	110228.10900251225
7427982482.56491	109161.03133615873
7566218500.481063	108074.09517286472
7707027114.212319	106966.93094262313
7850456200.204509	105839.16219766639
7996554525.892329	104812.7095931226
8145371766.280737	103984.23410282157
8296958520.834915	103140.340542676
8451366330.684739	102280.7419797826
8608647696.149244	101405.1461413681
8768856094.587408	100513.25531541284
8932045998.58096	99604.7662494258
9098272894.455566	98679.37004733596
9267593301.146902	97736.75206446345
9440064789.417603	96776.59180053782
9615746001.432076	95798.56279072353
9794696670.695385	94802.33249461888
9976977642.36321	93787.56218318922
10162650893.929972	93018.28391633017
10351779556.301762	92272.80681700613
10544427935.261662	91513.45626201626
10740661533.334322	90739.97406398978
10940547072.057436	89952.09723064552
11144152514.667904	89149.55787537068
11351547089.20999	88332.08312613754
11562801312.07373	87499.39503272288
11777987011.97118	86651.21047220282
11997177354.358854	85787.24105268781
12220446866.314913	84907.193015266
12447871461.879063	84010.7671341226
12679528467.864315	83201.545726618
12915496650.148827	82542.99463791502
13155856240.457052	81872.18780139483
13400688963.639534	81188.89713550523
13650078065.460136	80492.89031405753
13904108340.900667	79783.93068723303
14162866162.991974	79061.77720111946
14426439512.181587	78326.18431575052
14694918006.248201	77576.90192161934
14968392930.772554	76813.67525463871
15246957270.1757	76036.24480951799
15530705739.334583	75244.34625152894
15819734815.786015	74437.71032662946
16114142772.530231	73832.14678150431
16414029711.444664	73239.54501212927
16719497597.31985	72635.9148229914
17030650292.528427	72021.05097332227
17347593592.339325	71394.74440278804
17670435260.889503	70756.78216040638
17999285067.824764	70106.94733214102
18334254825.62285	69445.01896714847
18675458427.61074	68770.77200265208
19023011886.689457	68083.97718741927
19377033374.77993	67384.40100381282
19737643263.002552	66671.80558839242
20104964162.604927	66033.82810938559
20479120966.650833	65510.29892764097
20860240892.485046	64977.02677874245
21248453524.988873	64433.83034441346
21643890860.6402	63880.52493201359
22046687352.394028	63316.92241174077
22456979955.397717	62742.8311526652
22874908173.55704	62158.0559575732
23300614106.96929	61562.397996597494
23734242500.23866	60955.65473961344
24175940791.69123	60337.61988737591
24625859163.505444	59708.08330137578
25084150592.775414	59066.830932390774
25550970903.525124	58590.12927487701
26026478819.690044	58118.99803181261
26510836019.085308	57639.098956149006
27004207188.377697	57150.26887702951
27506760079.080673	56652.34158696025
28018665564.59201	56145.14778529746
28540097698.292374	55628.515020683815
29071233772.725693	55102.26763241255
29612254379.880314	54566.226690701296
30163343472.591972	54020.209935854255
30724688427.090096	53464.03171629144
31296480106.707504	52897.5029254257
31878912926.77636	52394.50045595388
32472184920.731255	51978.25149137701
33076497807.442425	51554.2560627421
33692057059.802742	51122.37000703497
34319071974.590427	50682.44647834322
34957755743.632645	50234.3358979269
35608325526.29274	49777.88590336023
36271002523.30648	49312.94129672701
36946012051.993095	48839.3439918512
37633583622.865326	48356.93296054637
38333951017.6659	47865.54417786381
39047352368.85556	47365.01056632273
39774030240.58036	46855.161939102065
40514231711.14655	46479.8713647907
41268208457.02952	46105.24809222638
42036216838.44701	45723.653016815246
42818517986.52406	45334.95639211994
43615377892.080055	44939.02605709999
44427067496.06892	44535.727391175424
45253862781.70167	44124.923268454404
46096044868.284195	43706.47401110878
46953900106.80053	43280.237341882195
47827720177.27485	42846.0683357146
48717802187.94641	42403.81937046578
49624448776.28914	41953.340076722474
50547968211.912254	41556.70802871873
51488674501.37487	41225.686756096504
52446887494.95119	40888.505121265516
53422932995.38363	40545.04847883688
54417142868.658875	40195.20004985151
55429855156.84652	39838.84088207393
56461414193.036606	39475.84980954727
57512170718.41614	39106.1034113958
58582482001.525475	38729.47596986018
59672711959.7331	38345.839427552244
60783231282.972115	37955.06334391392
61914417559.77835	37557.0148508661
63066655405.67406	37151.55860763232
64240336593.94204	36856.05604299613
65435860188.83229	36558.09478669267
66653632681.24893	36254.58842070949
67894068126.96099	35945.43374961192
69157588287.38525	35630.5256574807
70444622772.99051	35309.757072171415
71755609189.36922	34983.0189289089
73090993286.02888	34650.20013320381
74451229107.95128	34311.18752307951
75836779149.97191	33965.86583059572
77248114514.03416	33614.1176426563
78685715069.36842	33255.823361087314
80150069615.6538	32942.997356352564
81641676049.21454	32679.66713482985
83161041532.30962	32411.436293077368
84708682665.57419	32138.213629718804
86285125663.66887	31859.90624610473
87890906534.19963	31576.419514725876
89526571259.96382	31287.657047039156
91192675984.59299	30993.52066069405
92889787201.64516	30693.910346150016
94618481947.21991	30388.7242326719
96379347996.15794	30077.858553692644
98172984061.88821	29761.207611531976
100000000000.0	29438.663741457618
