# Frequency (Hz)	Imaginary Part (Ohm/m)
1000.0	130003976.10412674
1018.6101701559753	129723634.38240787
1037.566678745186	129438075.45354605
1056.875971184804	129147202.22442847
1076.5446128423157	128850915.7950232
1096.5792912678098	128549115.42475186
1116.9868184678226	128241698.49823661
1137.7741332214914	127928560.49041006
1158.9483034398106	127609594.93097557
1180.5165285688054	127284693.36820611
1202.4861420374123	126953745.33206956
1224.8646137509306	126616638.29666772
1247.6595526308697	126273257.64197628
1270.8787092020582	125958855.10421097
1294.529978227916	125672556.26608355
1318.6214013947485	125380929.35786314
1343.1611700460153	125083875.22325872
1368.1576279674719	124781292.86066368
1393.619274224142	124473079.38881464
1419.5547660501015	124159130.01181005
1445.9729217920194	123839337.98347913
1472.882723907502	123513594.57108639
1500.2933220192183	123181789.01836182
1528.2140360258693	122843808.50784242
1556.654359271062	122499538.12251279
1585.6239617711371	122150650.38177876
1615.132693503091	121865710.35231544
1645.1905877536624	121575467.54041965
1675.807864530767	121279823.26040784
1706.9949340384078	120978676.99003935
1738.7624002162504	120671926.33633754
1771.1210643450886	120359467.00077479
1804.0819287193826	120041192.74381056
1837.6562003881704	119716995.34876785
1871.8552949655793	119386764.58503927
1906.690840512252	119050388.17060696
1942.1746814890264	118707751.73386559
1978.3188827841643	118358738.77473485
2015.1357338155585	118043055.32353447
2052.6377527092523	117756082.05244236
2090.8376905557498	117463768.159945
2129.748535745521	117166014.25616932
2169.3835183851843	116862719.10157982
2209.756114795903	116553779.57255581
2250.880052095462	116239090.62632881
2292.7693128656488	115918545.26526633
2335.438139906479	115592034.50049183
2378.9010410788933	115259447.31482704
2423.1727942376006	114920670.62504531
2468.2684522556924	114575589.24342196
2514.2033481427966	114227844.46031737
2560.9931002584594	113945704.21873812
2608.6536176225477	113658313.29925528
2657.2011053245064	113365573.98585963
2706.652070033241	113067386.74403025
2757.0233256095826	112763650.18689217
2808.3319988231724	112454261.04074307
2860.5955351757416	112139114.10993977
2913.831704832789	111818102.24113013
2968.0586086656026	111491116.28681986
3023.2946844057765	111158045.06826118
3079.5587129142264	110818775.3376511
3136.8698245668766	110473191.73962559
3195.2475057592133	110164043.00561011
3254.711605531848	109882790.11014704
3315.282342319423	109596303.05044262
3376.9803108250912	109304484.41780953
3439.8264890229243	109007234.99076846
3503.8422452906757	108704453.70131142
3569.0493456752292	108396037.60053757
3635.4699612933177	108081881.82364945
3703.126675869927	107761879.55429791
3772.0424934169973	107435921.98826355
3842.240846055061	107103898.29646158
3913.745601980384	106765695.58725941
3986.581073580439	106426887.16358721
4060.7720257003657	106152579.8116242
4136.343684063274	105873167.55316608
4213.321743847289	105588555.38503438
4291.732378422157	105298646.53602532
4371.602248248501	105003342.43400644
4452.958509942655	104702542.67240125
4535.828825510186	104396144.97604972
4620.241371751313	104084045.16643366
4706.224849841281	103766137.126255
4793.808495089106	103442312.7633547
4883.02208687788	103112461.97396013
4973.895958790063	102776472.6052489
5066.461008921268	102478620.95300211
5160.7487103859075	102206682.66340347
5256.791122018419	101929683.55596347
5354.620899273607	101647529.44800103
5454.271305329836	101360124.40407906
5555.7762223988775	101067370.70338611
5659.170163246242	100769168.80650948
5764.488282925873	100465417.32159114
5871.766390733255	100156012.96985336
5981.040962380945	99840850.55048262
6092.349152400711	99519822.90486075
6205.7288067765	99192820.88012907
6321.218475812449	98867138.94351774
6438.8574272404185	98602664.93817872
6558.685659571435	98333269.02659847
6680.743915695614	98058859.61126444
6805.073696735206	97779343.39001858
6931.717276155407	97494625.32433403
7060.717714137772	97204608.60700057
7192.118872221193	96909194.62920946
7325.96542821523	96608282.94702524
7462.302891391108	96301771.24723364
7601.17761795533	95989555.31255408
7742.636826811269	95671528.98620477
7886.728615614156	95347584.135808
8033.501977124735	95062225.69115862
8183.00681586739	94800043.88557434
8335.293965098195	94532982.83197626
8490.415204088747	94260951.72672877
8648.423275731726	93983858.07632482
8809.37190447399	93701607.66593781
8973.31581458352	93414104.5273868
9140.310748756232	93121250.90650706
9310.413487069076	92822947.22991195
9483.681866285926	92519092.07113725
9660.174799522645	92209582.11615491
9839.952296278227	91894312.12824547
10023.075482838643	91582012.22104324
10209.606623060476	91326335.1544815
10399.609139541202	91065899.89420621
10593.1476351837	90800617.88942249
10790.287915161836	90530398.94139045
10991.097009294961	90255151.17275617
11195.643194838794	89974780.9963125
11403.99601970033	89689193.08317861
11616.22632608502	89398290.3303868
11832.40627458378	89101973.82786669
12052.609368708414	88800142.82481465
12276.910479883603	88492694.69543745
12505.385872903913	88179524.90405846
12738.113231864783	87904581.09089738
12975.171686575868	87649802.82378046
13216.641839466038	87390283.08976045
13462.60579298911	87125933.64933144
13713.147177539455	86856664.62083553
13968.351179887397	86582384.44990146
14228.30457214352	86302999.87831596
14493.09574126215	86018415.9123143
14762.81471909391	85728535.79028162
15037.553212997384	85433260.9498531
15317.404637020798	85132490.9944015
15602.46414366368	84826123.65890111
15892.828656229764	84524093.21347493
16188.596901781993	84273853.82023458
16489.86944471065	84018957.42930633
16796.74872092653	83759317.37317073
17109.339072690134	83494845.3714111
17427.746784089173	83225451.50069726
17752.08011717636	82951044.16421047
18082.44934877952	82671530.0604996
18418.96680799711	82386814.15175773
18761.746914391195	82096799.63150801
19110.90621689136	81801387.89168873
19466.56343342263	81500478.48912534
19828.83949127071	81193969.11137874
20197.857568198782	80925187.2719316
20573.743134329114	80673733.77022134
20956.623994804308	80417600.67605796
21346.630333242454	80156700.90142964
21743.8947560008	79890945.73760179
22148.55233726359	79620244.82495531
22560.74066496859	79344506.12226309
22980.599887588487	79063635.87539515
23408.272761782944	78777538.58544123
23843.904700937208	78486116.97624019
24287.643824604504	78189271.96130472
24739.64100886812	77886902.61013137
25200.049937640895	77590091.13109823
25669.027154919517	77340974.17431135
26146.732118010917	77087221.10857002
26633.327251749808	76828745.65509765
27128.978003724646	76565459.92945498
27633.852900531667	76297274.41165845
28148.123605075813	76024097.91574235
28671.964974937695	75745837.55875468
29205.55512182745	75462398.72917576
29749.075472144435	75173685.05474953
30302.71082866393	74879598.36971599
30866.649433372742	74580038.68143329
31441.08303147265	74274904.13637984
32026.206936576502	74007605.64189391
32622.220097116733	73755295.16036442
33229.325163989684	73498289.13784155
33847.72855945983	73236500.18950836
34477.640547344636	72969839.3043018
35119.275304507275	72698215.81464753
35772.850993678774	72421537.36563249
36438.58983763541	72139709.88360277
37116.71819475767	71852637.54417787
37807.466635993485	71560222.73966917
38511.070023255685	71262366.04589249
39227.76758927723	70958966.18836246
39957.803018952654	70662437.03175107
40701.42453219439	70410921.70164585
41458.88496832911	70154725.62845065
42230.441872066716	69893761.70273995
43016.35758106799	69627941.19396722
43816.89931514194	69357173.72029524
44632.33926710397	69081367.21786551
45462.95469532399	68800427.90949549
46309.02801799736	68514260.2727932
47170.84690917023	68222767.00767869
48048.704396551344	67925849.00330114
48942.89896114532	67623405.30433974
49853.73463873894	67315333.07667807
50781.5211232767	67046394.64850724
51726.57387216024	66790723.06787866
52689.21421350677	66530293.39563057
53669.76945540476	66265017.082868285
54668.57299720181	65994803.93278713
55685.96444286408	65719562.07000458
56722.28971644549	65439197.90932161
57777.90117970507	65153616.123902686
58853.1577519145	64862719.61286367
59948.42503189408	64566409.46825644
61064.07542232036	64264584.94143914
62200.48825634718	63957143.40882052
63358.04992658254	63658213.76112248
64537.15401646702	63403201.68478562
65738.20143409586	63143443.79031633
66961.60054853215	62878851.75723161
68207.76732865692	62609335.62138924
69477.1254846024	62334803.74439908
70770.10661181889	62055162.782464884
72087.15033782135	61770317.65464652
73428.70447166759	61480171.51053136
74795.22515621828	61184625.69730408
76187.17702322999	60883579.726203784
77605.0333513357	60576931.23835655
79049.2762269642	60264575.9699724
80520.39670825469	59994002.645365864
82018.8949920221	59735491.26629473
83545.28058382872	59472168.94647182
85100.07247122246	59203946.15347117
86683.79930019773	58930731.688653044
88296.99955494082	58652432.6561556
89940.22174092053	58368954.431309074
91614.0245713852	58080200.62846269
93318.9771573324	57786073.068212144
95055.65920101192	57486471.744017795
96824.66119303115	57181294.78820119
98626.5846131283	56870438.43730917
100462.04213468132	56570169.5336342
102331.65783302448	56313885.472802006
104236.06739764012	56052831.921989456
106175.9183482999	55786920.12017646
108151.87025522892	55516059.654485226
110164.59496336569	55240158.42943895
112214.77682079801	54959122.63564835
114303.11291144785	54672856.717915356
116430.31329208757	54381263.34274355
118597.10123376705	54084243.365243375
120804.21346773289	53781695.79542223
123052.40043592616	53473517.76384643
125342.42654613995	53159604.48666468
127675.07043192645	52891061.59143213
130051.12521734099	52633620.07672134
132471.39878661174	52371387.53161663
134936.71405883064	52104274.79422707
137447.90926775365	51832191.04334386
140005.8382468096	51555043.76756005
142611.37071941295	51272738.73381561
145265.39259467812	50985179.955357306
147968.80626863963	50692269.65910206
150722.53093107554	50393908.25239306
153527.5028780421	50089994.28913725
156384.67583022476	49780424.43531242
159295.0212572123	49483834.999003604
162259.5287078087	49231593.50153959
165279.2061464897	48974657.74688732
168355.08029612005	48712940.37412187
171488.19698705408	48446352.39651642
174679.62151272455	48174803.17128621
177930.43899185772	47898200.36876877
181241.75473742394	47616449.94103083
184614.69463245454	47329456.08989123
188050.40551285836	47037121.2343481
191550.0555573528	46739345.97740087
195114.83468466165	46436029.0722536
198745.9549580986	46127067.38789031
202444.65099768018	45867102.81184141
206212.18039991445	45617209.9307285
210049.8241653915	45362666.50057732
213958.88713434213	45103385.973878965
217940.6984302958	44839280.19246059
221996.61191199525	44570259.3575109
226128.00663372793	44296231.999047235
230336.2873142131	44017104.94481519
234622.88481422624	43732783.28860876
238989.25662310526	43443170.35800126
243436.8873543108	43148167.681475855
247967.289250216	42847674.954943806
252582.00269627848	42562540.792494
257282.59674479323	42321438.45507937
262070.66964838552	42075849.16214039
266947.8494034318	41825689.4106714
271915.7943036019	41570874.14366132
276976.1935036891	41311316.721173905
282130.76759394706	41046928.890888736
287381.2691851069	40777620.75809476
292729.4835042813	40503300.755125135
298177.22900196735	40223875.61022302
303726.3579703311	39939250.315828435
309378.75717301364	39649328.09627451
315136.34848664823	39354010.374882616
321001.08955431683	39110277.068070546
326974.97445117676	38875302.1134115
333060.03436245886	38635954.2348639
339258.33827409917	38392152.051570036
345571.9936762143	38143812.66816064
352003.1472796675	37890851.64656968
358553.9857459817	37633182.977323964
365226.7364308175	37370719.050299786
372023.6681413066	37103370.624933854
378947.09190746717	36831046.79988089
385999.36176797637	36553654.98210628
393182.87557057705	36271100.85540291
400500.07578736113	36005840.10662391
407953.45034524484	35782915.14988959
415545.53347188793	35555841.52177841
423278.90655735444	35324542.01481022
431156.19903182285	35088937.98466029
439180.0892596086	34848949.323419854
447353.3054498463	34604494.43235826
455678.6265841068	34355490.194178484
464158.8833612772	34101851.94475671
472796.9591600391	33843493.444355056
481595.79101923504	33580326.84829971
490558.37063650455	33312262.67711241
499687.7453854889	33039209.78608657
508987.0193519675	32818444.29681061
518459.3543892913	32604804.61149472
528107.971193433	32387189.05528309
537936.1503980698	32165523.63654175
547947.2336900292	31939732.986639928
558144.6249454955	31709740.334323853
568531.7913873753	31475467.47961349
579112.2647641759	31236834.76721407
589889.6425508494	30993761.059432138
600867.5891719692	30746163.708587885
612049.837247669	30493958.528914332
623440.1888627863	30237059.767932758
635042.5168595961	29998592.634519804
646860.7661546321	29799196.08315224
658898.9550799957	29596088.728035208
671161.1767496272	29389201.510479543
683651.6004510238	29178464.08660205
696374.4730628222	28963804.803407975
709334.1204987989	28745150.674428094
722534.9491787221	28522427.354902565
735981.4475265755	28295559.11650302
749678.1874966878	28064468.82158381
763629.8261282243	27829077.896954797
777841.1071286482	27589306.307165273
792316.8624866261	27345072.527291153
807062.0141149492	27151626.51962722
822081.575524054	26963483.266092192
837380.6535266489	26771838.6345952
852964.4499741016	26576627.46389657
868838.2635251193	26377783.380094875
885007.4914473438	26175238.774059124
901477.6314524917	25968924.77844089
918254.2835656281	25758771.24425863
935343.1520292377	25544706.717046354
952750.0472427299	25326658.412558295
970480.8877380306	25104552.19202151
988541.7021919573	24878312.536927827
1006938.6314760271	24670694.5839078
1025677.9307444209	24497618.853903335
1044765.9715608053	24321322.155113615
1064209.2440647245	24141744.544761512
1084014.359178331	23958824.964524534
1104188.0508541602	23772501.219774485
1124737.1783647507	23582709.958430547
1145668.7286348727	23389386.64941886
1166989.8186171474	23192465.560731374
1188707.6977119034	22991879.737076104
1210829.7502320393	22787560.977111734
1233363.4979137746	22579439.810258374
1256316.6024741214	22367445.473076787
1279696.8682159416	22202786.08852114
1303512.2446815087	22041622.802245386
1327770.829355429	21877460.23978912
1352480.8704178738	21710242.5841123
1377650.769549055	21539912.979410235
1403289.084785873	21366413.511782087
1429404.533431761	21189685.189539395
1456005.9950206485	21009667.923148412
1483102.514336103	20826300.504798863
1510703.3044866556	20639520.587592743
1538817.7500383465	20449264.664345745
1567455.410205595	20255468.045993913
1596626.022101425	20079611.300740853
1626339.5040481905	19933100.955380663
1656605.9589499151	19783864.02756369
1687435.6777273756	19631849.77512651
1718839.1428171454	19477006.511585318
1750827.0317357269	19319281.588562135
1783410.220710006	19158621.37788368
1816599.7883753285	18994971.253347144
1850407.019542302	18828275.57214698
1884843.4090337954	18658477.655955404
1919920.6655932867	18485519.77165136
1955650.715865947	18309343.11169063
1992045.7084538713	18129887.774110485
2029118.0180466783	17992984.437864203
2066880.2496290822	17857974.580328282
2105345.242766708	17720452.16637088
2144526.0759716653	17580370.436889496
2184436.0711494284	17437681.762586694
2225088.7981283693	17292337.627775803
2266498.079273693	17144288.613884903
2308677.994187172	16993484.382654052
2351642.884494346	16839873.65901979
2395407.358720879	16683404.213680882
2439986.29725955	16524022.845340021
2485394.857429798	16361675.36261464
2531648.478631358	16215943.998760527
2578762.8875937983	16094314.97533406
2626754.1037238385	15970422.415085696
2675638.4445520453	15844224.193210064
2725432.531281028	15715677.400951952
2776153.2944368036	15584738.331016885
2827817.979625338	15451362.4627103
2880444.1533962977	15315504.4467998
2934049.709215787	15177118.090096168
2988652.873550383	15036156.33974701
3044272.2120643063	14892571.267238349
3100926.6359319235	14746314.052098487
3158635.408267819	14597334.965298297
3217418.1506763715	14485511.719158271
3277294.849923382	14374293.936010955
3338285.8647317644	14261006.370994886
3400411.9327037027	14145610.505117336
3463694.1773717343	14028067.102540491
3528154.1153808828	13908336.197240975
3593813.6638046256	13786377.079420919
3660695.147596906	13662148.281666141
3728821.30718283	13535607.5648469
3798215.306190736	13406711.903755967
3868900.7393279755	13275417.47247978
3940901.6404034477	13141679.629497014
4014242.490499326	13022867.049057934
4088948.226294856	12923324.474968994
4165044.248545185	12821929.396638481
4242556.430717777	12718647.33864727
4321511.127789762	12613443.183982786
4401935.1852088785	12506281.162098862
4483855.948021181	12397124.83675344
4567301.270168747	12285937.093619721
4652299.523960189	12172680.12766703
4738879.609717651	12057315.430306617
4827070.965603188	11939803.776298318
4916903.577628021	11820105.210413637
5008407.989848212	11698179.033850402
5101615.314749833	11607993.543521397
5196557.243827657	11517466.99807369
5293266.058360566	11425255.738211552
5391774.640387494	11331328.411113104
5492116.483887789	11235653.080475042
5594325.706169377	11138197.215654086
5698437.0594691355	11038927.680606112
5804485.942768984	10937810.722619576
5912508.413831869	10834811.960839286
6022541.201461928	10729896.374576377
6134621.717992506	10623028.291401124
6248788.072006888	10514171.375013731
6365079.081295578	10418418.16324403
6483534.286054714	10337759.99527813
6604193.962330305	10255600.765081897
6727099.135712336	10171912.537631841
6852291.595284057	10086666.858028889
6979813.907830667	9999834.74182345
7109709.432312423	9911386.66516045
7242022.334607315	9821292.554740753
7376797.60252773	9729521.777596116
7514081.061116962	9636043.130673466
7653919.388230155	9540824.830225619
7796360.130405221	9443834.501004506
7941451.71902934	9345039.165253073
8089243.486805938	9272935.849833729
8239785.684528512	9199855.167047685
8393129.498166373	9125414.44031987
8549327.066268368	9049588.359001126
8708431.497690724	8972351.141406769
8870496.889654402	8893676.526050616
9035578.34613892	8813537.76271573
9203731.99661823	8731907.603359075
9375015.01514529	8648758.292846944
9549485.639791967	8564061.559517834
9727203.192450536	8477788.605569817
9908228.099003786	8389910.09726897
10092621.909870483	8313347.168372357
10280447.320933098	8248430.358497684
10471768.194855202	8182305.435745261
10666649.582795387	8114949.916928868
10865157.746525371	8046340.9004463535
11067360.180959744	7976455.058492857
11273325.63710487	7905268.629129125
11483124.14543511	7832757.408202134
11696827.039703846	7758896.741115474
11914506.981197748	7683661.514446498
12136237.983442418	7607026.147407481
12362095.437367693	7528964.58314791
12592156.13694151	7449739.971403563
12826498.3052806	7392138.750824759
13065201.621247198	7333465.561729785
13308347.24654076	7273700.454602159
13556017.853293689	7212823.108661504
13808297.652180923	7150812.824954247
14065272.421052363	7087648.51931578
14327029.534098294	7023308.7152015995
14593657.991557576	6957771.536385038
14865248.449978571	6891014.6995191695
15141893.25304352	6823015.50656015
15423686.462966273	6753750.837049695
15710723.892474487	6683197.140253852
16003103.137387017	6622299.474153707
16300923.609797413	6570284.778967986
16604286.571875297	6517302.081454248
16913295.17029647	6463333.3669244535
17228054.471313924	6408360.285434166
17548671.49648152	6352364.145543342
17875255.259042352	6295325.907961073
18207916.800994623	6237226.179072002
18546769.230846975	6178045.204342293
18891927.762076646	6117762.86160286
19243509.75230332	6056358.654207645
19601634.743191857	5993811.7040645145
19966424.501097932	5930799.694779746
20338003.0584698	5884721.074844562
20716496.75602067	5837784.923951834
21102034.285685964	5789975.28330452
21494746.734379806	5741275.897109665
21894767.628566206	5691670.207051234
22302232.979659364	5641141.346660114
22717281.330269028	5589672.135579324
23140053.80130654	5537245.0737225255
23570694.139967278	5483842.335323791
24009348.76860652	5429445.76287667
24456166.83452444	5374036.860960403
24911300.26067791	5317596.789951312
25374903.797335718	5269326.18972881
25847135.07469564	5227770.620311833
26328154.656480197	5185441.694677081
26818126.094530128	5142325.020533741
27317215.98441379	5098405.937748028
27825594.022071257	5053669.513358589
28343433.061513092	5008100.536499088
28870909.173592344	4961683.513226403
29408201.705870606	4914402.6612524735
29955493.34359816	4866241.90457819
30512970.171828706	4817184.868027356
31080821.738690637	4767214.871678972
31659241.119835205	4717247.760740041
32248424.98408439	4680473.062402702
32848573.66030047	4643013.9806718705
33459891.20549975	4604857.779056142
34082585.47423452	4565991.484035841
34716868.189265594	4526401.88065188
35362955.013550386	4486075.508012537
36021065.62357073	4444998.654716593
36691423.78402494	4403157.354191349
37374257.42391064	4360537.379943781
38069798.71402284	4317124.240723422
38778284.14589453	4272903.175595168
39499954.61220647	4227859.148920391
40235055.48869293	4189683.4749321598
40983836.717572615	4156546.2982556247
41746552.89253134	4122792.4330826523
42523463.34528677	4088410.4027353865
43314832.23376403	4053388.5169530464
44120928.631911896	4017714.8679171186
44942026.62119142	3981377.326202548
45778405.38376616	3944363.5366536183
46630349.29742726	3906660.914183066
47498148.03228505	3868256.6394930067
48382096.649259575	3829137.6547162523
49282495.700405136	3789290.6589764734
50199651.33110079	3749744.965624484
51133875.38414321	3720439.7438604543
52085485.50577665	3690589.1469329335
53054805.25369574	3660183.0253173374
54042164.20705915	3629211.040604692
55047898.078549676	3597662.661986476
56072348.82852027	3565527.1626740303
57115864.78126434	3532793.616251328
58178800.74344935	3499450.8929598946
59261518.124755524	3465487.6559145455
60364385.060758635	3430892.3572487338
61487776.53810017	3395653.234188154
62632074.521986924	3359758.3050512667
63797668.08606282	3329610.5182052203
64984953.54469889	3303218.0438790023
66194334.587743886	3276334.401114734
67426222.41778335	3248950.4491842138
68681035.88995308	3221056.8772487175
69959201.65435374	3192644.2011932503
71261154.30111745	3163702.7604018003
72587336.50817245	3134222.7144726645
73938199.19175874	3104194.0398725774
75314201.65974376	3073606.5265286295
76715811.76779301	3042449.7743567005
78143506.07844542	3010713.1897253455
79597770.02314977	2979454.746735849
81079098.06731695	2956124.134173064
82587993.87844272	2932359.334940644
84124970.49736118	2908152.268750787
85690550.51268347	2883494.7049401593
87285266.2384837	2858378.2596713845
88909659.89529167	2832794.393082442
90564283.79445294	2806734.406383033
92249700.52592173	2780189.438896886
93966483.1495469	2753150.4650490377
95715215.38991857	2725608.2912970367
97496491.83484097	2697553.5530050434
99310918.137498	2668976.7112597586
101159111.22238298	2645191.200239488
103041699.49505854	2624186.4981854428
104959323.05582266	2602790.89505209
106912633.91734771	2580997.116103837
108902296.22637327	2558797.7512210156
110928986.48952228	2536185.252380374
112993393.80332193	2513151.9310886576
115096220.0885031	2489689.955768441
117238180.32865997	2465791.349095318
119420002.8133535	2441447.9852855196
121642429.3857368	2416651.5873330534
123906215.6947913	2391393.7241954403
126212131.45225461	2366705.833844392
128560960.69432965	2348142.7845956474
130953502.04826704	2329234.2738417676
133390569.00390588	2309973.872485367
135872990.19027063	2290355.031782452
138401609.65731302	2270371.081115787
140977287.16289675	2250015.225726827
143600898.46512634	2229280.544405411
146273335.620113	2208159.9871364753
148995507.28528506	2186646.3727029767
151768339.02834037	2164732.3862441946
154592773.64194784	2142410.576768619
157469771.46430898	2119673.3546205144
160400310.70568198	2100918.9235063163
163385387.78098568	2084209.8583679143
166426017.64859018	2067189.8346841352
169523234.15541214	2049853.0654635427
172678090.38843593	2032193.6560177996
175891659.03277326	2014205.6019574204
179165032.73638958	1995882.7871502035
182499324.48161504	1977218.9816416833
185895667.9635688	1958207.839536892
189355217.9756299	1938842.8968426702
192879150.80207777	1919117.5692698536
196468664.61804405	1899025.149994525
200124979.8969035	1879536.7013630646
203849339.82524642	1864772.2087918671
207643010.7255779	1849732.9465016539
211507282.48687947	1834413.8009812026
215443469.00318778	1818809.5635559717
219452908.62033114	1802914.9286170993
223536964.59097964	1786724.4918174464
227697025.53816846	1770232.748234054
231934505.92744273	1753434.0904964097
236250846.547794	1736322.8068798748
240647515.00154215	1718893.0793636462
245126006.20333397	1701138.981652567
249687842.8884332	1683054.4771621197
254334576.13046482	1668272.705006893
259067785.8688001	1654984.3119949903
263889081.44575077	1641448.6197280332
268800102.15376073	1627661.0259248083
273802517.7927863	1613616.842654865
278898029.23804396	1599311.294744568
284088369.0183295	1584739.5181534877
289375301.9050947	1569896.5583205689
294760625.51248586	1554777.36847954
300246170.90855557	1539376.8079429506
305833803.23784316	1523689.640354281
311525422.35554785	1507710.5319075207
317322963.4734973	1492331.3590675201
323228397.81813806	1480590.3677502587
329243733.30077755	1468630.874586782
335371015.2002929	1456448.813220558
341612326.8585518	1444040.0416194564
347969790.3887688	1431400.3406674303
354445567.3970435	1418525.4127299658
361041859.71733445	1405410.8801928402
367760910.160103	1392052.2839736848
374605003.2748981	1378445.0820058442
381576466.1271245	1364584.6476940343
388677669.0892668	1350466.2683412458
395911026.6468467	1336085.1435463747
403278998.21937054	1324437.265109603
410784088.99656343	1313870.6148118451
418428850.79015756	1303107.317354065
426215882.9015325	1292143.7130991563
434147833.0055101	1280976.0743035413
442227398.0505897	1269600.6038497016
450457325.17594445	1258013.4339551108
458840412.64547515	1246210.624857153
467379510.7992463	1234188.1634735654
476077523.0226378	1221941.9620379345
484937406.7335233	1209467.8567098253
493962174.38783056	1196761.6061590158
503154894.5038046	1184627.4071303485
512518692.70533323	1175291.4348781444
522056752.7846986	1165781.7185937555
531772317.7850967	1156095.0248711815
541668691.1033136	1146228.060130181
551749237.6129117	1136177.4694964255
562017384.8083187	1125939.8356608083
572476623.970219	1115511.677717515
583130511.3526218	1104889.449980486
593982669.3920338	1094069.5407778365
605036787.9391212	1083048.2712238496
616296625.5132942	1071821.8939681284
627766010.5806513	1060386.591921444
639448842.8556936	1051209.3092731189
651349094.6272782	1042807.1225036907
663470812.1092337	1034248.5696087996
675818116.816111	1025530.7405882456
688395206.964551	1016650.6712862283
701206358.9007177	1007605.3423835053
714255928.5543104	998391.6783707864
727548352.9196217	989006.5465030284
741088151.5641569	979446.7557342758
754879928.1653446	969709.0556326604
768928372.0758306	959790.1352752282
783238259.9179205	949686.6221221788
797814457.2076613	940113.4121314522
812661920.0091946	932689.6427082919
827785696.619849	925127.7156729682
843190929.286625	917425.0598888111
858882855.9546258	909579.0563698569
874866812.0479896	901587.037390372
891148232.2840202	893446.2855777872
907732652.5210242	885154.0329887724
924625711.6405733	876707.4601681024
941833153.4647961	868103.6951900026
959360828.7093127	859339.81268168
977214696.9725724	850412.8328286485
995400828.7621539	841319.7203615733
1013925407.5588143	834089.198396173
1032794731.9189526	827407.6549880222
1052015217.6161569	820601.7669201423
1071593399.8226712	813669.2201172563
1091535935.3313932	806607.6574387527
1111849604.81927	799414.6778772372
1132541315.1528125	792087.8357421525
1153618101.736476	784624.6398282291
1175087130.9048076	777022.5525684381
1196955702.3590453	769278.9891712023
1219231251.6491096	761391.3167415321
1241921352.7017846	753356.8533858092
1265033720.3959012	745803.97550253
1288576213.185518	739900.0850420446
1312556835.7718453	733886.3221755072
1336983741.8249452	727760.6421587474
1361865236.7560828	721520.9621945532
1387209780.541618	715165.160724508
1413025990.5995336	708691.0767076261
1439322644.7194095	702096.5088855858
1466108684.0469828	695379.2150342738
1493393216.1242533	688536.9112014001
1521185517.9861019	681567.2709299386
1549495039.3146317	674467.9244670982
1578331405.6521199	667236.4579585881
1607704421.673822	661539.3577515269
1637624074.521689	656225.2497811595
1668100537.2000556	650812.2453572375
1699144172.0346258	645298.5039999303
1730765534.1957276	639682.1509777675
1762975375.2872038	633961.2766702076
1795784647.0020967	628133.9359183415
1829204504.8462899	622198.1473635277
1863246311.9315598	616151.8927736975
1897921642.8391032	609993.1163571444
1933242287.5550432	603719.724063528
1969220255.4791734	597329.5828718711
2005867779.5082297	591369.9874716448
2043197320.1952705	586673.8264715101
2081221569.9863415	581890.269116084
2119953457.536069	577017.6889443229
2159406152.1035676	572054.4292264655
2199593068.0300703	566998.8024007323
2240527869.3000183	561849.0894995253
2282224474.1869006	556603.5395649726
2324697059.9856453	551260.3690535774
2367960067.833079	545817.7612297917
2412028207.618002	540273.8655483141
2456916462.98279	534626.7970248759
2502640096.4179215	528874.6355953343
2549214654.4514203	524384.9828686923
2596655972.934872	520157.3345602487
2644980182.4277143	515851.0089974262
2694203713.6818824	511464.5419831319
2744343303.2283683	506996.44207131775
2795415999.067865	502445.190059871
2847439166.4672475	497809.23847406957
2900430493.8639855	493087.01104042144
2954407998.8803797	488276.9021507169
3009390034.449724	483377.27631610597
3065395295.056536	478386.46761101246
3122442823.0928583	473302.7791067023
3180552015.3329134	468599.30609964
3239742629.5281954	464862.5940173766
3300034791.1252885	461056.3410874383
3361449000.108775	457179.25314281735
3424006137.9714255	453230.01193183794
3487727474.8141704	449207.27466993534
3552634676.5781393	445109.6735830951
3618749812.411284	440935.8154427973
3686095362.1721687	436684.2810923018
3754694224.0733366	432353.6249641204
3824569722.4669914	427942.37458850665
3895745615.775501	423449.0300928011
3968246104.5694857	418872.06369146105
4042095839.796318	415332.8699691713
4117319931.1616793	411968.2170919285
4193943955.6671777	408540.9474521245
4271993966.306777	405049.89574115205
4351496500.925055	401493.8749638155
4432478591.24041	397871.6760347347
4514967772.036101	394182.06736724556
4598992090.5224285	390423.79445464554
4684580115.873045	386595.5794436484
4771760948.938751	382696.12069990305
4860564232.142149	378724.0923654204
4951020159.556351	374678.1439077695
5043159487.171348	370964.6745651845
5137013543.351338	367989.9617192157
5232614239.486667	364959.88896101783
5329994080.844104	361873.426033205
5429186177.618942	358729.5235051261
5530224256.192888	355527.11241604615
5633142670.601352	352265.10391168814
5737976414.21414	348942.38887401373
5844761131.633649	345557.83754410857
5953533130.81437	342110.2991380528
6064329395.408049	338598.6014556411
6177187597.338489	335021.5504818225
6292146109.610351	331377.9299807246
6409244019.35647	328586.6316523539
6528521141.127848	325907.26504929824
6650018030.431105	323178.0349778496
6773775997.517745	320398.0134703759
6899837121.430025	317566.2552896109
7028244264.308367	314681.79760726116
7159041085.964888	311743.6596766358
7292272058.728297	308750.8424991799
7427982482.56491	305702.3284848051
7566218500.481063	302597.0811058999
7707027114.212319	299434.0445448968
7850456200.204509	296212.1433352846
7996554525.892329	293278.6597186603
8145371766.280737	290908.9248165914
8296958520.834915	288495.08874477044
8451366330.684739	286036.3307729243
8608647696.149244	283531.81489685044
8768856094.587408	280980.6895541644
8932045998.58096	278382.08733476105
9098272894.455566	275735.1246858871
9267593301.146902	273038.90161172097
9440064789.417603	270292.50136736676
9615746001.432076	267494.9901471486
9794696670.695385	264645.41676710855
9976977642.36321	261742.8123415939
10162650893.929972	259539.7560098995
10351779556.301762	257404.3486604443
10544427935.261662	255229.20101686323
10740661533.334322	253013.57350552038
10940547072.057436	250756.71278918916
11144152514.667904	248457.85151090875
11351547089.20999	246116.20803307497
11562801312.07373	243730.98617167407
11777987011.97118	241301.37492557228
11997177354.358854	238826.54820076772
12220446866.314913	236305.66452950783
12447871461.879063	233737.8667841831
12679528467.864315	231418.62928238747
12915496650.148827	229528.99040358132
13155856240.457052	227604.1850237071
13400688963.639534	225643.5586881965
13650078065.460136	223646.44476297003
13904108340.900667	221612.16420777433
14162866162.991974	219540.02534530094
14426439512.181587	217429.3236260102
14694918006.248201	215279.3413885749
14968392930.772554	213089.34761586908
15246957270.1757	210858.59768641254
15530705739.334583	208586.333121193
15819734815.786015	206271.78132577534
16114142772.530231	204531.1304487043
16414029711.444664	202827.27265404275
16719497597.31985	201091.7057759009
17030650292.528427	199323.83970283932
17347593592.339325	197523.0733413452
17670435260.889503	195688.79441145243
17999285067.824764	193820.37923856123
18334254825.62285	191917.19254138076
18675458427.61074	189978.5872159264
19023011886.689457	188003.90411550025
19377033374.77993	185992.47182657087
19737643263.002552	183943.60644048796
20104964162.604927	182107.80773717046
20479120966.650833	180598.92347835403
20860240892.485046	179061.95862673543
21248453524.988873	177496.39059770436
21643890860.6402	175901.6870812626
22046687352.394028	174277.30586103152
22456979955.397717	172622.6946298935
22874908173.55704	170937.29080220195
23300614106.96929	169220.52132249554
23734242500.23866	167471.80247065352
24175940791.69123	165690.5396634238
24625859163.505444	163876.12725225865
25084150592.775414	162027.94831738863
25550970903.525124	160650.5046203987
26026478819.690044	159288.76179122925
26510836019.085308	157901.67669630033
27004207188.377697	156488.77771173365
27506760079.080673	155049.58443665094
28018665564.59201	153583.6075298316
28540097698.292374	152090.34854333205
29071233772.725693	150569.2997530068
29612254379.880314	149019.94398587753
30163343472.591972	147441.75444428998
30724688427.090096	145834.1945267951
31296480106.707504	144196.71764570012
31878912926.77636	142741.09758875932
32472184920.731255	141533.9136427811
33076497807.442425	140304.2637981586
33692057059.802742	139051.72996069552
34319071974.590427	137775.88625539144
34957755743.632645	136476.2988816391
35608325526.29274	135152.52596572842
36271002523.30648	133804.11741060475
36946012051.993095	132430.61474283048
37633583622.865326	131031.55095669958
38333951017.6659	129606.45035544972
39047352368.85556	128154.82838952084
39774030240.58036	126676.19149180397
40514231711.14655	125583.72914524243
41268208457.02952	124492.91058026798
42036216838.44701	123381.79169619002
42818517986.52406	122249.99470061566
43615377892.080055	121097.13477037162
44427067496.06892	119922.81992065969
45253862781.70167	118726.65087177826
46096044868.284195	117508.22091336177
46953900106.80053	116267.1157660958
47827720177.27485	115002.91344085777
48717802187.94641	113715.18409523544
49624448776.28914	112403.48988737645
50547968211.912254	111246.49898231751
51488674501.37487	110278.06424567284
52446887494.95119	109291.60677379422
53422932995.38363	108286.7911605123
54417142868.658875	107263.27575769203
55429855156.84652	106220.71255906805
56461414193.036606	105158.74708191906
57512170718.41614	104077.01824654058
58582482001.525475	102975.15825347313
59672711959.7331	101852.79245844681
60783231282.972115	100709.53924499775
61914417559.77835	99545.0098947149
63066655405.67406	98358.80845507163
64240336593.94204	97489.59857798729
65435860188.83229	96612.98697491465
66653632681.24893	95720.06148074819
67894068126.96099	94810.51849119847
69157588287.38525	93884.04875184907
70444622772.99051	92940.33725300602
71755609189.36922	91979.06312259151
73090993286.02888	90999.89951704348
74451229107.95128	90002.51351018544
75836779149.97191	88986.56598002862
77248114514.03416	87951.71149346598
78685715069.36842	86897.59818882201
80150069615.6538	85974.77920536122
81641676049.21454	85194.9065275021
83161041532.30962	84400.520286408
84708682665.57419	83591.35038219755
86285125663.66887	82767.12168838485
87890906534.19963	81927.55395833268
89526571259.96382	81072.36172996697
91192675984.59299	80201.25422871513
92889787201.64516	79313.93526864078
94618481947.21991	78410.1031517371
96379347996.15794	77489.45056534518
98172984061.88821	76551.66447766613
100000000000.0	75596.42603132529
