# Frequency (Hz)	Real Part (Ohm/m)
1000.0	3443286.9393183724
1018.6101701559753	3455815.4179686154
1037.566678745186	3468577.053738337
1056.875971184804	3481576.1857212
1076.5446128423157	3494817.2337621446
1096.5792912678098	3508304.699960175
1116.9868184678226	3522043.1701991227
1137.7741332214914	3536037.3157069013
1158.9483034398106	3550291.894643766
1180.5165285688054	3564811.753720148
1202.4861420374123	3579601.829844583
1224.8646137509306	3594667.151802312
1247.6595526308697	3610012.8419651296
1270.8787092020582	3623817.3308841432
1294.529978227916	3636124.9545907625
1318.6214013947485	3648661.6252687783
1343.1611700460153	3661431.6055213
1368.1576279674719	3674439.237279211
1393.619274224142	3687688.9432774624
1419.5547660501015	3701185.228558859
1445.9729217920194	3714932.6820058143
1472.882723907502	3728935.9779006294
1500.2933220192183	3743199.877514792
1528.2140360258693	3757729.2307278616
1556.654359271062	3772528.9776764833
1585.6239617711371	3787515.8793051993
1615.132693503091	3799307.1951623126
1645.1905877536624	3811317.949413889
1675.807864530767	3823552.2258457886
1706.9949340384078	3836014.184243821
1738.7624002162504	3848708.0618081177
1771.1210643450886	3861638.174593826
1804.0819287193826	3874808.9189786105
1837.6562003881704	3888224.7731574783
1871.8552949655793	3901890.298665402
1906.690840512252	3915810.141928298
1942.1746814890264	3929989.035842863
1978.3188827841643	3944431.8013858004
2015.1357338155585	3957255.470397712
2052.6377527092523	3968678.2928036423
2090.8376905557498	3980313.6958782086
2129.748535745521	3992165.635783826
2169.3835183851843	4004238.142307765
2209.756114795903	4016535.320232324
2250.880052095462	4029061.350730497
2292.7693128656488	4041820.4927876196
2335.438139906479	4054817.084649471
2378.9010410788933	4068055.5452973177
2423.1727942376006	4081540.3759504254
2468.2684522556924	4095276.16159651
2514.2033481427966	4109095.5500551234
2560.9931002584594	4119873.379674292
2608.6536176225477	4130851.786536587
2657.2011053245064	4142034.5034186305
2706.652070033241	4153425.332564654
2757.0233256095826	4165028.1469793026
2808.3319988231724	4176846.891744497
2860.5955351757416	4188885.585360801
2913.831704832789	4201148.3211137615
2968.0586086656026	4213639.268465661
3023.2946844057765	4226362.674473188
3079.5587129142264	4239322.8652314795
3136.8698245668766	4252524.247345038
3195.2475057592133	4264072.411524105
3254.711605531848	4274344.891549672
3315.282342319423	4284808.544176439
3376.9803108250912	4295466.927159043
3439.8264890229243	4306323.664462541
3503.8422452906757	4317382.447494596
3569.0493456752292	4328647.036360594
3635.4699612933177	4340121.261142128
3703.126675869927	4351809.023199253
3772.0424934169973	4363714.296497003
3842.240846055061	4375841.128956579
3913.745601980384	4388193.643831679
3986.581073580439	4400532.0143596
4060.7720257003657	4410062.4254854405
4136.343684063274	4419770.199183989
4213.321743847289	4429658.636202903
4291.732378422157	4439731.098717315
4371.602248248501	4449991.011473011
4452.958509942655	4460441.862950875
4535.828825510186	4471087.206553018
4620.241371751313	4481930.661810965
4706.224849841281	4492975.915616342
4793.808495089106	4504226.723474451
4883.02208687788	4515686.9107811935
4973.895958790063	4527360.3741237335
5066.461008921268	4537408.846399773
5160.7487103859075	4546338.859973385
5256.791122018419	4555435.0626190975
5354.620899273607	4564700.547143821
5454.271305329836	4574138.463912126
5555.7762223988775	4583752.021917406
5659.170163246242	4593544.48987297
5764.488282925873	4603519.197323433
5871.766390733255	4613679.535776805
5981.040962380945	4624028.959857639
6092.349152400711	4634570.988481631
6205.7288067765	4645309.206052107
6321.218475812449	4655950.582078994
6438.8574272404185	4664095.10092586
6558.685659571435	4672391.190654304
6680.743915695614	4680841.672024224
6805.073696735206	4689449.418290338
6931.717276155407	4698217.356179121
7060.717714137772	4707148.466883934
7192.118872221193	4716245.787078646
7325.96542821523	4725512.409950144
7462.302891391108	4734951.48625005
7601.17761795533	4744566.225366015
7742.636826811269	4754359.896412932
7886.728615614156	4764335.829344485
8033.501977124735	4772776.246696758
8183.00681586739	4780274.756357105
8335.293965098195	4787912.814558147
8490.415204088747	4795693.018321973
8648.423275731726	4803618.013001692
8809.37190447399	4811690.493180885
8973.31581458352	4819913.203589794
9140.310748756232	4828288.940038556
9310.413487069076	4836820.550367811
9483.681866285926	4845510.9354169965
9660.174799522645	4854363.05001067
9839.952296278227	4863379.903963171
10023.075482838643	4872236.899437967
10209.606623060476	4878943.810677475
10399.609139541202	4885775.538676372
10593.1476351837	4892734.4062957885
10790.287915161836	4899822.7796256915
10991.097009294961	4907043.068789397
11195.643194838794	4914397.728763013
11403.99601970033	4921889.260210179
11616.22632608502	4929520.210332302
11832.40627458378	4937293.173734653
12052.609368708414	4945210.793308536
12276.910479883603	4953275.76112992
12505.385872903913	4961490.819374762
12738.113231864783	4968290.279421077
12975.171686575868	4974316.139778808
13216.641839466038	4980454.142423134
13462.60579298911	4986706.374341087
13713.147177539455	4993074.961358889
13968.351179887397	4999562.068864746
14228.30457214352	5006169.902545106
14493.09574126215	5012900.709134621
14762.81471909391	5019756.777180053
15037.553212997384	5026740.437818411
15317.404637020798	5033854.065569559
15602.46414366368	5041100.079143585
15892.828656229764	5048137.648682074
16188.596901781993	5053342.822100396
16489.86944471065	5058644.8646817235
16796.74872092653	5064045.579177664
17109.339072690134	5069546.801889338
17427.746784089173	5075150.40329174
17752.08011717636	5080858.28866973
18082.44934877952	5086672.398765833
18418.96680799711	5092594.710440132
18761.746914391195	5098627.237342405
19110.90621689136	5104772.030596798
19466.56343342263	5111031.179499233
19828.83949127071	5117406.812227771
20197.857568198782	5122473.466838322
20573.743134329114	5126900.397272591
20956.623994804308	5131409.713635506
21346.630333242454	5136002.949143224
21743.8947560008	5140681.665545309
22148.55233726359	5145447.453655747
22560.74066496859	5150301.933893847
22980.599887588487	5155246.756835196
23408.272761782944	5160283.603772876
23843.904700937208	5165414.187289117
24287.643824604504	5170640.251837594
24739.64100886812	5175963.574336564
25200.049937640895	5181032.81072344
25669.027154919517	5184516.081942169
26146.732118010917	5188064.177430979
26633.327251749808	5191678.303580565
27128.978003724646	5195359.68923276
27633.852900531667	5199109.586098352
28148.123605075813	5202929.269182681
28671.964974937695	5206820.037219151
29205.55512182745	5210783.213110816
29749.075472144435	5214820.144380184
30302.71082866393	5218932.203627382
30866.649433372742	5223120.788996863
31441.08303147265	5227387.324652781
32026.206936576502	5230419.767815812
32622.220097116733	5232906.076073813
33229.325163989684	5235438.654951557
33847.72855945983	5238018.365553148
34477.640547344636	5240646.085007988
35119.275304507275	5243322.706769004
35772.850993678774	5246049.140916438
36438.58983763541	5248826.314467273
37116.71819475767	5251655.171690442
37807.466635993485	5254536.674427882
38511.070023255685	5257471.802421571
39227.76758927723	5260461.55364665
39957.803018952654	5263150.065375709
40701.42453219439	5264447.858935249
41458.88496832911	5265769.804653763
42230.441872066716	5267116.352007034
43016.35758106799	5268487.958835672
43816.89931514194	5269885.091500778
44632.33926710397	5271308.225042511
45462.95469532399	5272757.843341613
46309.02801799736	5274234.43928392
47170.84690917023	5275738.514927967
48048.704396551344	5277270.581675676
48942.89896114532	5278831.16044625
49853.73463873894	5280420.781853285
50781.5211232767	5280859.174188488
51726.57387216024	5280824.846662545
52689.21421350677	5280789.880295498
53669.76945540476	5280754.263198415
54668.57299720181	5280717.983261093
55685.96444286408	5280681.028147966
56722.28971644549	5280643.385293893
57777.90117970507	5280605.041899901
58853.1577519145	5280565.984928823
59948.42503189408	5280526.201100868
61064.07542232036	5280485.676889104
62200.48825634718	5280444.398514864
63358.04992658254	5280069.6706637265
64537.15401646702	5278531.444576781
65738.20143409586	5276964.591840622
66961.60054853215	5275368.579708433
68207.76732865692	5273742.865518892
69477.1254846024	5272086.896511659
70770.10661181889	5270400.1096394295
72087.15033782135	5268681.93137649
73428.70447166759	5266931.777523718
74795.22515621828	5265149.053009947
76187.17702322999	5263333.151689635
77605.0333513357	5261483.456136766
79049.2762269642	5259599.337434919
80520.39670825469	5256752.264273985
82018.8949920221	5253518.88364165
83545.28058382872	5250225.329245567
85100.07247122246	5246870.481241755
86683.79930019773	5243453.198945748
88296.99955494082	5239972.3204447385
89940.22174092053	5236426.662202533
91614.0245713852	5232815.0186571255
93318.9771573324	5229136.161810796
95055.65920101192	5225388.840812576
96824.66119303115	5221571.78153295
98626.5846131283	5217683.686130634
100462.04213468132	5213484.43365032
102331.65783302448	5208483.994957628
104236.06739764012	5203390.497250009
106175.9183482999	5198202.208683364
108151.87025522892	5192917.365183673
110164.59496336569	5187534.169847205
112214.77682079801	5182050.792329544
114303.11291144785	5176465.36822325
116430.31329208757	5170775.998423943
118597.10123376705	5164980.748484592
120804.21346773289	5159077.647957774
123052.40043592616	5153064.6897257045
125342.42654613995	5146939.829317792
127675.07043192645	5140258.908550535
130051.12521734099	5133314.68474112
132471.39878661174	5126241.227745008
134936.71405883064	5119036.132510611
137447.90926775365	5111696.94922791
140005.8382468096	5104221.182495512
142611.37071941295	5096606.290472179
145265.39259467812	5088849.68401257
147968.80626863963	5080948.725786917
150722.53093107554	5072900.729384287
153527.5028780421	5064702.958399193
156384.67583022476	5056352.625501163
159295.0212572123	5047814.959094192
162259.5287078087	5039033.439616306
165279.2061464897	5030088.494566704
168355.08029612005	5020977.082567699
171488.19698705408	5011696.105641028
174679.62151272455	5002242.408154538
177930.43899185772	4992612.775749221
181241.75473742394	4982803.934246303
184614.69463245454	4972812.548533984
188050.40551285836	4962635.221433461
191550.0555573528	4952268.492543865
195114.83468466165	4941708.837065674
198745.9549580986	4930952.664602245
202444.65099768018	4920329.000871574
206212.18039991445	4909598.231206569
210049.8241653915	4898667.760092194
213958.88713434213	4887533.871050495
217940.6984302958	4876192.77843923
221996.61191199525	4864640.6261647185
226128.00663372793	4852873.486370711
230336.2873142131	4840887.358102885
234622.88481422624	4828678.165948485
238989.25662310526	4816241.758650624
243436.8873543108	4803573.907696821
247967.289250216	4790670.305881258
252582.00269627848	4777831.47845252
257282.59674479323	4765471.77468414
262070.66964838552	4752882.05472555
266947.8494034318	4740058.03793632
271915.7943036019	4726995.364012554
276976.1935036891	4713689.591504379
282130.76759394706	4700136.19630577
287381.2691851069	4686330.570116321
292729.4835042813	4672268.018874379
298177.22900196735	4657943.761160995
303726.3579703311	4643352.926574209
309378.75717301364	4628490.554073044
315136.34848664823	4613351.59029071
321001.08955431683	4599275.589325314
326974.97445117676	4585250.81874428
333060.03436245886	4570965.044796336
339258.33827409917	4556413.41016441
345571.9936762143	4541590.967135935
352003.1472796675	4526492.675920576
358553.9857459817	4511113.402936631
365226.7364308175	4495447.9190655835
372023.6681413066	4479490.897874118
378947.09190746717	4463236.913803095
385999.36176797637	4446680.440322802
393182.87557057705	4429815.848053854
400500.07578736113	4413379.829089039
407953.45034524484	4398194.185292924
415545.53347188793	4382725.934081834
423278.90655735444	4366969.816083692
431156.19903182285	4350920.474048606
439180.0892596086	4334572.451027355
447353.3054498463	4317920.188515967
455678.6265841068	4300958.024565755
464158.8833612772	4283680.191858224
472796.9591600391	4266080.815744071
481595.79101923504	4248153.912245799
490558.37063650455	4229893.386023055
499687.7453854889	4211293.028300164
508987.0193519675	4194783.601209775
518459.3543892913	4178444.173760173
528107.971193433	4161800.6667854846
537936.1503980698	4144847.421314005
547947.2336900292	4127578.673059603
558144.6249454955	4109988.55046181
568531.7913873753	4092071.0726894033
579112.2647641759	4073820.1476068883
589889.6425508494	4055229.569703084
600867.5891719692	4036293.0179811902
612049.837247669	4017004.053809588
623440.1888627863	3997356.118732617
635042.5168595961	3978551.7680053185
646860.7661546321	3961663.9982163683
658898.9550799957	3944461.944158088
671161.1767496272	3926939.756946756
683651.6004510238	3909091.478849912
696374.4730628222	3890911.0412606965
709334.1204987989	3872392.2626344357
722534.9491787221	3853528.8463868573
735981.4475265755	3834314.378753193
749678.1874966878	3814742.3266074047
763629.8261282243	3794806.0352408835
777841.1071286482	3774498.7260997538
792316.8624866261	3753813.4944800944
807062.0141149492	3736153.6134505863
822081.575524054	3718713.7810897515
837380.6535266489	3700949.390481191
852964.4499741016	3682854.4015406887
868838.2635251193	3664422.6617770307
885007.4914473438	3645647.904200103
901477.6314524917	3626523.745190031
918254.2835656281	3607043.682326691
935343.1520292377	3587201.092178817
952750.0472427299	3566989.2280519516
970480.8877380306	3546401.2176945196
988541.7021919573	3525430.0609611613
1006938.6314760271	3505689.466236085
1025677.9307444209	3488307.9242103184
1044765.9715608053	3470602.908729877
1064209.2440647245	3452568.399898733
1084014.359178331	3434198.265789562
1104188.0508541602	3415486.2603588304
1124737.1783647507	3396426.021323073
1145668.7286348727	3377011.0679956456
1166989.8186171474	3357234.7990832254
1188707.6977119034	3337090.4904412967
1210829.7502320393	3316571.2927878657
1233363.4979137746	3295670.22937464
1256316.6024741214	3274380.193614851
1279696.8682159416	3256800.4681099015
1303512.2446815087	3239418.9411058463
1327770.829355429	3221713.9409266757
1352480.8704178738	3203679.44768156
1377650.769549055	3185309.3294484736
1403289.084785873	3166597.340189286
1429404.533431761	3147537.117626028
1456005.9950206485	3128122.181077657
1483102.514336103	3108345.9292565533
1510703.3044866556	3088201.6380240098
1538817.7500383465	3067682.4581039585
1567455.410205595	3046781.412754135
1596626.022101425	3027405.5450456114
1626339.5040481905	3010566.9146428052
1656605.9589499151	2993414.914463008
1687435.6777273756	2975943.71264135
1718839.1428171454	2958147.368780962
1750827.0317357269	2940019.8319331766
1783410.220710006	2921554.938540149
1816599.7883753285	2902746.410339161
1850407.019542302	2883587.8522279714
1884843.4090337954	2864072.750090389
1919920.6655932867	2844194.4685814134
1955650.715865947	2823946.2488711504
1992045.7084538713	2803321.20634672
2029118.0180466783	2786773.760303762
2066880.2496290822	2770350.128693204
2105345.242766708	2753620.8505037944
2144526.0759716653	2736580.2376006953
2184436.0711494284	2719222.495991904
2225088.7981283693	2701541.7238582526
2266498.079273693	2683531.909546703
2308677.994187172	2665186.929526339
2351642.884494346	2646500.5463062897
2395407.358720879	2627466.4063149123
2439986.29725955	2608078.037739524
2485394.857429798	2588328.848325901
2531648.478631358	2570277.6476523266
2578762.8875937983	2554710.9333478617
2626754.1037238385	2538854.519841418
2675638.4445520453	2522703.015781558
2725432.531281028	2506250.9294828693
2776153.2944368036	2489492.6670587393
2827817.979625338	2472422.530519381
2880444.1533962977	2455034.715834437
2934049.709215787	2437323.3109595673
2988652.873550383	2419282.293826273
3044272.2120643063	2400905.530294341
3100926.6359319235	2382186.772066167
3158635.408267819	2363119.6545622535
3217418.1506763715	2348198.334987893
3277294.849923382	2333302.145083342
3338285.8647317644	2318128.7345499885
3400411.9327037027	2302672.944264767
3463694.1773717343	2286929.519092439
3528154.1153808828	2270893.106098818
3593813.6638046256	2254558.252730694
3660695.147596906	2237919.4049619148
3728821.30718283	2220970.9054049626
3798215.306190736	2203706.991387363
3868900.7393279755	2186121.7929923395
3940901.6404034477	2168209.3310629595
4014242.490499326	2152049.931129045
4088948.226294856	2138163.4894216335
4165044.248545185	2124018.6186711816
4242556.430717777	2109610.509469232
4321511.127789762	2094934.2629034088
4401935.1852088785	2079984.8888917416
4483855.948021181	2064757.3044859958
4567301.270168747	2049246.3321433912
4652299.523960189	2033446.697966208
4738879.609717651	2017353.0299085851
4827070.965603188	2000959.8559499749
4916903.577628021	1984261.602234601
5008407.989848212	1967252.5911762733
5101615.314749833	1954227.977220068
5196557.243827657	1941130.0920118042
5293266.058360566	1927788.452931129
5391774.640387494	1914198.5236770068
5492116.483887789	1900355.6835270543
5594325.706169377	1886255.2257664707
5698437.0594691355	1871892.3560876853
5804485.942768984	1857262.1909602482
5912508.413831869	1842359.7559703824
6022541.201461928	1827179.984129614
6134621.717992506	1811717.7141519613
6248788.072006888	1795967.6886990273
6365079.081295578	1781931.8288964413
6483534.286054714	1769873.8779222055
6604193.962330305	1757591.5264286043
6727099.135712336	1745080.5982837921
6852291.595284057	1732336.8396373964
6979813.907830667	1719355.917474163
7109709.432312423	1706133.4181406938
7242022.334607315	1692664.8458447377
7376797.60252773	1678945.6211265975
7514081.061116962	1664971.0793020448
7653919.388230155	1650736.468876284
7796360.130405221	1636236.9499283985
7941451.71902934	1621467.59246571
8089243.486805938	1610373.4957610986
8239785.684528512	1599123.4000645624
8393129.498166373	1587663.9381728412
8549327.066268368	1575991.213745422
8708431.497690724	1564101.257930222
8870496.889654402	1551990.0280141546
9035578.34613892	1539653.4060485524
9203731.99661823	1527087.197449018
9375015.01514529	1514287.129569233
9549485.639791967	1501248.8502481964
9727203.192450536	1487967.9263304544
9908228.099003786	1474439.8421587748
10092621.909870483	1462522.5103514635
10280447.320933098	1452263.1582288581
10471768.194855202	1441812.877817561
10666649.582795387	1431168.1159096323
10865157.746525371	1420325.2531713268
11067360.180959744	1409280.6029124833
11273325.63710487	1398030.4098330096
11483124.14543511	1386570.8487460401
11696827.039703846	1374898.0232773288
11914506.981197748	1363007.9645404438
12136237.983442418	1350896.6297872995
12362095.437367693	1338559.9010335847
12592156.13694151	1326036.680334831
12826498.3052806	1316716.5981395007
13065201.621247198	1307223.0676286477
13308347.24654076	1297552.8608996049
13556017.853293689	1287702.6899778924
13808297.652180923	1277669.205699262
14065272.421052363	1267448.9965709485
14327029.534098294	1257038.5876117274
14593657.991557576	1246434.4391703808
14865248.449978571	1235632.9457221832
15141893.25304352	1224630.4346429757
15423686.462966273	1213423.1649604407
15710723.892474487	1202007.32608213
16003103.137387017	1192060.9759749616
16300923.609797413	1183465.3705397798
16604286.571875297	1174709.7994248564
16913295.17029647	1165791.2856416714
17228054.471313924	1156706.796799443
17548671.49648152	1147453.2440740792
17875255.259042352	1138027.4811579506
18207916.800994623	1128426.3031901023
18546769.230846975	1118646.445666575
18891927.762076646	1108684.5833304338
19243509.75230332	1098537.3290411453
19601634.743191857	1088201.2326229182
19966424.501097932	1077782.8876828041
20338003.0584698	1070022.9633075686
20716496.75602067	1062118.6254193117
21102034.285685964	1054067.1864579837
21494746.734379806	1045865.9088475853
21894767.628566206	1037512.0040653613
22302232.979659364	1029002.6316936732
22717281.330269028	1020334.8984542276
23140053.80130654	1011505.8572243283
23570694.139967278	1002512.5060348273
24009348.76860652	993351.7870494173
24456166.83452444	984020.5855249378
24911300.26067791	974515.7287523268
25374903.797335718	966321.9001049441
25847135.07469564	959204.2417671082
26328154.656480197	951954.1225964926
26818126.094530128	944569.0774744613
27317215.98441379	937046.5954060983
27825594.022071257	929384.1186664487
28343433.061513092	921579.0419308578
28870909.173592344	913628.7113891373
29408201.705870606	905530.4238432393
29955493.34359816	897281.425788139
30512970.171828706	888878.912475618
31080821.738690637	880320.0269606131
31659241.119835205	871755.6849684853
32248424.98408439	865360.7469112508
32848573.66030047	858846.7979686335
33459891.20549975	852211.6233278078
34082585.47423452	845452.9669579013
34716868.189265594	838568.5308429253
35362955.013550386	831555.9742004221
36021065.62357073	824412.912685572
36691423.78402494	817136.9175804971
37374257.42391064	809725.5149684624
38069798.71402284	802176.1848927237
38778284.14589453	794486.3604997118
39499954.61220647	786653.4271662754
40235055.48869293	779970.298807652
40983836.717572615	774129.264495858
41746552.89253134	768179.5275416346
42523463.34528677	762119.0649703097
43314832.23376403	755945.8161593081
44120928.631911896	749657.682137519
44942026.62119142	743252.5248716209
45778405.38376616	736728.1665391289
46630349.29742726	730082.3887879103
47498148.03228505	723312.9319819222
48382096.649259575	716417.4944329119
49282495.700405136	709393.7316178144
50199651.33110079	702417.620932577
51133875.38414321	697189.0330009217
52085485.50577665	691863.1401581821
53054805.25369574	686438.1315434076
54042164.20705915	680912.1625952141
55047898.078549676	675283.3544246185
56072348.82852027	669549.7931761924
57115864.78126434	663709.529377333
58178800.74344935	657760.5772754215
59261518.124755524	651700.9141626438
60364385.060758635	645528.4796882494
61487776.53810017	639241.1751580097
62632074.521986924	632836.8628206393
63797668.08606282	627427.6117647482
64984953.54469889	622667.4026990724
66194334.587743886	617818.6053327065
67426222.41778335	612879.5710223004
68681035.88995308	607848.6204429709
69959201.65435374	602724.0430173146
71261154.30111745	597504.0963337889
72587336.50817245	592187.0055542781
73938199.19175874	586770.9628106253
75314201.65974376	581254.1265899414
76715811.76779301	575634.6211084682
78143506.07844542	569910.5356737919
79597770.02314977	564268.1304943172
81079098.06731695	560019.2277174261
82587993.87844272	555691.2521368823
84124970.49736118	551282.7321943531
85690550.51268347	546792.1689455574
87285266.2384837	542218.0355506055
88909659.89529167	537558.776754857
90564283.79445294	532812.8083601196
92249700.52592173	527978.5166860009
93966483.1495469	523054.25802124344
95715215.38991857	518038.3580648427
97496491.83484097	512929.1113567675
99310918.137498	507724.7806980867
101159111.22238298	503372.5867037922
103041699.49505854	499514.06352629774
104959323.05582266	495583.7325759186
106912633.91734771	491580.2574977836
108902296.22637327	487502.2770672291
110928986.48952228	483348.4047269703
112993393.80332193	479117.22811565315
115096220.0885031	474807.3085876383
117238180.32865997	470417.1807238486
119420002.8133535	465945.35183350724
121642429.3857368	461390.3014466092
123906215.6947913	456750.4807969421
126212131.45225461	452211.7714182844
128560960.69432965	448775.37847832113
130953502.04826704	445275.0336810224
133390569.00390588	441709.5468714422
135872990.19027063	438077.70574564673
138401609.65731302	434378.27543851995
140977287.16289675	430609.99810389744
143600898.46512634	426771.59248688264
146273335.620113	422861.75348820834
148995507.28528506	418879.1517204863
151768339.02834037	414822.4330562026
154592773.64194784	410690.2181673016
157469771.46430898	406481.102056197
160400310.70568198	402995.6242791708
163385387.78098568	399881.10922697897
166426017.64859018	396708.632519712
169523234.15541214	393477.1154811067
172678090.38843593	390185.45936055103
175891659.03277326	386832.54495949764
179165032.73638958	383417.2322509222
182499324.48161504	379938.3599917037
185895667.9635688	376394.74532779
189355217.9756299	372785.18339201366
192879150.80207777	369108.44689442497
196468664.61804405	365363.2857049975
200124979.8969035	361727.98729820567
203849339.82524642	358959.04397241847
207643010.7255779	356138.5701401861
211507282.48687947	353265.60681001603
215443469.00318778	350339.1771434198
219452908.62033114	347358.28612277785
223536964.59097964	344321.92021302547
227697025.53816846	341229.0470170367
231934505.92744273	338078.6149246004
236250846.547794	334869.5527548591
240647515.00154215	331600.76939209714
245126006.20333397	328271.15341475094
249687842.8884332	324879.5727175125
254334576.13046482	322098.3544824787
259067785.8688001	319592.647386206
263889081.44575077	317040.30865451
268800102.15376073	314440.4704647216
273802517.7927863	311792.2488438432
278898029.23804396	309094.74336799
284088369.0183295	306347.03685623454
289375301.9050947	303548.1950587561
294760625.51248586	300697.2663391869
300246170.90855557	297793.28135104396
305833803.23784316	294835.2527081419
311525422.35554785	291822.17464886914
317322963.4734973	288920.2360300032
323228397.81813806	286695.60072399356
329243733.30077755	284429.56457640417
335371015.2002929	282121.3571105289
341612326.8585518	279770.1935109586
347969790.3887688	277375.2743567352
354445567.3970435	274935.785349542
361041859.71733445	272450.89703683107
367760910.160103	269919.7645298026
374605003.2748981	267341.52721613104
381576466.1271245	264715.30846734904
388677669.0892668	262040.2153407854
395911026.6468467	259315.33827595328
403278998.21937054	257102.43752928457
410784088.99656343	255091.73806710338
418428850.79015756	253043.61914579803
426215882.9015325	250957.3843828674
434147833.0055101	248832.32443601335
442227398.0505897	246667.71676195724
450457325.17594445	244462.8253707659
458840412.64547515	242216.90057560868
467379510.7992463	239929.1787378559
476077523.0226378	237598.88200743313
484937406.7335233	235225.2180583438
493962174.38783056	232807.37981926874
503154894.5038046	230496.9853741819
512518692.70533323	228713.75667823906
522056752.7846986	226897.34179283772
531772317.7850967	225047.1231173456
541668691.1033136	223162.47155747685
551749237.6129117	221242.7463113938
562017384.8083187	219287.29465182844
572476623.970219	217295.4517041467
583130511.3526218	215266.54022028507
593982669.3920338	213199.87034847745
605036787.9391212	211094.73939869876
616296625.5132942	208950.43160374407
627766010.5806513	206766.2178758585
639448842.8556936	205009.49876424318
651349094.6272782	203399.3018938205
663470812.1092337	201759.1389856543
675818116.816111	200088.4523666837
688395206.964551	198386.67398545664
701206358.9007177	196653.22521898756
714255928.5543104	194887.51667601784
727548352.9196217	193088.94799661724
741088151.5641569	191256.90764805567
754879928.1653446	189390.7727168749
768928372.0758306	187489.90869709122
783238259.9179205	185553.66927445552
797814457.2076613	183718.08865772586
812661920.0091946	182291.27070501662
827785696.619849	180837.89942742587
843190929.286625	179357.48066305963
858882855.9546258	177849.51105358615
874866812.0479896	176313.47787309057
891148232.2840202	174748.8588537405
907732652.5210242	173155.122008211
924625711.6405733	171531.72544880264
941833153.4647961	169878.11720319284
959360828.7093127	168193.73502676125
977214696.9725724	166478.00621141822
995400828.7621539	164730.34739088005
1013925407.5588143	163338.2892853963
1032794731.9189526	162050.8970936195
1052015217.6161569	160739.5463140966
1071593399.8226712	159403.79107343222
1091535935.3313932	158043.17720045242
1111849604.81927	156657.24207178014
1132541315.1528125	155245.5144545378
1153618101.736476	153807.51434612504
1175087130.9048076	152342.75281101005
1196955702.3590453	150850.73181448854
1219231251.6491096	149330.94405334603
1241921352.7017846	147782.8727833672
1265033720.3959012	146326.9572698665
1288576213.185518	145186.95270853268
1312556835.7718453	144025.73246833385
1336983741.8249452	142842.90172187658
1361865236.7560828	141638.05829396183
1387209780.541618	140410.79252484243
1413025990.5995336	139160.68713093293
1439322644.7194095	137887.31706292985
1466108684.0469828	136590.24936128999
1493393216.1242533	135269.04300901847
1521185517.9861019	133923.24878172035
1549495039.3146317	132552.409094857
1578331405.6521199	131156.0578481645
1607704421.673822	130054.56276839925
1637624074.521689	129026.57847573572
1668100537.2000556	127979.46322046826
1699144172.0346258	126912.8609721271
1730765534.1957276	125826.40907445559
1762975375.2872038	124719.7381221024
1795784647.0020967	123592.47183501894
1829204504.8462899	122444.22693052203
1863246311.9315598	121274.61299297142
1897921642.8391032	120083.23234102625
1933242287.5550432	118869.67989242806
1969220255.4791734	117633.543026268
2005867779.5082297	116480.30728311694
2043197320.1952705	115570.50432292272
2081221569.9863415	114643.7697748309
2119953457.536069	113699.78853910987
2159406152.1035676	112738.23965196782
2199593068.0300703	111758.79617642298
2240527869.3000183	110761.12509113991
2282224474.1869006	109744.88717719997
2324697059.9856453	108709.7369027629
2367960067.833079	107655.32230558133
2412028207.618002	106581.28487333149
2456916462.98279	105487.25942171334
2502640096.4179215	104372.87397028564
2549214654.4514203	103502.316807711
2596655972.934872	102682.31226309676
2644980182.4277143	101847.0472943787
2694203713.6818824	100996.23790246728
2744343303.2283683	100129.59480300215
2795415999.067865	99246.82332799144
2847439166.4672475	98347.62332562215
2900430493.8639855	97431.68905820446
2954407998.8803797	96498.70909821829
3009390034.449724	95548.36622242464
3065395295.056536	94580.33730400592
3122442823.0928583	93594.29320269979
3180552015.3329134	92681.80086827223
3239742629.5281954	91956.38552631628
3300034791.1252885	91217.47008141283
3361449000.108775	90464.80329434876
3424006137.9714255	89698.12925030691
3487727474.8141704	88917.18727185127
3552634676.5781393	88121.71183029443
3618749812.411284	87311.4324554153
3686095362.1721687	86486.07364349585
3754694224.0733366	85645.354763647
3824569722.4669914	84788.9899623908
3895745615.775501	83916.68806646747
3968246104.5694857	83028.1524838336
4042095839.796318	82340.78246665481
4117319931.1616793	81687.22676357225
4193943955.6671777	81021.50827764894
4271993966.306777	80343.4006574264
4351496500.925055	79652.67333900751
4432478591.24041	78949.09146766143
4514967772.036101	78232.41581797114
4598992090.5224285	77502.40271249344
4684580115.873045	76758.80393890654
4771760948.938751	76001.36666561545
4860564232.142149	75229.8333557859
4951020159.556351	74443.9416797796
5043159487.171348	73722.58395223653
5137013543.351338	73144.62882932898
5232614239.486667	72555.9178632416
5329994080.844104	71956.25088590263
5429186177.618942	71345.42400407861
5530224256.192888	70723.229530048
5633142670.601352	70089.45591098543
5737976414.21414	69443.88765703174
5844761131.633649	68786.30526802466
5953533130.81437	68116.48515886675
6064329395.408049	67434.19958350353
6177187597.338489	66739.21655748764
6292146109.610351	66031.29977910212
6409244019.35647	65489.01960416695
6528521141.127848	64968.494336301024
6650018030.431105	64438.28200462961
6773775997.517745	63898.20233124689
6899837121.430025	63348.07168324474
7028244264.308367	62787.70301027524
7159041085.964888	62216.90578095182
7292272058.728297	61635.485918066144
7427982482.56491	61043.24573259998
7566218500.481063	60439.983856509054
7707027114.212319	59825.49517425547
7850456200.204509	59199.570753066386
7996554525.892329	58629.752514930165
8145371766.280737	58169.588869030034
8296958520.834915	57700.861499380095
8451366330.684739	57223.4110336242
8608647696.149244	56737.07513345966
8768856094.587408	56241.68843944009
8932045998.58096	55737.08251475169
9098272894.455566	55223.08578794316
9267593301.146902	54699.52349458908
9440064789.417603	54166.21761786854
9615746001.432076	53622.98682803706
9794696670.695385	53069.64642077272
9976977642.36321	52506.00825437505
10162650893.929972	52078.51561544036
10351779556.301762	51664.20891117617
10544427935.261662	51242.19188864886
10740661533.334322	50812.32105752352
10940547072.057436	50374.45025708581
11144152514.667904	49928.430606545655
11351547089.20999	49474.11045441614
11562801312.07373	49011.33532695018
11777987011.97118	48539.94787561804
11997177354.358854	48059.787823607214
12220446866.314913	47570.691911326365
12447871461.879063	47072.49384089548
12679528467.864315	46622.70407231658
12915496650.148827	46256.559729778004
13155856240.457052	45883.60137872316
13400688963.639534	45503.702209294075
13650078065.460136	45116.73305167991
13904108340.900667	44722.562332197405
14162866162.991974	44321.05602855475
14426439512.181587	43912.07762428262
14694918006.248201	43495.48806231685
14968392930.772554	43071.14569771779
15246957270.1757	42638.90624950916
15530705739.334583	42198.62275162115
15819734815.786015	41750.14550292055
16114142772.530231	41413.402601375456
16414029711.444664	41083.85855796309
16719497597.31985	40748.18164382894
17030650292.528427	40406.25772520525
17347593592.339325	40057.97054427557
17670435260.889503	39703.201679645645
17999285067.824764	39341.830506079
18334254825.62285	38973.73415348281
18675458427.61074	38598.78746513092
19023011886.689457	38216.86295510939
19377033374.77993	37827.830764969614
19737643263.002552	37431.558619575284
20104964162.604927	37076.78478555734
20479120966.650833	36785.66040339508
20860240892.485046	36489.11814694421
21248453524.988873	36187.05718864237
21643890860.6402	35879.37482450911
22046687352.394028	35565.966439225354
22456979955.397717	35246.72547056307
22874908173.55704	34921.543373153225
23300614106.96929	34590.30958157892
23734242500.23866	34252.91147278207
24175940791.69123	33909.23432777022
24625859163.505444	33559.16129261087
25084150592.775414	33202.573338700204
25550970903.525124	32937.56169658744
26026478819.690044	32675.654972194665
26510836019.085308	32408.874119095937
27004207188.377697	32137.12842892664
27506760079.080673	31860.325505224126
28018665564.59201	31578.37123201184
28540097698.292374	31291.169741798927
29071233772.725693	30998.623382984108
29612254379.880314	30700.632686653167
30163343472.591972	30397.09633275861
30724688427.090096	30087.91111566955
31296480106.707504	29772.97190908082
31878912926.77636	29493.4125222689
32472184920.731255	29262.165704290564
33076497807.442425	29026.615343681613
33692057059.802742	28786.681350781433
34319071974.590427	28542.282145447232
34957755743.632645	28293.334629315785
35608325526.29274	28039.754157549163
36271002523.30648	27781.45451005473
36946012051.993095	27518.347862169197
37633583622.865326	27250.34475479741
38333951017.6659	26977.35406399509
39047352368.85556	26699.282969985903
39774030240.58036	26416.036925601726
40514231711.14655	26207.756128172663
41268208457.02952	25999.86122866707
42036216838.44701	25788.097369707135
42818517986.52406	25572.392549299006
43615377892.080055	25352.67342547963
44427067496.06892	25128.865291379447
45253862781.70167	24900.892049821417
46096044868.284195	24668.676187446992
46953900106.80053	24432.1387483608
47827720177.27485	24191.199307284965
48717802187.94641	23945.77594221341
49624448776.28914	23695.785206557684
50547968211.912254	23475.816580742594
51488674501.37487	23292.424961719746
52446887494.95119	23105.620393461697
53422932995.38363	22915.339360402457
54417142868.658875	22721.51716494058
55429855156.84652	22524.08790544113
56461414193.036606	22322.984453828605
57512170718.41614	22118.1384327626
58582482001.525475	21909.48019238879
59672711959.7331	21696.938786657218
60783231282.972115	21480.441949199798
61914417559.77835	21259.91606875902
63066655405.67406	21035.28616415943
64240336593.94204	20871.959494104412
65435860188.83229	20707.287880668733
66653632681.24893	20539.55170048716
67894068126.96099	20368.693921451053
69157588287.38525	20194.65645007461
70444622772.99051	20017.380111742343
71755609189.36922	19836.80463058911
73090993286.02888	19652.868609005636
74451229107.95128	19465.509506762628
75836779149.97191	19274.663619746607
77248114514.03416	19080.266058299658
78685715069.36842	18882.25072515631
80150069615.6538	18709.609939213282
81641676049.21454	18564.589135488586
83161041532.30962	18416.86946993042
84708682665.57419	18266.40071626083
86285125663.66887	18113.131713482326
87890906534.19963	17957.010348482443
89526571259.96382	17797.983538314962
91192675984.59299	17635.997212150873
92889787201.64516	17470.996292893928
94618481947.21991	17302.924678453757
96379347996.15794	17131.72522267042
98172984061.88821	16957.339715884384
100000000000.0	16779.708865144286
