Frequency [GHz]	Zx real [Ohm/m]	Zy real [Ohm/m]
1.000000000000000166e-10	2.161519940673078963e+02	3.140354598943021074e+02
1.032794731918951654e-10	2.215189943460785855e+02	3.222171106185874692e+02
1.066664958279539403e-10	2.270620039602005136e+02	3.306670763850302137e+02
1.101645949633656381e-10	2.327867950886416395e+02	3.393941565135077667e+02
1.137774133221491146e-10	2.386993292074320721e+02	3.484074388952339518e+02
1.175087130904807540e-10	2.448057632976098716e+02	3.577163094563787240e+02
1.213623798344240958e-10	2.511124562567558485e+02	3.673304619320444999e+02
1.253424265461399975e-10	2.576259755207920534e+02	3.772599079607775252e+02
1.294529978227915867e-10	2.643531039029413137e+02	3.875149875101266730e+02
1.336983741824946476e-10	2.713008466569675079e+02	3.981063796441040950e+02
1.380829765218092491e-10	2.784764387720538821e+02	4.090451136437638979e+02
1.426113707194128486e-10	2.858873525069141124e+02	4.203425804924752356e+02
1.472882723907502473e-10	2.935413051709837191e+02	4.320105447378533086e+02
1.521185517986104510e-10	3.014462671607918764e+02	4.440611567426985857e+02
1.571072389247450498e-10	3.096104702598851759e+02	4.565069653377019563e+02
1.622595287078087593e-10	3.180424162109451345e+02	4.693609308890930834e+02
1.675807864530767868e-10	3.267508855690251721e+02	4.826364387948374883e+02
1.730765534195724819e-10	3.357449468451278562e+02	4.963473134234386066e+02
1.787525525904235329e-10	3.450339659496430613e+02	5.105078325098592700e+02
1.846146946324547531e-10	3.546276159454807271e+02	5.251327420235521686e+02
1.906690840512252406e-10	3.645358871210562484e+02	5.402372715240855996e+02
1.969220255479172543e-10	3.747690973936149135e+02	5.558371500203508049e+02
2.033800305846981002e-10	3.853379030537324184e+02	5.719486223498693107e+02
2.100498241653915480e-10	3.962533098621771614e+02	5.885884660952541481e+02
2.169383518385184289e-10	4.075266845106909273e+02	6.057740090554419794e+02
2.240527869300018610e-10	4.191697664586247356e+02	6.235231472898907441e+02
2.314005380130653023e-10	4.311946801577514066e+02	6.418543637545308229e+02
2.389892566231049743e-10	4.436139476779894721e+02	6.607867475488769742e+02
2.468268452255692806e-10	4.564405017471834753e+02	6.803400137943452819e+02
2.549214654451423314e-10	4.696876992185206063e+02	7.005345241644736234e+02
2.632815465648021228e-10	4.833693349796077428e+02	7.213913080884251485e+02
2.719157943036017723e-10	4.974996563176922564e+02	7.429320846498537776e+02
2.808331998823172083e-10	5.120933777559880582e+02	7.651792852039407080e+02
2.900430493863991314e-10	5.271656963765526598e+02	7.881560767361459057e+02
2.995549334359813486e-10	5.427323076456756326e+02	8.118863859870075430e+02
3.093787571730138678e-10	5.588094217582561214e+02	8.363949243681050802e+02
3.195247505759212065e-10	5.754137805181887870e+02	8.617072136951356924e+02
3.300034791125284578e-10	5.925626747723398466e+02	8.878496127649015079e+02
3.408258547423451742e-10	6.102739624162620657e+02	9.148493448038785800e+02
3.520031472796679687e-10	6.285660869904064612e+02	9.427345258169575573e+02
3.635469961293320139e-10	6.474580968861877182e+02	9.715341938658716572e+02
3.754694224073336536e-10	6.669696651819114095e+02	1.001278339307804913e+03
3.877828414589456106e-10	6.871211101292113881e+02	1.031997936025664103e+03
4.005000757873611052e-10	7.079334163113377372e+02	1.063724973682544260e+03
4.136343684063274911e-10	7.294282564953222163e+02	1.096492491033964143e+03
4.271993966306778827e-10	7.516280142007811946e+02	1.130334610332573675e+03
4.412092863191189219e-10	7.745558070088562772e+02	1.165286572861150262e+03
4.556786265841064474e-10	7.982355106355656744e+02	1.201384775630892818e+03
4.706224849841281415e-10	8.226917837946326699e+02	1.238666809283224211e+03
4.860564232142136024e-10	8.479500938756884807e+02	1.277171497234578055e+03
5.019965133110081441e-10	8.740367434645779667e+02	1.316938936104919321e+03
5.184593543892912175e-10	9.009788977333989806e+02	1.358010537472116539e+03
5.354620899273606527e-10	9.288046127287848321e+02	1.400429070995633083e+03
5.530224256192902378e-10	9.575428645878974976e+02	1.444238708954448612e+03
5.711586478126431938e-10	9.872235797125491672e+02	1.489485072245589663e+03
5.898896425508497150e-10	1.017877665932876312e+03	1.536215277891170672e+03
6.092349152400710261e-10	1.049537044693019880e+03	1.584477988103416692e+03
6.292146109610343618e-10	1.082234684292322754e+03	1.634323460958755049e+03
6.498495354469890483e-10	1.116004634216667000e+03	1.685803602733757998e+03
6.711611767496282870e-10	1.150882060595696885e+03	1.738972021957421248e+03
6.931717276155404727e-10	1.186903282822849860e+03	1.793884085236079272e+03
7.159041085964887260e-10	1.224105811376335396e+03	1.850596974909077289e+03
7.393819919175865964e-10	1.262528386880439712e+03	1.909169748595250439e+03
7.636298261282244400e-10	1.302211020447836745e+03	1.969663400692211326e+03
7.886728615614152294e-10	1.343195035344914459e+03	2.032140925892489804e+03
8.145371766280743462e-10	1.385523110023504387e+03	2.096667384782671434e+03
8.412497049736117954e-10	1.429239322563823862e+03	2.163309971593835598e+03
8.688382635251186617e-10	1.474389196574914877e+03	2.232138084173857351e+03
8.973315814583522479e-10	1.521019748600374214e+03	2.303223396254428280e+03
9.267593301146878953e-10	1.569179537078741305e+03	2.376639932088056412e+03
9.571521538991863169e-10	1.618918712909529631e+03	2.452464143532767139e+03
9.885417021919573871e-10	1.670289071677558468e+03	2.530774989664772420e+03
1.020960662306046580e-09	1.713618350773375823e+03	2.599478727621191865e+03
1.054442793526168950e-09	1.752877588293722511e+03	2.663561602797375144e+03
1.089022962263730067e-09	1.793424321983891332e+03	2.729746058685557273e+03
1.124737178364752061e-09	1.835300774935618847e+03	2.798101016061794780e+03
1.161622632608501755e-09	1.878550554935613718e+03	2.868697655940515688e+03
1.199717735435884489e-09	1.923218699876262690e+03	2.941609493698438655e+03
1.239062156947916503e-09	1.969351724655557746e+03	3.016912455629351825e+03
1.279696868215940940e-09	2.016997669615099085e+03	3.094684958009490856e+03
1.321664183946605026e-09	2.066206150566614724e+03	3.175007988755854058e+03
1.365007806546013663e-09	2.117028410459073257e+03	3.257965191762460108e+03
1.409772871628966933e-09	2.169517372740221163e+03	3.343642954002415991e+03
1.456005995020649598e-09	2.223727696468082740e+03	3.432130495486445398e+03
1.503755321299737753e-09	2.279715833229838609e+03	3.523519962171610132e+03
1.553070573933460069e-09	2.337540085927338623e+03	3.617906521916932888e+03
1.604003107056820079e-09	2.397260669490466626e+03	3.715388463585853970e+03
1.656605958949914401e-09	2.458939773581590998e+03	3.816067299398746854e+03
1.710933907269014249e-09	2.522641627356384106e+03	3.920047870642034923e+03
1.767043526088946692e-09	2.588432566348462842e+03	4.027438456844028224e+03
1.824993244816152494e-09	2.656381101547482103e+03	4.138350888531132114e+03
1.884843409033795523e-09	2.726557990742638594e+03	4.252900663681894912e+03
1.946656343342262358e-09	2.799036312205857939e+03	4.371207068000104300e+03
2.010496416260498236e-09	2.873891540791396437e+03	4.493393299132221728e+03
2.076430107255774870e-09	2.951201626531132206e+03	4.619586594958506794e+03
2.144526075971667793e-09	3.031047075807331566e+03	4.749918366091382268e+03
2.214855233726359314e-09	3.113511035187492780e+03	4.884524332719081940e+03
2.287490817355702788e-09	3.198679378008502681e+03	5.023544665937031823e+03
2.362508465477946229e-09	3.286640793800307620e+03	5.167124133714143682e+03
2.439986297259550245e-09	3.377486880642217784e+03	5.315412251646074765e+03
2.520004993764092080e-09	3.471312240547992587e+03	5.468563438652347031e+03
2.602647881969005809e-09	3.568214577979078058e+03	5.626737177779561534e+03
2.688001021537606561e-09	3.668294801588534938e+03	5.790098182278069544e+03
2.776153294436799262e-09	3.771657129301650457e+03	5.958816567125114489e+03
2.867196497493770032e-09	3.878409196842640995e+03	6.133068026173023100e+03
2.961225437988034610e-09	3.988662169820428517e+03	6.313034015106888546e+03
3.058338032378433485e-09	4.102530859490292642e+03	6.498901940402372929e+03
3.158635408267817403e-09	4.220133842311840453e+03	6.690865354480250971e+03
3.262222009711669644e-09	4.341593583427890735e+03	6.889124157261061555e+03
3.369205705980266915e-09	4.467036564192786500e+03	7.093884804329640247e+03
3.479697903887691433e-09	4.596593413882978894e+03	7.305360521926382717e+03
3.593813663804627762e-09	4.730399045727031080e+03	7.523771528989082981e+03
3.711671819475765297e-09	4.868592797396649985e+03	7.749345266476548204e+03
3.833395101766601886e-09	5.011318576105151806e+03	7.982316634212876124e+03
3.959110266468459240e-09	5.158725008464319217e+03	8.222928235498902723e+03
4.088948226294862618e-09	5.310965595255836888e+03	8.471430629745698752e+03
4.223044187206674123e-09	5.468198871278364095e+03	8.728082593393031857e+03
4.361537789208003199e-09	5.630588570436788359e+03	8.993151389384651338e+03
4.504573251759458750e-09	5.798303796245516423e+03	9.266913045480900109e+03
4.652299523960189308e-09	5.971519197923364118e+03	9.549652641698510706e+03
4.804870439655131104e-09	6.150415152263472010e+03	9.841664607176951904e+03
4.962444877628916452e-09	6.335177951467549065e+03	1.014325302678038133e+04
5.125186927053329472e-09	6.525999997140115738e+03	1.045473195775456406e+04
5.293266058360561204e-09	6.723080000644745269e+03	1.077642575676845445e+04
5.466857299720180771e-09	6.926623190030892147e+03	1.110866941768099059e+04
5.646141419303669251e-09	7.136841523746888925e+03	1.145180892038492675e+04
5.831305113526221869e-09	7.353953911361545579e+03	1.180620159109083761e+04
6.022541201461928965e-09	7.578186441524314432e+03	1.217221647442659560e+04
6.220048825634711276e-09	7.809772617401274147e+03	1.255023471773968777e+04
6.424033659394191079e-09	8.048953599832255350e+03	1.294064996800270819e+04
6.634708121092347870e-09	8.295978458462173876e+03	1.334386878173518198e+04
6.852291595284060743e-09	8.551104431108175049e+03	1.376031104836867962e+04
7.077010661181889919e-09	8.814597191632668910e+03	1.419041042749615190e+04
7.309099328602911004e-09	9.086731126601142023e+03	1.463461480046061115e+04
7.548799281653435948e-09	9.367789621012958378e+03	1.509338673675367318e+04
7.796360130405233414e-09	9.658065353402553228e+03	1.556720397570939531e+04
8.052039670825474778e-09	9.957860600618441822e+03	1.605655992399524985e+04
8.316104153230961616e-09	1.026748755259735481e+04	1.656196416941809002e+04
8.588828559546249041e-09	1.058726863746129311e+04	1.708394301158026428e+04
8.870496889654407999e-09	1.091753685727610355e+04	1.762304000993852242e+04
9.161402457138517586e-09	1.125863613482108121e+04	1.817981654983623957e+04
9.461848194721997291e-09	1.161092167173089547e+04	1.875485242709866361e+04
9.772146969725725887e-09	1.197476031838259769e+04	1.934874645179969957e+04
1.009262190987047331e-08	1.233476496093066089e+04	1.994194620132905766e+04
1.042360673976401127e-08	1.266651903867218607e+04	2.050335144595094243e+04
1.076544612842315905e-08	1.300915290245627330e+04	2.108316782506811069e+04
1.111849604819270880e-08	1.336302335194950319e+04	2.168199912690062774e+04
1.148312414543511117e-08	1.372849888796790401e+04	2.230046894074141892e+04
1.185971012337669343e-08	1.410596009621296253e+04	2.293922130632707922e+04
1.224864613750930795e-08	1.449580004359222221e+04	2.359892138450472703e+04
1.265033720395903769e-08	1.489570590642319621e+04	2.427671202104937038e+04
1.306520162124721228e-08	1.529306909152304252e+04	2.495631995200506572e+04
1.349367140588306343e-08	1.570346369575269819e+04	2.565821544286643984e+04
1.393619274224142065e-08	1.612731708100905234e+04	2.638312940818574498e+04
1.439322644719406651e-08	1.656507062440782829e+04	2.713181673266199505e+04
1.486524844997857277e-08	1.701718017790895101e+04	2.790505705723558276e+04
1.535275028780422776e-08	1.748411654301512317e+04	2.870365559096245852e+04
1.585623961771137302e-08	1.796604329677757050e+04	2.952802009161319438e+04
1.637624074521687477e-08	1.844114787572389469e+04	3.034969636685048681e+04
1.691329517029648562e-08	1.893183338197024568e+04	3.119831929525837768e+04
1.746796215127245689e-08	1.943861078785044811e+04	3.207477258510365573e+04
1.804081928719382751e-08	1.996200782289906783e+04	3.297996892562889116e+04
1.863246311931559514e-08	2.050256952339928466e+04	3.391485093747566862e+04
1.924350975230330612e-08	2.106085879995306095e+04	3.488039215427680756e+04
1.987459549580983990e-08	2.163745702366466139e+04	3.587759803643967462e+04
2.052637752709252173e-08	2.220785690922491995e+04	3.687424289395385858e+04
2.119953457536071000e-08	2.279343640883509579e+04	3.789890035022803931e+04
2.189476762856620985e-08	2.339821983115222247e+04	3.895716117308950197e+04
2.261280066337277307e-08	2.402283696367326047e+04	4.005012737593702332e+04
2.335438139906479724e-08	2.466793824760734424e+04	4.117893711240345147e+04
2.412028207618007283e-08	2.533419545520858446e+04	4.234476586156474514e+04
2.491130026067788373e-08	2.602230238932217981e+04	4.354882765201818984e+04
2.572825967447932303e-08	2.670657325323567784e+04	4.475706513653125148e+04
2.657201105324503850e-08	2.740399686626584298e+04	4.599250479445389647e+04
2.744343303228365032e-08	2.812429229971930181e+04	4.726846036476019071e+04
2.834343306151309448e-08	2.886820962881529340e+04	4.858626055593513593e+04
2.927294835042816131e-08	2.963652352728884580e+04	4.994727765110239852e+04
3.023294684405776334e-08	3.043003407409244755e+04	5.135292893704278686e+04
3.122442823092858392e-08	3.124956758655335216e+04	5.280467818007717142e+04
3.224842498408442807e-08	3.206917113725172021e+04	5.426780895187876740e+04
3.330600343624588813e-08	3.289802612697288714e+04	5.575509986869210843e+04
3.439826489022924478e-08	3.375406319388163683e+04	5.729116609240783873e+04
3.552634676578139226e-08	3.463817376691235404e+04	5.887760719614008121e+04
3.669142378402493899e-08	3.555127850917234900e+04	6.051607521057447593e+04
3.789470919074667737e-08	3.649432827666866069e+04	6.220827634429998579e+04
3.913745601980383687e-08	3.746830510847624100e+04	6.395597276055896509e+04
4.042095839796305955e-08	3.844839948588832340e+04	6.572567868967133109e+04
4.174655289253134782e-08	3.943121086392674624e+04	6.751319248395461182e+04
4.311561990318228626e-08	4.044625327763485984e+04	6.935932731392288406e+04
4.452958509942655287e-08	4.149458373518686858e+04	7.126600564072614361e+04
4.598992090522439315e-08	4.257729390905676701e+04	7.323521297211259662e+04
4.749814803228499868e-08	4.369551127282464586e+04	7.526899993002470001e+04
4.905583706365045989e-08	4.485040027526441554e+04	7.736948438600181544e+04
5.066461008921269181e-08	4.602038011178363377e+04	7.950730515325926535e+04
5.232614239486661694e-08	4.718291307246320503e+04	8.165179312587894674e+04
5.404216420705915059e-08	4.838357098993521504e+04	8.386660900666410453e+04
5.581446249454960394e-08	4.962360416193708807e+04	8.615405918050945911e+04
5.764488282925879445e-08	5.090430388938541000e+04	8.851652566958410898e+04
5.953533130814369715e-08	5.222700382106402685e+04	9.095646861383540090e+04
6.148777653810024108e-08	5.359308134241127118e+04	9.347642883284093114e+04
6.350425168595962148e-08	5.498716904524865822e+04	9.605545275918437983e+04
6.558685659571428548e-08	5.635872149441170041e+04	9.862320777857824578e+04
6.773775997517751128e-08	5.777525363845787797e+04	1.012751716354667878e+05
6.995920165435375620e-08	5.923824057442258345e+04	1.040141059361006628e+05
7.225349491787214948e-08	6.074920577475317987e+04	1.068428628528674308e+05
7.462302891391107044e-08	6.230972267376747914e+04	1.097643880943834229e+05
7.707027114212294845e-08	6.392141630613994494e+04	1.127817239729893918e+05
7.959777002314985573e-08	6.557930065525246027e+04	1.158885086806470645e+05
8.220815755240541849e-08	6.719297013878794678e+04	1.189565897668381658e+05
8.490415204088747078e-08	6.885955948044177785e+04	1.221252877497565059e+05
8.768856094587425811e-08	7.058080417277410743e+04	1.253979023335567617e+05
9.056428379445295063e-08	7.235849662335847097e+04	1.287778414353069238e+05
9.353431520292386860e-08	7.419448802129403339e+04	1.322686247338012618e+05
9.660174799522647250e-08	7.609069026493038109e+04	1.358738873347568442e+05
9.976977642363202159e-08	7.804907795281091239e+04	1.395973835562081949e+05
1.030416994950587396e-07	7.995110893546814623e+04	1.432681034701254393e+05
1.064209244064724761e-07	8.190609049765448435e+04	1.470455324813127227e+05
1.099109700929497372e-07	8.392518515607912559e+04	1.509468412642646581e+05
1.135154708920999096e-07	8.601049548254581168e+04	1.549760924228865188e+05
1.172381803286598596e-07	8.816419300213678798e+04	1.591374817930895369e+05
1.210829750232039531e-07	9.038852045451726008e+04	1.634353428120987664e+05
1.250538587290391570e-07	9.268579412939857866e+04	1.678741510310514132e+05
1.291549665014884007e-07	9.493177290012867888e+04	1.722714441531811608e+05
1.333905690039058854e-07	9.721778628912994463e+04	1.767632736311493791e+05
1.377650769549053468e-07	9.957876887438663107e+04	1.814024114526731428e+05
1.422830457214352017e-07	1.020171792505921330e+05	1.861936885553889151e+05
1.469491800624817218e-07	1.045355566413937340e+05	1.911420943062377628e+05
1.517683390283405561e-07	1.071365235435973736e+05	1.962527816971118154e+05
1.567455410205594968e-07	1.098227884580888494e+05	2.015310727108910796e+05
1.618859690178197646e-07	1.124683527624089766e+05	2.067883213184640335e+05
1.671949759731990056e-07	1.151323877191325300e+05	2.121150421281703166e+05
1.726780903884356132e-07	1.178837889880844450e+05	2.176164513188378769e+05
1.783410220710008120e-07	1.207254217240530852e+05	2.232982777490897570e+05
1.841896680799711039e-07	1.236602450438099477e+05	2.291664381539318128e+05
1.902301188668944219e-07	1.266913151075677451e+05	2.352270433061080985e+05
1.964686646180446931e-07	1.298217883014941181e+05	2.414864043795167527e+05
2.029118018046678038e-07	1.329298323872331239e+05	2.477583210078594857e+05
2.095662399480432992e-07	1.360231262022254814e+05	2.540561682680189551e+05
2.164389086064020114e-07	1.392178637586270634e+05	2.605605517407418520e+05
2.235369645909794139e-07	1.425173718767422251e+05	2.672782447257507592e+05
2.308677994187169850e-07	1.459250864790555206e+05	2.742162426513170940e+05
2.384390470093720426e-07	1.494445561682078405e+05	2.813817703589064186e+05
2.462585916350547006e-07	1.530794459223127924e+05	2.887822896267239703e+05
2.543345761304648365e-07	1.567205897176916769e+05	2.962473388186474331e+05
2.626754103723835758e-07	1.602983309652674943e+05	3.036688350237411796e+05
2.712897800372467241e-07	1.639934032779330446e+05	3.113337172073187539e+05
2.801866556459195443e-07	1.678096544965134817e+05	3.192499671472968766e+05
2.893753019050950594e-07	1.717510586507426342e+05	3.274258283818600466e+05
2.988652873550382326e-07	1.758217200975939631e+05	3.358698147938171169e+05
3.086664943337274455e-07	1.800258777953277749e+05	3.445907194764820160e+05
3.187891292677645596e-07	1.842788178889027331e+05	3.534534760743061197e+05
3.292437333007768907e-07	1.883996033767381741e+05	3.621673976898161345e+05
3.400411932703706463e-07	1.926555289199427061e+05	3.711670900286695687e+05
3.511927530450727317e-07	1.970510264004035853e+05	3.804619248651287053e+05
3.627100252330649086e-07	2.015906730423868285e+05	3.900615813182808342e+05
3.746050032748993774e-07	2.062791961790004862e+05	3.999760559313277481e+05
3.868900739327976195e-07	2.111214781749752001e+05	4.102156730814268230e+05
3.995780301895269929e-07	2.160731621609423892e+05	4.207089639166223933e+05
4.126820845702951630e-07	2.207981501706744311e+05	4.308994828983473126e+05
4.262158829015325345e-07	2.256780928955060372e+05	4.414241972181932651e+05
4.401935185208874400e-07	2.307180720337781822e+05	4.522940667226817459e+05
4.546295469532399562e-07	2.359233359367670782e+05	4.635204106835638522e+05
4.695390010680058238e-07	2.412993050740218896e+05	4.751149195850730757e+05
4.849374067335232931e-07	2.468515776779374864e+05	4.870896672977392445e+05
5.008407989848212921e-07	2.525859355734396668e+05	4.994571236514397315e+05
5.172657387216018967e-07	2.579888278055397968e+05	5.113409835898153833e+05
5.342293299538352136e-07	2.635573454663794255e+05	5.235947844497324550e+05
5.517492376129122323e-07	2.693084811710923095e+05	5.362504454238386825e+05
5.698437059469141914e-07	2.752482238294709241e+05	5.493211454068482853e+05
5.885315775191450570e-07	2.813827587559983949e+05	5.628204954917933792e+05
6.078323128297229089e-07	2.877184741108887829e+05	5.767625531438543694e+05
6.277660105806500796e-07	2.942619675523576443e+05	5.911618368390131509e+05
6.483534286054720147e-07	3.004814109470636467e+05	6.050826653587170877e+05
6.696160054853222944e-07	3.068027641469422961e+05	6.192799015634257812e+05
6.915758828738524922e-07	3.133314244303758023e+05	6.339427323234574869e+05
7.142559285543126448e-07	3.200741903775943792e+05	6.490864266874374589e+05
7.376797602527731619e-07	3.270380835264442139e+05	6.647267544483465608e+05
7.618717702322991504e-07	3.342303556842227699e+05	6.808800025652992772e+05
7.868571506936852863e-07	3.416584964793041581e+05	6.975629921238683164e+05
8.126619200091945450e-07	3.487885933744861977e+05	7.138057014252454974e+05
8.393129498166364485e-07	3.559245566264509689e+05	7.301655214117496507e+05
8.668379930019773693e-07	3.632945418802474742e+05	7.470618573089535348e+05
8.952657125996391396e-07	3.709062238246888155e+05	7.645123040123189567e+05
9.246257116405743783e-07	3.787675288379507256e+05	7.825350334371876670e+05
9.549485639791965964e-07	3.868866432416553725e+05	8.011488134419920389e+05
9.862658461312820294e-07	3.952720218256488442e+05	8.203730273720525438e+05
1.018610170155975315e-06	4.034102463439370040e+05	8.392431510923581664e+05
1.052015217616159169e-06	4.114173818728631013e+05	8.579817024866145803e+05
1.086515774652537176e-06	4.196871092648985796e+05	8.773347796503938735e+05
1.122147768207980340e-06	4.282280401497991988e+05	8.973225357915676432e+05
1.158948303439811928e-06	4.370490685734083527e+05	9.179657850370522356e+05
1.196955702359042833e-06	4.461593802594188019e+05	9.392860241074773949e+05
1.236209543736769070e-06	4.555684621748705395e+05	9.613054547026664950e+05
1.276750704319264407e-06	4.648135653176431661e+05	9.831242861029847991e+05
1.318621401394748678e-06	4.737399145380856935e+05	1.004444218209032901e+06
1.361865236756082925e-06	4.829590009882276063e+05	1.026463331773028942e+06
1.406527242105236574e-06	4.924804249070389196e+05	1.049204556263447739e+06
1.452653925946781372e-06	5.023141013707550010e+05	1.072691573114540195e+06
1.500293322019216825e-06	5.124702706178756198e+05	1.096948840386838419e+06
1.549495039314631713e-06	5.229595087127797306e+05	1.122001618236419512e+06
1.600310313738701654e-06	5.334087109536053613e+05	1.147098735146470834e+06
1.652792061464893799e-06	5.432899374054254731e+05	1.171175768399954541e+06
1.706994934038407828e-06	5.534952160297639202e+05	1.196042401504391339e+06
1.762975375287203917e-06	5.640351740307451691e+05	1.221724529175213771e+06
1.820791680099462520e-06	5.749207871288063470e+05	1.248248895338110393e+06
1.880504055128583443e-06	5.861633909901918378e+05	1.275643120978639694e+06
1.942174681489024486e-06	5.977746930312816985e+05	1.303935732905175537e+06
2.005867779508234000e-06	6.095200560147562064e+05	1.332638307322250679e+06
2.071649675602067297e-06	6.203750566770754522e+05	1.359604784448544960e+06
2.139588871343421664e-06	6.315860441760960966e+05	1.387455619962996105e+06
2.209756114795903333e-06	6.431646930046939524e+05	1.416219816161863040e+06
2.282224474186896537e-06	6.551230605176085373e+05	1.445927326463933801e+06
2.357069413996727979e-06	6.674735994872982847e+05	1.476609086602342315e+06
2.434368873543112862e-06	6.802291710715536028e+05	1.508297046839291928e+06
2.514203348142796913e-06	6.933530453118270962e+05	1.540915324816136155e+06
2.596655972934872394e-06	7.051791477602922823e+05	1.570841012490648078e+06
2.681812609453013329e-06	7.173930840682000853e+05	1.601748105069933925e+06
2.769761935036891063e-06	7.300075731430015294e+05	1.633668787464753725e+06
2.860595535175745131e-06	7.430357510053059086e+05	1.666636300081381109e+06
2.954407998880380251e-06	7.564911844679960050e+05	1.700684973436304135e+06
3.051297017182871440e-06	7.703878852639491670e+05	1.735850263906099601e+06
3.151363484866476280e-06	7.847403246370626148e+05	1.772168790649701608e+06
3.254711605531848180e-06	7.977252745792561909e+05	1.805529478823987534e+06
3.361449000108768764e-06	8.109119014917648165e+05	1.839478273831854574e+06
3.471686818926559579e-06	8.245309802987836301e+05	1.874540410470973467e+06
3.585539857459816780e-06	8.385966931442624191e+05	1.910752400481680408e+06
3.703126675869923221e-06	8.531236872717569349e+05	1.948151952997037675e+06
3.824569722466998750e-06	8.681270902772516711e+05	1.986778013811027398e+06
3.949995461220647668e-06	8.836225258621836547e+05	2.026670805934497388e+06
4.079534503452449404e-06	8.978361915768905310e+05	2.063687360248986166e+06
4.213321743847289341e-06	9.119325340354103828e+05	2.100553859968655743e+06
4.351496500925044872e-06	9.264911622658940032e+05	2.138629386663419660e+06
4.494202662119142613e-06	9.415272368063055910e+05	2.177953590048813727e+06
4.641588833612781958e-06	9.570564153803829104e+05	2.218567420142157935e+06
4.793808495089106764e-06	9.730948692027176730e+05	2.260513169905612711e+06
4.951020159556351225e-06	9.896592998185514007e+05	2.303834519287702162e+06
5.113387538414320594e-06	1.005094204367904342e+06	2.344532495365137234e+06
5.281079711934330620e-06	1.019999695717444294e+06	2.384061467298861593e+06
5.454271305329836335e-06	1.035394008659912506e+06	2.424886781270184088e+06
5.633142670601352205e-06	1.051293173968404299e+06	2.467050950468700845e+06
5.817880074344935696e-06	1.067713748140924377e+06	2.510597882292670663e+06
6.008675891719681185e-06	1.084672830641386565e+06	2.555572924071697984e+06
6.205728806776500758e-06	1.102188081706043566e+06	2.602022910288914107e+06
6.409244019356456972e-06	1.118802757397370180e+06	2.646316559256959241e+06
6.619433458774388568e-06	1.134375156088628341e+06	2.688103329365489073e+06
6.836516004510238809e-06	1.150458247420302127e+06	2.731260485397489741e+06
7.060717714137765353e-06	1.167068779420625186e+06	2.775832968791941181e+06
7.292272058728313350e-06	1.184224049364931183e+06	2.821867194830279332e+06
7.531420165974376510e-06	1.201941921788058011e+06	2.869411100970640313e+06
7.778411071286482598e-06	1.220240847087474307e+06	2.918514196767251939e+06
8.033501977124735881e-06	1.237952897791304626e+06	2.966180626306443010e+06
8.296958520834915102e-06	1.254005529574536951e+06	3.009659455256276298e+06
8.569055051268345481e-06	1.270584603113693185e+06	3.054564160745666828e+06
8.850074914473438512e-06	1.287707382925031707e+06	3.100941504013484344e+06
9.140310748756224233e-06	1.305391699709989363e+06	3.148839779820880387e+06
9.440064789417603028e-06	1.323655968923080480e+06	3.198308866742762737e+06
9.749649183484097127e-06	1.342519209948710399e+06	3.249400279108524323e+06
1.006938631476026946e-05	1.361198439668672858e+06	3.300054423681691289e+06
1.039960913954120295e-05	1.377499345143635059e+06	3.344496635576527100e+06
1.074066153333432437e-05	1.394334834443683736e+06	3.390396317896337714e+06
1.109289864895222712e-05	1.411722439102052944e+06	3.437801267992993351e+06
1.145668728634872662e-05	1.429680265593906166e+06	3.486760850719700567e+06
1.183240627458378028e-05	1.448227014191405615e+06	3.537326049836791120e+06
1.222044686631488820e-05	1.467381998437129427e+06	3.589549521103358362e+06
1.262121314522546164e-05	1.486844088785079308e+06	3.642622390045822132e+06
1.303512244681508904e-05	1.503117700453074882e+06	3.687147086434487253e+06
1.346260579298911035e-05	1.519925000853075646e+06	3.733131958304991480e+06
1.390410834090069648e-05	1.537283492163974326e+06	3.780624891720813699e+06
1.436008984651260800e-05	1.555211250543932896e+06	3.829675343156055082e+06
1.483102514336102853e-05	1.573726944953868631e+06	3.880334390996615402e+06
1.531740463702079875e-05	1.592849856598272454e+06	3.932654788730380125e+06
1.581973481578601704e-05	1.612599899003564613e+06	3.986691019881716464e+06
1.633853877809860416e-05	1.628783133505028207e+06	4.030977429621758405e+06
1.687435677727375848e-05	1.645237523986116285e+06	4.076006571820225567e+06
1.742774678408917511e-05	1.662231531791920308e+06	4.122512432665627915e+06
1.799928506782476860e-05	1.679782853527945699e+06	4.170543440750119276e+06
1.858956679635688644e-05	1.697909766155126970e+06	4.220149612868538126e+06
1.919920665593282809e-05	1.716631146022433648e+06	4.271382606103102677e+06
1.982883949127071257e-05	1.735966488523642998e+06	4.324295771616202779e+06
2.047912096665083489e-05	1.752110998171403538e+06	4.368362833682469092e+06
2.115072824868794552e-05	1.767856201503504068e+06	4.411305716560236178e+06
2.184436071149428344e-05	1.784117764557890594e+06	4.455656899769807234e+06
2.256074066496859061e-05	1.800912621213227278e+06	4.501462568143022247e+06
2.330061410696924993e-05	1.818258260690194555e+06	4.548770421130907722e+06
2.406475150015422205e-05	1.836172745763770305e+06	4.597629722475188784e+06
2.485394857429798490e-05	1.854674731572801713e+06	4.648091351508804597e+06
2.566902715491951889e-05	1.870466825208022259e+06	4.690970765697561204e+06
2.651083601908536550e-05	1.885127395697862841e+06	4.730662666467805393e+06
2.738025177927857720e-05	1.900268755666697398e+06	4.771656252483164892e+06
2.827817979625344298e-05	1.915906672476598760e+06	4.813994212162295356e+06
2.920555512182745176e-05	1.932057430576050188e+06	4.857720633879094385e+06
3.016334347259197422e-05	1.948737848457661923e+06	4.902881051873874851e+06
3.115254223555484670e-05	1.965965296171996510e+06	4.949522493670138530e+06
3.217418150676372115e-05	1.981051467901450815e+06	4.990145655588305555e+06
3.322932516398975161e-05	1.994248832863213029e+06	5.025453175601500086e+06
3.431907197459042598e-05	2.007879001870932290e+06	5.061918596268247813e+06
3.544455673970434785e-05	2.021956168617270654e+06	5.099579890630075708e+06
3.660695147596898513e-05	2.036494992273232434e+06	5.138476277044218965e+06
3.780746663599348950e-05	2.051510612753409659e+06	5.178648260023430921e+06
3.904735236885563870e-05	2.067018666481830645e+06	5.220137672415100038e+06
4.032789982193704951e-05	2.081013410576673457e+06	5.257370521415154450e+06
4.165044248545185317e-05	2.092384913830835139e+06	5.287261493522781879e+06
4.301635758106790800e-05	2.104129342485731933e+06	5.318132732047473080e+06
4.442706749606882658e-05	2.116258926529907621e+06	5.350016384563590400e+06
4.588404126454761567e-05	2.128786297031100839e+06	5.382945652916570194e+06
4.738879609717651733e-05	2.141724499289529398e+06	5.416954827797472477e+06
4.894289896114532395e-05	2.155087006422536448e+06	5.452079324451378547e+06
5.054796821191235987e-05	2.167584344628033228e+06	5.484768041007048450e+06
5.220567527846975100e-05	2.176804085843095556e+06	5.508378800416496582e+06
5.391774640387505993e-05	2.186326185999667738e+06	5.532763868351181969e+06
5.568596444286408510e-05	2.196160560878179502e+06	5.557948638051606715e+06
5.751217071841613668e-05	2.206317451444423292e+06	5.583959335522800684e+06
5.939826693920350535e-05	2.216807434513916261e+06	5.610823046844585799e+06
6.134621717992506365e-05	2.227641433766008355e+06	5.638567746377518401e+06
6.335804992658254750e-05	2.238230245013420004e+06	5.665593554430828430e+06
6.543586018883229940e-05	2.245030021381836385e+06	5.682286298707338981e+06
6.758181168161109969e-05	2.252052794593364000e+06	5.699526477057390846e+06
6.979813907830652742e-05	2.259305877769690938e+06	5.717332042434666306e+06
7.208715033782136410e-05	2.266796823864371516e+06	5.735721536555156112e+06
7.445122910795143767e-05	2.274533433528047055e+06	5.754714109205452725e+06
7.689283720758306707e-05	2.282523763231603429e+06	5.774329538184265606e+06
7.941451719029339520e-05	2.290776133655732963e+06	5.794588249897914939e+06
8.201889499202211654e-05	2.294994846332707908e+06	5.804072993318121880e+06
8.470868266557401581e-05	2.299320442062497605e+06	5.813785161078599282e+06
8.748668120479914808e-05	2.303787894544635434e+06	5.823815836777133867e+06
9.035578346138921401e-05	2.308401855933285318e+06	5.834175465796167031e+06
9.331897715733240167e-05	2.313167130948760081e+06	5.844874836071660742e+06
9.637934799615796556e-05	2.318088681880888063e+06	5.855925089327040128e+06
9.954008287621519404e-05	2.323171633756460622e+06	5.867337732675565407e+06
1.028044732093309733e-04	2.325179713555188850e+06	5.870743049283830449e+06
1.061759183482999177e-04	2.326704616393103730e+06	5.872840431528704241e+06
1.096579291267809898e-04	2.328279528010790236e+06	5.875006596862031147e+06
1.132541315152812739e-04	2.329906088432774879e+06	5.877243801006756723e+06
1.169682703970384685e-04	2.331585991467748769e+06	5.879554373661655001e+06
1.208042134677328878e-04	2.333320986472403631e+06	5.881940720927351154e+06
1.247659552630868559e-04	2.335112880173117854e+06	5.884405327811891213e+06
1.288576213185518274e-04	2.334726953284412622e+06	5.881379943940063007e+06
1.330834724654076035e-04	2.333450708099042531e+06	5.876069290434366092e+06
1.374479092677536609e-04	2.332132608794955537e+06	5.870584475470636971e+06
1.419554766050101292e-04	2.330771282777548768e+06	5.864919787470545620e+06
1.466108684046983103e-04	2.329365312438346446e+06	5.859069327546088025e+06
1.514189325304352018e-04	2.327913233678784221e+06	5.853027003356804140e+06
1.563846758302247630e-04	2.326413534385576844e+06	5.846786522765566595e+06
1.615132693503089671e-04	2.323509165185388178e+06	5.837151567971907556e+06
1.668100537200059119e-04	2.319535201533740386e+06	5.824907743748632260e+06
1.722805447131392292e-04	2.315430912809481844e+06	5.812262386592293158e+06
1.779304389918577296e-04	2.311192025036792737e+06	5.799202328337991610e+06
1.837656200388172322e-04	2.306814124075964093e+06	5.785713968974394724e+06
1.897921642839099502e-04	2.302292651026757434e+06	5.771783262481442653e+06
1.960163474319185771e-04	2.297622897481022868e+06	5.757395702203611843e+06
2.024446509976801894e-04	2.292144650980027393e+06	5.741159730750893243e+06
2.090837690555749911e-04	2.285672732624652795e+06	5.722681451838853769e+06
2.159406152103567479e-04	2.278988569441812113e+06	5.703597182723571546e+06
2.230223297965936195e-04	2.272085200919288211e+06	5.683887050118784420e+06
2.303362873142131230e-04	2.264955438276730012e+06	5.663530528999135830e+06
2.378901041078890991e-04	2.257591856979663484e+06	5.642506421226567589e+06
2.456916462982790305e-04	2.249986789007995743e+06	5.620792833475761116e+06
2.537490379733572054e-04	2.241954804121877067e+06	5.598155952688096091e+06
2.620706696483850184e-04	2.233265810549155809e+06	5.574308395129410550e+06
2.706652070033241614e-04	2.224291863761571236e+06	5.549678763313664123e+06
2.795415999067858812e-04	2.215023618794832379e+06	5.524241409325257875e+06
2.887090917359234942e-04	2.205451424219051376e+06	5.497969844132075086e+06
2.981772290019673471e-04	2.195565312088280451e+06	5.470836710001290776e+06
3.079558712914223133e-04	2.185354987560461275e+06	5.442813752010567114e+06
3.180552015332919840e-04	2.174866905669685919e+06	5.414159512774302624e+06
3.284857366030047169e-04	2.164301751104509458e+06	5.385910661382170394e+06
3.392583382740992125e-04	2.153390115127686411e+06	5.356735396481617354e+06
3.503842245290676185e-04	2.142120634974205866e+06	5.326603336589982733e+06
3.618749812411276696e-04	2.130481575240226462e+06	5.295483103872039355e+06
3.737425742391064479e-04	2.118460815662482288e+06	5.263342291464854032e+06
3.859993617679771628e-04	2.106045838496922981e+06	5.230147429731117561e+06
3.986581073580439268e-04	2.093273354558529565e+06	5.196022622517488897e+06
4.117319931161679482e-04	2.081208683664903045e+06	5.164380139996221289e+06
4.252346334528677710e-04	2.068748355123630492e+06	5.131699950743420050e+06
4.391800892596086085e-04	2.055879393448224291e+06	5.097948023445010185e+06
4.535828825510190908e-04	2.042588397624597652e+06	5.063089210739101283e+06
4.684580115873045679e-04	2.028861527156000026e+06	5.027087212615491822e+06
4.838209664925957392e-04	2.014684487650297582e+06	4.989904538614869118e+06
4.996877453854878855e-04	2.000042515934602823e+06	4.951502468788368627e+06
5.160748710385908026e-04	1.986688054590755841e+06	4.916943098419660702e+06
5.329994080844092930e-04	1.973079518538301112e+06	4.881781099449675530e+06
5.504789807854968417e-04	1.959024694194197655e+06	4.845465972149738111e+06
5.685317913873753860e-04	1.944508945653560804e+06	4.807959899985394441e+06
5.871766390733249843e-04	1.929517157030931441e+06	4.769223826239089482e+06
6.064329395408061141e-04	1.914033716719436459e+06	4.729217413338680752e+06
6.263207452198691922e-04	1.898042501133742975e+06	4.687899000852162950e+06
6.468607661546321112e-04	1.883543152298869565e+06	4.650763422807523981e+06
6.680743915695614441e-04	1.869175424481095979e+06	4.614077490088567138e+06
6.899837121430011690e-04	1.854336510881255148e+06	4.576188452040899545e+06
7.126115430111745839e-04	1.839010959087938070e+06	4.537056853147788905e+06
7.359814475265771296e-04	1.823182809932048898e+06	4.496641943959418684e+06
7.601177617955324041e-04	1.806835580867820419e+06	4.454901638658688404e+06
7.850456200204509452e-04	1.789952248808811652e+06	4.411792471235403791e+06
8.107909806731678154e-04	1.774521899074820569e+06	4.372613605910209939e+06
8.373806535266489033e-04	1.759754092120755929e+06	4.335261976715698838e+06
8.648423275731726865e-04	1.744501978896602057e+06	4.296685410855016671e+06
8.932045998580959026e-04	1.728749676708065439e+06	4.256843736858583055e+06
9.224970052592174194e-04	1.712480781992148841e+06	4.215695465844230726e+06
9.527500472427299482e-04	1.695678353235405404e+06	4.173197748313034419e+06
9.839952296278227113e-04	1.678324893331998726e+06	4.129306329528238159e+06
1.016265089392995313e-03	1.662187934181606630e+06	4.088630238546499982e+06
1.049593230558226731e-03	1.647336413589767646e+06	4.051350630863915663e+06
1.084014359178331072e-03	1.631997841361529659e+06	4.012848448441335000e+06
1.119564319483879432e-03	1.616156244769047014e+06	3.973083597267910372e+06
1.156280131207375458e-03	1.599795127263146685e+06	3.932014668460459448e+06
1.194200028133532475e-03	1.582897451294744853e+06	3.889598895142566878e+06
1.233363497913774571e-03	1.565445620572907384e+06	3.845792107909582090e+06
1.273811323186478358e-03	1.548827757273861906e+06	3.804157766189177521e+06
1.315585624045705277e-03	1.534158984613477951e+06	3.767558746050188784e+06
1.358729901902709343e-03	1.519009153486117953e+06	3.729759470857248642e+06
1.403289084785873256e-03	1.503362487708317349e+06	3.690720578567622695e+06
1.449309574126215073e-03	1.487202693720909767e+06	3.650401416270948481e+06
1.496839293077255632e-03	1.470512943621818442e+06	3.608759997855555266e+06
1.545927736419478674e-03	1.453275857642432908e+06	3.565752960286504123e+06
1.596626022101425152e-03	1.436395473321838072e+06	3.523674058471142314e+06
1.648986944471064796e-03	1.422123894177674549e+06	3.488236323044546880e+06
1.703065029252842687e-03	1.407384282421419164e+06	3.451636416584824212e+06
1.758916590327732569e-03	1.392161289049027022e+06	3.413836226004493423e+06
1.816599788375328683e-03	1.376439061689983122e+06	3.374796388307595160e+06
1.876174691439119486e-03	1.360201228099531727e+06	3.334476249599270523e+06
1.937703337477988952e-03	1.343430879109535599e+06	3.292833822751068976e+06
2.001249798969035112e-03	1.326491727717941860e+06	3.250783968332170974e+06
2.066880249629082268e-03	1.312781562741255853e+06	3.216868804781806190e+06
2.134663033324245458e-03	1.298621776579594938e+06	3.181841402534819674e+06
2.204668735239407457e-03	1.283997624026733683e+06	3.145665286021328066e+06
2.276970255381679901e-03	1.268893876311358297e+06	3.108302783464905806e+06
2.351642884494346396e-03	1.253294805238686735e+06	3.069714987653326709e+06
2.428764382460450386e-03	1.237184166812001262e+06	3.029861715422761161e+06
2.508415059277541159e-03	1.220545184317069361e+06	2.988701465813301038e+06
2.590677858688006548e-03	1.207339568136522779e+06	2.956126003759810235e+06
2.675638444552045497e-03	1.193881933781309286e+06	2.922934289330326952e+06
2.763385290053172599e-03	1.179982959915153449e+06	2.888654061524198391e+06
2.854009769829237483e-03	1.165628172927109059e+06	2.853249622837048955e+06
2.947606255124858923e-03	1.150802624548037304e+06	2.816684105074411724e+06
3.044272212064299925e-03	1.135490876284323633e+06	2.778919430959273130e+06
3.144108303147265162e-03	1.119676983341089683e+06	2.739916274480519816e+06
3.247218492073131874e-03	1.106689593953962903e+06	2.707942267711767461e+06
3.353710152002929105e-03	1.094015293068771716e+06	2.676755148610738106e+06
3.463694177371734288e-03	1.080925341883789981e+06	2.644545256299464498e+06
3.577285099367869762e-03	1.067406109258865472e+06	2.611279049204706214e+06
3.694601205199302477e-03	1.053443517024255823e+06	2.576921885766313411e+06
3.815764661271252300e-03	1.039023025320418179e+06	2.541437988363462035e+06
3.940901640403448279e-03	1.024129617457014974e+06	2.504790406057847198e+06
4.070142453219439092e-03	1.011445048113188241e+06	2.473613273823145777e+06
4.203621683844710293e-03	9.996008252515883651e+05	2.444521523626656272e+06
4.341478330055092809e-03	9.873681742764529772e+05	2.414475717281417456e+06
4.483855948021190328e-03	9.747343567919300403e+05	2.383444566771798301e+06
4.630902801799736956e-03	9.616862166498899460e+05	2.351395758000080474e+06
4.782772017727485517e-03	9.482101662498500664e+05	2.318295917136371601e+06
4.939621743878315659e-03	9.342921723896153271e+05	2.284110575864979066e+06
5.101615314749833284e-03	9.219832078897244064e+05	2.253897789776165970e+06
5.268921421350676766e-03	9.109879806420606328e+05	2.226929486145182978e+06
5.441714286865887221e-03	8.996321678644225467e+05	2.199076764226315077e+06
5.620173848083187887e-03	8.879039442510192748e+05	2.170310619758902583e+06
5.804485942768972118e-03	8.757910966883297078e+05	2.140601097295341548e+06
5.994842503189409637e-03	8.632810115370457061e+05	2.109917259007145651e+06
6.191441755977847815e-03	8.503606614969422808e+05	2.078227152468044776e+06
6.394488428556937588e-03	8.384875298792329850e+05	2.049116673257135786e+06
6.604193962330305243e-03	8.283384642863522749e+05	2.024251150099525228e+06
6.820776732865678482e-03	8.178565628081257455e+05	1.998570168775937986e+06
7.044462277299037498e-03	8.070309101809192216e+05	1.972046986554426374e+06
7.275483529196232965e-03	7.958502331779558444e+05	1.944653983682322782e+06
7.514081061116961897e-03	7.843028888700085226e+05	1.916362634624575498e+06
7.760503335133571261e-03	7.723768525011055171e+05	1.887143478358851513e+06
8.015006961565396618e-03	7.609871808898512973e+05	1.859243768455108628e+06
8.277856966198472027e-03	7.516650274314213311e+05	1.836423761091886554e+06
8.549327066268385539e-03	7.420371564494146733e+05	1.812855377704798710e+06
8.829699955494081307e-03	7.320935420196035411e+05	1.788514075502770487e+06
9.119267598459298088e-03	7.218238294202607358e+05	1.763374506820466369e+06
9.418331534647961592e-03	7.112173243493377231e+05	1.737410492722667987e+06
9.727203192450536648e-03	7.002629817880176706e+05	1.710594995742994593e+06
1.004620421346811079e-02	6.893923072385013802e+05	1.683986265827137977e+06
1.037566678745184892e-02	6.808659160544766346e+05	1.663128159899002872e+06
1.071593399822671176e-02	6.720599041573358700e+05	1.641586017978617456e+06
1.106736018095974550e-02	6.629651014607533580e+05	1.619337407288993243e+06
1.143031129114480994e-02	6.535720371478804154e+05	1.596359159376233350e+06
1.180516528568803167e-02	6.438709298089706572e+05	1.572627345983210485e+06
1.219231251649109671e-02	6.338516772555630887e+05	1.548117254132009577e+06
1.259215613694151040e-02	6.235243466460147174e+05	1.522853580682988977e+06
1.300511252173409960e-02	6.157543783493106021e+05	1.503855812298282282e+06
1.343161170046018073e-02	6.077295960252971854e+05	1.484235017192340689e+06
1.387209780541618330e-02	5.994416431162609952e+05	1.463970763370865490e+06
1.432702953409829491e-02	5.908818890134149697e+05	1.443041948777774815e+06
1.479688062686396362e-02	5.820414200694739120e+05	1.421426779320722446e+06
1.528214036025870790e-02	5.729110303164785728e+05	1.399102746175943175e+06
1.578331405652119712e-02	5.634812118792181136e+05	1.376046602348831249e+06
1.630092360979738114e-02	5.560832467188570881e+05	1.357964535894352477e+06
1.683550802961200632e-02	5.487936823489852250e+05	1.340148634963693330e+06
1.738762400216250711e-02	5.412650586697972612e+05	1.321748466338118305e+06
1.795784647002096959e-02	5.334895357953318162e+05	1.302744869115203852e+06
1.854676923084701279e-02	5.254590167326686205e+05	1.283118054015868809e+06
1.915500555573523833e-02	5.171651389501763624e+05	1.262847582776930416e+06
1.978318882784162180e-02	5.085992656692376477e+05	1.241912346867837710e+06
2.043197320195270367e-02	5.015649620762063423e+05	1.224724009524970315e+06
2.110203428568596662e-02	4.949616334923055838e+05	1.208590458939234959e+06
2.179406984302958289e-02	4.881417505177229177e+05	1.191927812887139386e+06
2.250880052095457357e-02	4.810982113092711661e+05	1.174718719824707368e+06
2.324697059985645492e-02	4.738236811207166757e+05	1.156945259168722434e+06
2.400934876860652198e-02	4.663105846647921717e+05	1.138588922635252355e+06
2.479672892502160150e-02	4.585510982247144566e+05	1.119630594966152916e+06
2.560993100258462246e-02	4.518875339299967163e+05	1.103352031064280774e+06
2.644980182427714502e-02	4.459203362719304860e+05	1.088776393897715956e+06
2.731721598441373688e-02	4.397574459663598682e+05	1.073722752617723541e+06
2.821307675939470697e-02	4.333924453253721003e+05	1.058175431207549991e+06
2.913831704832788722e-02	4.268187061946992180e+05	1.042118239559671842e+06
3.009390034449724305e-02	4.200293830515307491e+05	1.025534456616330426e+06
3.108082173869057552e-02	4.130174058759718318e+05	1.008406812957162154e+06
3.210010895543168735e-02	4.067270046601637732e+05	9.930429096741373651e+05
3.315282342319423453e-02	4.013460940528603387e+05	9.799019985379106365e+05
3.424006137971426222e-02	3.957887179247105378e+05	9.663301347438007360e+05
3.536295501355046084e-02	3.900490891362652765e+05	9.523131853149223607e+05
3.652267364308168368e-02	3.841212307603894151e+05	9.378365537872042041e+05
3.772042493416994519e-02	3.779989698582223500e+05	9.228851650094431825e+05
3.895745615775501186e-02	3.716759310510309879e+05	9.074434494448995683e+05
4.023505548869293208e-02	3.657569902590981801e+05	8.929892119187316857e+05
4.155455334718879262e-02	3.609137877956843586e+05	8.811633724132179050e+05
4.291732378422148664e-02	3.559117538058543578e+05	8.689497076714056311e+05
4.432478591240391480e-02	3.507456794522777782e+05	8.563354990686363308e+05
4.577840538376615892e-02	3.454101850752022001e+05	8.433076108763692901e+05
4.727969591600390820e-02	3.398997145903753699e+05	8.298524765833668644e+05
4.883022086877885498e-02	3.342085297032513190e+05	8.159560847682917956e+05
5.043159487171348238e-02	3.286557945255910745e+05	8.023980162304101977e+05
5.208548550577655339e-02	3.243036899722281960e+05	7.917727114952126285e+05
5.379361503980698012e-02	3.198088593167545041e+05	7.807989527396667982e+05
5.555776222398878250e-02	3.151666218949133763e+05	7.694653125075898133e+05
5.737976414214139564e-02	3.103721435413189465e+05	7.577599885824359953e+05
5.926151812475564939e-02	3.054204315554270870e+05	7.456707916971322848e+05
6.120498372476690374e-02	3.003063295024187537e+05	7.331851328408609843e+05
6.321218475812448445e-02	2.951115733227337478e+05	7.205026222499439027e+05
6.528521141127847927e-02	2.912063914087445009e+05	7.109694867748653051e+05
6.742622241778348235e-02	2.871731401007912937e+05	7.011237146775346482e+05
6.963744730628236568e-02	2.830076193974319031e+05	6.909550531237368705e+05
7.192118872221178738e-02	2.787054915593035985e+05	6.804529130403089803e+05
7.427982482564911282e-02	2.742622765920421807e+05	6.696063580882684328e+05
7.671581176779301847e-02	2.696733475810712553e+05	6.584040932743316516e+05
7.923168624866261389e-02	2.649339258733903989e+05	6.468344531889368081e+05
8.183006815867406580e-02	2.613262144413479546e+05	6.380282227328257868e+05
8.451366330684703665e-02	2.577117261912559916e+05	6.292055368302311981e+05
8.728526623848370525e-02	2.539787017679775599e+05	6.200935133086546557e+05
9.014776314524917955e-02	2.501232538094908523e+05	6.106826634184488794e+05
9.310413487069084393e-02	2.461413674687780731e+05	6.009631872289642924e+05
9.615746001432116941e-02	2.420288962329898786e+05	5.909249634234528057e+05
9.931091813749780284e-02	2.377815576055002457e+05	5.805575387592986226e+05
1.025677930744420957e-01	2.343834406391905795e+05	5.722634916133139050e+05
1.059314763518370006e-01	2.311478556989425851e+05	5.643663254267631564e+05
1.094054707205743548e-01	2.278061606179781957e+05	5.562101737922050525e+05
1.129933938033223922e-01	2.243548755426786665e+05	5.477865433513013413e+05
1.166989818617144986e-01	2.207904064985592559e+05	5.390866622083049733e+05
1.205260936870841404e-01	2.171090416477040853e+05	5.301014707954962505e+05
1.244787146187906202e-01	2.133069474234693043e+05	5.208216124390639598e+05
1.285609606943296512e-01	2.101156152247239079e+05	5.130327879521783325e+05
1.327770829355431892e-01	2.072220719028828607e+05	5.059709767445024918e+05
1.371314717753943091e-01	2.042336356035065546e+05	4.986775753314095782e+05
1.416286616299197443e-01	2.011471943368349748e+05	4.911449887741960119e+05
1.462733356201129931e-01	1.979595340562392666e+05	4.833653730601824354e+05
1.510703304486655796e-01	1.946673353112927580e+05	4.753306269343951717e+05
1.560246414366371071e-01	1.912671697910818330e+05	4.670323834633759689e+05
1.611414277253016558e-01	1.882781484753884724e+05	4.597377778007785091e+05
1.664260176485901910e-01	1.856927465034408378e+05	4.534284435610088985e+05
1.718839142817145671e-01	1.830225569669203833e+05	4.469121963962588343e+05
1.775208011717636092e-01	1.802647992803769885e+05	4.401822506526232464e+05
1.833425482562292541e-01	1.774166016698059684e+05	4.332315981424960773e+05
1.893552179756291254e-01	1.744749981821444235e+05	4.260530008466384024e+05
1.955650715865947520e-01	1.714369255966928031e+05	4.186389833769079414e+05
2.019785756819878764e-01	1.686443912015192618e+05	4.118243151026539854e+05
2.086024089248504632e-01	1.663360994875161268e+05	4.061916249822552199e+05
2.154434690031886424e-01	1.639521079655615322e+05	4.003742122993753292e+05
2.225088798128364853e-01	1.614899340807476547e+05	3.943660191270993091e+05
2.298059988758848760e-01	1.589470138634431351e+05	3.881607888704203651e+05
2.373424250023866422e-01	1.563206992593208852e+05	3.817520597509783693e+05
2.451260062033339959e-01	1.536082553718216077e+05	3.751331580781230587e+05
2.531648478631358112e-01	1.510053225811717275e+05	3.687815709841759526e+05
2.614673211801087360e-01	1.489458489166828222e+05	3.637564065981647582e+05
2.700420718837769907e-01	1.468188353654725943e+05	3.585664432932650670e+05
2.788980292380439652e-01	1.446220669750624220e+05	3.532062765331118717e+05
2.880444153396297668e-01	1.423532561542007606e+05	3.476703245410186937e+05
2.974907547214443726e-01	1.400100402906940726e+05	3.419528224874286097e+05
3.072468842708997450e-01	1.375899792911158002e+05	3.360478164867456653e+05
3.173229634734973104e-01	1.351689612527995487e+05	3.301405112346139504e+05
3.277294849923382269e-01	1.333325986146236246e+05	3.256600845770270098e+05
3.384772855945983316e-01	1.314360129560227506e+05	3.210327235283218906e+05
3.495775574363279015e-01	1.294772292791867512e+05	3.162536094145323150e+05
3.610418597173329913e-01	1.274542078167819564e+05	3.113177655345716048e+05
3.728821307182829670e-01	1.253648419078510487e+05	3.062200519777731388e+05
3.851107002325568907e-01	1.232069558040561242e+05	3.009551602714797482e+05
3.977403024058037140e-01	1.209783024039756274e+05	2.955176078530962695e+05
4.107840889965651554e-01	1.193230513645314204e+05	2.914793872660842608e+05
4.242556430717768223e-01	1.176328397411133337e+05	2.873558887888760655e+05
4.381689931514186065e-01	1.158871980806187348e+05	2.830971612845390919e+05
4.525386278170167031e-01	1.140843085698416689e+05	2.786987699533815030e+05
4.673795107992463338e-01	1.122222937808791758e+05	2.741561345576439053e+05
4.827070965603187935e-01	1.102992147160835302e+05	2.694645246518976055e+05
4.985373463873883915e-01	1.083130687888991961e+05	2.646190546570246806e+05
5.148867450137487589e-01	1.067591050719160557e+05	2.608282286421292520e+05
5.317723177850967042e-01	1.052535300182347710e+05	2.571555177856124938e+05
5.492116483887790057e-01	1.036985800342841685e+05	2.533623613611404435e+05
5.672228971644548423e-01	1.020926358824625058e+05	2.494448093886011920e+05
5.858248200152549323e-01	1.004340252227050369e+05	2.453987823493438773e+05
6.050367879391213011e-01	9.872102087100312929e+04	2.412200669379978790e+05
6.248788072006887795e-01	9.695183900081094180e+04	2.369043116749706969e+05
6.453715401646701322e-01	9.549688694083016890e+04	2.333553260382809967e+05
6.665363268124920859e-01	9.415634771310396900e+04	2.300855500179456722e+05
6.883952069645510319e-01	9.277184586077765562e+04	2.267085425695884333e+05
7.109709432312424360e-01	9.134193964136317663e+04	2.232207870672744757e+05
7.342870447166758296e-01	8.986514003081360715e+04	2.196186515582627908e+05
7.583677914997191127e-01	8.833990917293803068e+04	2.158983849808973609e+05
7.832382599179205096e-01	8.676465877796389395e+04	2.120561132584601582e+05
8.089243486805955952e-01	8.540576492384063022e+04	2.087417614716594107e+05
8.354528058382855171e-01	8.421262081165773270e+04	2.058318566662502999e+05
8.628512566366886016e-01	8.298034785817496595e+04	2.028265223128377984e+05
8.911482322840202919e-01	8.170766284353173978e+04	1.997226288249782519e+05
9.203731996618230715e-01	8.039324046501601697e+04	1.965169439822793938e+05
9.505565920101212152e-01	7.903571195696861832e+04	1.932061295645475911e+05
9.817298406188821325e-01	7.763366366542763717e+04	1.897867378755533136e+05
1.013925407558814440e+00	7.636735629414000141e+04	1.866985498158767004e+05
1.047176819485520438e+00	7.530575746734814311e+04	1.841098260531474953e+05
1.081518702552289213e+00	7.420934379162617552e+04	1.814362057886073890e+05
1.116986818467825104e+00	7.307697352333663730e+04	1.786749048642385751e+05
1.153618101736475943e+00	7.190746747566568956e+04	1.758230478163079533e+05
1.191450698119774998e+00	7.069960779068362899e+04	1.728776648810188344e+05
1.230524004359261570e+00	6.945213667113687552e+04	1.698356889019683003e+05
1.270878709202059476e+00	6.827456315937622276e+04	1.669642660297764523e+05
1.312556835771845343e+00	6.733028916760877473e+04	1.646620129259712703e+05
1.355601785329366038e+00	6.635504796342337795e+04	1.622842580488175736e+05
1.400058382468096108e+00	6.534782398539029236e+04	1.598285253378982889e+05
1.445972921792019639e+00	6.430756836701526481e+04	1.572922575310598186e+05
1.493393216124253353e+00	6.323319784450844600e+04	1.546728135014214204e+05
1.542368646296630619e+00	6.212359362873438658e+04	1.519674655070542649e+05
1.592950212572119773e+00	6.103063754798562150e+04	1.493027668841603445e+05
1.645190587753660783e+00	6.019094657024281332e+04	1.472558836949904799e+05
1.699144172034625866e+00	5.932371815199016419e+04	1.451418735203623655e+05
1.754867149648152269e+00	5.842804921024840587e+04	1.429585349487834028e+05
1.812417547374239657e+00	5.750300704567411594e+04	1.407035943740611838e+05
1.871855294965575345e+00	5.654762837129899708e+04	1.383747036276980944e+05
1.933242287555043237e+00	5.556091830941653461e+04	1.359694375336391677e+05
1.996642450109793465e+00	5.454829857938583154e+04	1.335010207535179215e+05
2.062121803999144465e+00	5.380178644398529286e+04	1.316816718048488838e+05
2.129748535745523252e+00	5.303079264323005191e+04	1.298026577951412182e+05
2.199593068030070597e+00	5.223451430746797269e+04	1.278620220247134857e+05
2.271728133026902796e+00	5.141212223715160508e+04	1.258577436244420096e+05
2.346228848142262624e+00	5.056276003935693006e+04	1.237877354513426835e+05
2.423172794237601124e+00	4.968554323598350311e+04	1.216498419151365088e+05
2.502640096417921622e+00	4.877955834270863124e+04	1.194418367335392104e+05
2.584713507469558191e+00	4.808536629482877470e+04	1.177503596033113281e+05
2.669478494034318139e+00	4.740007604458901187e+04	1.160806364815753768e+05
2.757023325609582631e+00	4.669231188430595648e+04	1.143561552376832260e+05
2.847439166467247595e+00	4.596133678812458675e+04	1.125751200936983951e+05
2.940820170587066684e+00	4.520638955962450564e+04	1.107356763796283194e+05
3.037263579703306071e+00	4.442668403915291128e+04	1.088359086020755640e+05
3.136869824566873799e+00	4.362140828516163310e+04	1.068738384495494538e+05
3.239742629528195472e+00	4.297197485846027121e+04	1.052917946665426425e+05
3.345989120549975215e+00	4.236298058372349624e+04	1.038083981428356492e+05
3.455719936762142730e+00	4.173401450500656210e+04	1.022763540278041764e+05
3.569049345675222806e+00	4.108442165235206630e+04	1.006940669367324444e+05
3.686095362172154388e+00	4.041352557623822941e+04	9.905988916468998650e+04
3.806979871402284221e+00	3.972062764316274843e+04	9.737211897070547275e+04
3.931828755705770284e+00	3.900500630812486634e+04	9.562899880566846696e+04
4.060772025700369880e+00	3.839891746100644377e+04	9.415294138552431832e+04
4.193943955667178258e+00	3.785782191595026961e+04	9.283537132685215329e+04
4.331483223376394243e+00	3.729898128755135986e+04	9.147459191132122942e+04
4.473533054498463279e+00	3.672181363055869588e+04	9.006918609965713404e+04
4.620241371751312442e+00	3.612571791498266248e+04	8.861769038116217416e+04
4.771760948938751135e+00	3.551007340021627169e+04	8.711859324969766021e+04
4.928249570040502903e+00	3.487423898863083741e+04	8.557033362968651636e+04
5.089870193519674402e+00	3.430985585083077603e+04	8.419626483329634357e+04
5.256791122018420026e+00	3.382916914618101873e+04	8.302623282425556681e+04
5.429186177618942288e+00	3.333271844991526450e+04	8.181782992914170609e+04
5.607234882852038638e+00	3.281998678615449171e+04	8.056979778503249690e+04
5.791122647641747001e+00	3.229044022493440207e+04	7.928083676133115659e+04
5.981040962380932413e+00	3.174352732620043025e+04	7.794960460640340170e+04
6.177187597338488878e+00	3.117867856556945117e+04	7.657471504983287014e+04
6.379766808606282424e+00	3.065420217298244097e+04	7.529824360628385330e+04
6.588989550799956518e+00	3.022724817924932358e+04	7.425944376703917806e+04
6.805073696735220778e+00	2.978629234374999942e+04	7.318657676554904901e+04
7.028244264308338707e+00	2.933087547983743934e+04	7.207852537836048577e+04
7.258733650817245753e+00	2.886052334196144147e+04	7.093413574297650484e+04
7.496781874966876202e+00	2.837474613181628956e+04	6.975221615628928703e+04
7.742636826811278183e+00	2.787303798829208972e+04	6.853153583360688935e+04
7.996554525892363152e+00	2.738656334870983846e+04	6.734800796177609300e+04
8.258799387844256046e+00	2.700739503937856352e+04	6.642590914546322892e+04
8.529644499741017682e+00	2.661579200699056673e+04	6.547357034566647053e+04
8.809371904473991322e+00	2.621134645813675161e+04	6.448999985023436602e+04
9.098272894455567084e+00	2.579363722593246348e+04	6.347417342408117838e+04
9.396648314954710202e+00	2.536222933143796399e+04	6.242503324260609952e+04
9.704808877380287413e+00	2.491667353069585442e+04	6.134148679013428773e+04
1.002307548283864236e+01	2.446623448709407603e+04	6.024609441105409496e+04
1.035177955630176250e+01	2.412955760154505697e+04	5.942775240801891050e+04
1.069126339173477191e+01	2.378183948779115963e+04	5.858257309837618232e+04
1.104188050854162562e+01	2.342271805171333472e+04	5.770967635985027300e+04
1.140399601970030830e+01	2.305181932441303434e+04	5.680815320679158322e+04
1.177798701197118092e+01	2.266875707278179470e+04	5.587706484360950708e+04
1.216424293857368077e+01	2.227313239730003625e+04	5.491544168716400600e+04
1.256316602474121602e+01	2.186453331664533471e+04	5.392228235709582077e+04
1.297517168657589615e+01	2.155784277638860658e+04	5.317719871369599423e+04
1.340068896363947992e+01	2.124914489682067142e+04	5.242727413285733928e+04
1.384016096573130383e+01	2.093032335304831213e+04	5.165275597643054061e+04
1.429404533431761060e+01	2.060104614221795782e+04	5.085283770469736919e+04
1.476281471909391030e+01	2.026097037353139604e+04	5.002668632768563111e+04
1.524695727017576097e+01	1.990974191117862938e+04	4.917344153774032020e+04
1.574697714643083479e+01	1.954699500556074418e+04	4.829221481364763895e+04
1.626339504048190676e+01	1.926010589499428534e+04	4.759555890628290217e+04
1.679674872092653359e+01	1.898610307312117948e+04	4.693029055864003749e+04
1.734759359233932585e+01	1.870311440215970651e+04	4.624320491388206574e+04
1.791650327363903017e+01	1.841084519359795013e+04	4.553358647959889640e+04
1.850407019542298315e+01	1.810899109469328687e+04	4.480069629899875144e+04
1.911090621689136171e+01	1.779723777153636547e+04	4.404377118139969389e+04
1.973764326300255334e+01	1.747526058172167541e+04	4.326202290748626547e+04
2.038493398252463962e+01	1.720757969616993432e+04	4.261230665355567180e+04
2.105345242766708225e+01	1.696442932791434941e+04	4.202226029335768544e+04
2.174389475600075627e+01	1.671330490851585637e+04	4.141286352095732582e+04
2.245697995539771696e+01	1.645394493110485564e+04	4.078348174477374414e+04
2.319345059274427712e+01	1.618607931276415366e+04	4.013345956196553743e+04
2.395407358720879643e+01	1.590942911327966613e+04	3.946212007593077578e+04
2.473964100886816908e+01	1.562370624466775917e+04	3.876876419142489613e+04
2.555097090352501965e+01	1.537454044999363759e+04	3.816424027953385666e+04
2.638890814457507972e+01	1.515883164447596937e+04	3.764101815698137943e+04
2.725432531281027693e+01	1.493604872650879952e+04	3.710063710518572771e+04
2.814812360507581346e+01	1.470595970247076912e+04	3.654253440166235669e+04
2.907123377272581166e+01	1.446832497057191904e+04	3.596612886959369644e+04
3.002461709085543262e+01	1.422289707134584569e+04	3.537082027262431802e+04
3.100926635931923414e+01	1.396942042995918928e+04	3.475598868980820407e+04
3.202620693657650008e+01	1.373800793875190357e+04	3.419472252774565277e+04
3.307649780744242918e+01	1.354671640054471573e+04	3.373084847132358846e+04
3.416123268585532458e+01	1.334915150762365920e+04	3.325176178957700904e+04
3.528154115380876732e+01	1.314510752700268677e+04	3.275696358853666970e+04
3.643858983763541204e+01	1.293437197873754485e+04	3.224593861313917296e+04
3.763358362286533065e+01	1.271672541466125585e+04	3.171815471066962346e+04
3.886776690892667574e+01	1.249194118986300600e+04	3.117306227660744480e+04
4.014242490499325555e+01	1.227747790889470161e+04	3.065299070458151618e+04
4.145888496832903058e+01	1.210792600365841645e+04	3.024180657950881869e+04
4.281851798652406416e+01	1.193281368914353880e+04	2.981713778128497870e+04
4.422273980505897129e+01	1.175195861321843768e+04	2.937854208366904641e+04
4.567301270168746896e+01	1.156517244356218907e+04	2.892556275772899244e+04
4.717084690917022272e+01	1.137226067154589873e+04	2.845772809622990826e+04
4.871780218794621931e+01	1.117302240968234764e+04	2.797455092242462706e+04
5.031548945038046838e+01	1.097468424965406484e+04	2.749352952279068631e+04
5.196557243827657402e+01	1.082450597425720480e+04	2.712910170350072804e+04
5.366976945540476152e+01	1.066940264257865965e+04	2.675272257157334388e+04
5.542985515684674169e+01	1.050921273871797530e+04	2.636400018691451623e+04
5.724766239702167070e+01	1.034376944990408083e+04	2.596252975585995591e+04
5.912508413831869092e+01	1.017290049278572405e+04	2.554789320964552462e+04
6.106407542232037144e+01	9.996427934025397917e+03	2.511965876905418918e+04
6.306665540567406225e+01	9.814168005009476474e+03	2.467738049478520043e+04
6.513490946272808912e+01	9.680500375972509573e+03	2.435253371873226934e+04
6.727099135712350630e+01	9.543252842913039785e+03	2.401897680973503520e+04
6.947712548460225435e+01	9.401504313800365708e+03	2.367448099132757488e+04
7.175560918936922405e+01	9.255107179675516818e+03	2.331868752490818952e+04
7.410881515641570161e+01	9.103908990783340414e+03	2.295122590713907266e+04
7.653919388230156073e+01	8.947752297819813975e+03	2.257171348412470979e+04
7.904927622696436629e+01	8.786474487973198848e+03	2.217975505293768219e+04
8.164167604921453858e+01	8.661774413421411737e+03	2.187597700538405479e+04
8.431909292866251349e+01	8.540493035087767566e+03	2.158035571733825054e+04
8.708431497690725109e+01	8.415234266464907705e+03	2.127503960840145010e+04
8.994022174092053490e+01	8.285867670104564240e+03	2.095971073952153165e+04
9.288978720164516290e+01	8.152258530897317542e+03	2.063404074492038853e+04
9.593608287093125853e+01	8.014267715787863381e+03	2.029769049015229757e+04
9.908228099003788714e+01	7.871751528889599285e+03	1.995030971894817048e+04
1.023316578330244937e+02	7.755864042949878240e+03	1.966690268879663563e+04
1.056875971184805252e+02	7.648900468881840425e+03	1.940483756544202697e+04
1.091535935331393290e+02	7.538429053077149547e+03	1.913417808662170137e+04
1.127332563710484834e+02	7.424334756806450059e+03	1.885464240275217162e+04
1.164303132920875612e+02	7.306498768676058717e+03	1.856593942106832401e+04
1.202486142037412122e+02	7.184798380904524493e+03	1.826776850249595373e+04
1.241921352701784684e+02	7.059106861541590661e+03	1.795981914858297387e+04
1.282649830528062580e+02	6.951853822009198666e+03	1.769593113100370465e+04
1.324713987866115019e+02	6.857783570856419828e+03	1.746348056355877270e+04
1.368157627967470660e+02	6.760628311035525257e+03	1.722340684207005324e+04
1.413025990599533657e+02	6.660286870514287330e+03	1.697545996724432189e+04
1.459365799155757486e+02	6.556654759350794848e+03	1.671938174112854176e+04
1.507225309310758803e+02	6.449624060883499624e+03	1.645490549823701076e+04
1.556654359271059036e+02	6.339083319352886065e+03	1.618175582786095583e+04
1.607704421673822139e+02	6.240285410772776231e+03	1.593640321564254918e+04
1.660428657187529780e+02	6.157895931826759806e+03	1.572999672418659975e+04
1.714881969870540956e+02	6.072804512005766810e+03	1.551682118717702360e+04
1.771121064345090304e+02	5.984922541883141093e+03	1.529665461557953677e+04
1.829204504846290149e+02	5.894158506109845803e+03	1.506926774028902764e+04
1.889192776207664224e+02	5.800417888115472124e+03	1.483442377338144615e+04
1.951148346846616732e+02	5.703603071684055067e+03	1.459187816153634776e+04
2.015135733815558865e+02	5.613102321130807468e+03	1.436395838662580536e+04
2.081221569986341819e+02	5.541387746118144605e+03	1.418032978015365552e+04
2.149474673437976264e+02	5.467321310843270112e+03	1.399067912275962044e+04
2.219966119119952452e+02	5.390825886679353971e+03	1.379480892289807525e+04
2.292769312865648885e+02	5.311821815586955381e+03	1.359251521234115535e+04
2.367960067833078881e+02	5.230226827162576228e+03	1.338358733377763383e+04
2.445616683452449251e+02	5.145955952966888617e+03	1.316780772144622460e+04
2.525820026962779821e+02	5.063640388453034575e+03	1.295610102093283058e+04
2.608653617622545084e+02	5.001805203592293765e+03	1.279221801892758776e+04
2.694203713681882277e+02	4.937942150420886719e+03	1.262296051780550806e+04
2.782559402207126027e+02	4.871984725541197804e+03	1.244815226230886037e+04
2.873812691851068735e+02	4.803864244594516094e+03	1.226761121693597852e+04
2.968058608665596125e+02	4.733509770737005965e+03	1.208114937637975163e+04
3.065395295056523537e+02	4.660848040770029911e+03	1.188857256974934171e+04
3.165924111983520675e+02	4.586680743684521985e+03	1.169173134975164794e+04
3.269749744511767631e+02	4.534155996152983789e+03	1.154471725862712083e+04
3.376980310825094875e+02	4.479908713607038408e+03	1.139288187979585200e+04
3.487727474814170705e+02	4.423882405972674860e+03	1.123606710042002123e+04
3.602106562357066082e+02	4.366018730599024821e+03	1.107410962239361106e+04
3.720236681413065867e+02	4.306257431503652697e+03	1.090684079229305462e+04
3.842240846055060501e+02	4.244536276625318351e+03	1.073408642575095291e+04
3.968246104569486192e+02	4.180790993019020789e+03	1.055566662607027502e+04
4.098383671757252955e+02	4.135069203062420456e+03	1.041765102551103155e+04
4.232789065573544462e+02	4.090119141219790890e+03	1.028033214743399367e+04
4.371602248248502747e+02	4.043694954149292698e+03	1.013850993356300933e+04
4.514967772036101792e+02	3.995748298309261827e+03	9.992036698207974041e+03
4.663034929742735812e+02	3.946229244744547486e+03	9.840759912366167555e+03
4.815957910192341274e+02	3.895086227093303933e+03	9.684522044887136872e+03
4.973895958790057534e+02	3.842265987888655218e+03	9.523160398428524786e+03
5.137013543351338285e+02	3.803088027045826038e+03	9.390944696858003226e+03
5.305480525369574707e+02	3.767443918710788694e+03	9.265186512439531725e+03
5.479472336900292930e+02	3.730630871398413547e+03	9.135304122076442582e+03
5.659170163246230914e+02	3.692610550068313842e+03	9.001162273540418028e+03
5.844761131633625837e+02	3.653343362492716096e+03	8.862621279042527021e+03
6.036438506075865007e+02	3.612788418027365879e+03	8.719536869770292469e+03
6.234401888627863855e+02	3.570903485030286447e+03	8.571760045654193164e+03
6.438857427240425295e+02	3.539121864350519445e+03	8.443803234878470903e+03
6.650018030431132274e+02	3.513190018046210753e+03	8.326462570242802030e+03
6.868103588995293194e+02	3.486407743794191902e+03	8.205273749967233016e+03
7.093341204987989386e+02	3.458747152037894921e+03	8.080110574819133944e+03
7.325965428215230304e+02	3.430179438590230347e+03	7.950842706895929950e+03
7.566218500481062392e+02	3.400674854638511988e+03	7.817335533898449285e+03
7.814350607844559136e+02	3.370202675765717231e+03	7.679450028953259789e+03
8.070620141149491928e+02	3.346942523852179875e+03	7.553729825908785642e+03
8.335293965098187527e+02	3.331506361001336245e+03	7.441336868031539780e+03
8.608647696149245121e+02	3.315563973327942222e+03	7.325258013231132281e+03
8.890965989529167928e+02	3.299098759324650928e+03	7.205372383506085498e+03
9.182542835656300895e+02	3.282093573042133357e+03	7.081555136693271379e+03
9.483681866285909337e+02	3.264530706234251284e+03	6.953677336464304972e+03
9.794696670695386729e+02	3.246391869917674740e+03	6.821605818058426848e+03
1.011591112223829782e+03	3.232871780233675963e+03	6.695536646511775871e+03
1.044765971560805156e+03	3.228445549436391957e+03	6.584236317398978827e+03
1.079028791516185947e+03	3.223874161586699302e+03	6.469285923830434513e+03
1.114415251466786003e+03	3.219152856297979270e+03	6.350565762920847192e+03
1.150962200885031052e+03	3.214276717068007201e+03	6.227952206160841342e+03
1.188707697711903165e+03	3.209240666159189459e+03	6.101317570677261756e+03
1.227691047988360424e+03	3.204039459310885832e+03	5.970529986271342750e+03
1.267952846786436567e+03	3.200607535297079266e+03	5.840949875314940982e+03
1.309535020482665232e+03	3.203994949188877399e+03	5.726761856855043334e+03
1.352480870417874030e+03	3.207493452411155886e+03	5.608829072941381128e+03
1.396835117988739739e+03	3.211106688108726757e+03	5.487028714994815346e+03
1.442643951218158691e+03	3.214838418902359081e+03	5.361233946961760012e+03
1.489955072852856802e+03	3.218692530806962623e+03	5.231313773234252949e+03
1.538817750038343092e+03	3.222673037278262200e+03	5.097132902238506176e+03
1.589282865622976715e+03	3.225909948383832216e+03	4.960492014821719749e+03
1.641402971144466619e+03	3.219776914115911495e+03	4.840405118190930807e+03
1.695232341554121376e+03	3.213442748633324300e+03	4.716380003978157220e+03
1.750827031735726905e+03	3.206900855891805350e+03	4.588287519393556977e+03
1.808244934877948026e+03	3.200144423531586654e+03	4.455994276116189212e+03
1.867545842761074027e+03	3.193166415783385219e+03	4.319362511390835607e+03
1.928791508020777655e+03	3.185959566141753385e+03	4.178249944569699437e+03
1.992045708453871384e+03	3.178516369798143842e+03	4.032509628949268972e+03
2.057374313432916097e+03	3.130845352248829840e+03	3.905828469835957549e+03
2.124845352498878583e+03	3.079472428574358673e+03	3.776267858380916095e+03
2.194529086203311635e+03	3.026414743640083998e+03	3.642458341405934789e+03
2.266498079273692838e+03	2.971617046152149214e+03	3.504260577193554127e+03
2.340827276178294142e+03	2.915022272865322066e+03	3.361530654352030979e+03
2.417594079169133238e+03	2.856571489160538931e+03	3.214119941954105343e+03
2.496878428884322147e+03	2.796203827673713022e+03	3.061874934761128316e+03
2.578762887593798041e+03	2.704899702421682377e+03	2.932456155230729564e+03
2.663332725174980624e+03	2.603889884603976043e+03	2.805240840293818110e+03
2.750676007908067731e+03	2.499567476889755653e+03	2.673853533207565306e+03
2.840883690183307408e+03	2.391823843781408414e+03	2.538157414607865576e+03
2.934049709215781604e+03	2.280546787109312845e+03	2.398011178176264821e+03
3.030271082866393044e+03	2.165620429194912049e+03	2.253268883491422002e+03
3.129648010670750864e+03	2.046925092182286335e+03	2.103779804055054683e+03
3.232283978181380917e+03	1.937352820326751271e+03	1.982434983856833242e+03
3.338285864731764832e+03	1.830452643752948916e+03	1.873018761536046441e+03
3.447764054734457204e+03	1.720046704546334695e+03	1.760014263536679891e+03
3.560832552629274687e+03	1.606020032161164409e+03	1.643303813319773326e+03
3.677609101601030943e+03	1.488253885623512815e+03	1.522765875175863357e+03
3.798215306190736101e+03	1.366625629881031273e+03	1.398274927664460847e+03
3.922776758927723677e+03	1.241008608097703927e+03	1.269701332903084449e+03
4.051423171114639445e+03	1.141411982104881872e+03	1.168570389284165003e+03
4.184288507901576850e+03	1.064342873208405535e+03	1.091216788400054156e+03
4.321511127789762213e+03	9.847463035464367067e+02	1.011326396911983124e+03
4.463233926710398009e+03	9.025393857207354813e+02	9.288160214521606122e+02
4.609604486828438894e+03	8.176365140630570068e+02	8.435997403486012445e+02
4.760775230226357962e+03	7.299492754902275919e+02	7.555888141511322829e+02
4.916903577628021594e+03	6.393863574356763593e+02	6.646915932230659791e+02
5.078152112327669784e+03	5.674148872080845649e+02	5.920002804901641866e+02
5.244688749495119737e+03	5.249905332291477862e+02	5.482781652811660251e+02
5.416686911033157230e+03	4.811748839346374211e+02	5.031221950249594101e+02
5.594325706169366640e+03	4.359223121676643018e+02	4.564853468296660708e+02
5.777790117970495885e+03	3.891856944409444168e+02	4.083190557002574224e+02
5.967271195973309659e+03	3.409163618650784429e+02	3.585731639657297478e+02
6.162966255132942024e+03	2.910640494674799470e+02	3.071958690476987499e+02
6.365079081295578362e+03	2.485925897092610057e+02	2.633050501864850617e+02
6.573820143409572665e+03	2.293225523660521787e+02	2.429936660533608972e+02
6.789406812696099223e+03	2.094205593141022348e+02	2.220161755226854723e+02
7.012063589007177143e+03	1.888658857353607061e+02	2.003507338137241618e+02
7.242022334607316225e+03	1.676371271469227224e+02	1.779747797520117274e+02
7.479522515621828461e+03	1.457121771116048308e+02	1.548650122754147276e+02
7.724811451403416868e+03	1.230682042175421174e+02	1.309973661697132741e+02
7.978144572076612349e+03	1.018543547322419442e+02	1.086255433641021995e+02
8.239785684528511410e+03	9.400714264399591968e+01	1.002673359493381895e+02
8.510007247122248373e+03	8.590258333900463583e+01	9.163502336308395968e+01
8.789090653419963928e+03	7.753223718428498046e+01	8.271961639972295188e+01
9.077326525210242835e+03	6.888738777135245073e+01	7.351183105505019455e+01
9.375015015145270809e+03	5.995903283944426221e+01	6.400207885843285283e+01
9.682466119303113373e+03	5.073787490106569464e+01	5.418045688791051617e+01
1.000000000000000000e+04	4.121431156011566088e+01	4.403673745785558680e+01
