Frequency [GHz]	Zx imag [Ohm/m]	Zy imag [Ohm/m]
1.000000000000000166e-10	1.184330921887115203e+07	2.890503462258224562e+07
1.032794731918951654e-10	1.184330911294235662e+07	2.890503449207327515e+07
1.066664958279539403e-10	1.184330900353965536e+07	2.890503435728430003e+07
1.101645949633656381e-10	1.184330889054912329e+07	2.890503421807495132e+07
1.137774133221491146e-10	1.184330877385309339e+07	2.890503407430027425e+07
1.175087130904807540e-10	1.184330865333005041e+07	2.890503392581054568e+07
1.213623798344240958e-10	1.184330852885448560e+07	2.890503377245113254e+07
1.253424265461399975e-10	1.184330840029678121e+07	2.890503361406233907e+07
1.294529978227915867e-10	1.184330826752305776e+07	2.890503345047923177e+07
1.336983741824946476e-10	1.184330813039505854e+07	2.890503328153145686e+07
1.380829765218092491e-10	1.184330798876998015e+07	2.890503310704309121e+07
1.426113707194128486e-10	1.184330784250034764e+07	2.890503292683241889e+07
1.472882723907502473e-10	1.184330769143384136e+07	2.890503274071178585e+07
1.521185517986104510e-10	1.184330753541314788e+07	2.890503254848738015e+07
1.571072389247450498e-10	1.184330737427580170e+07	2.890503234995902702e+07
1.622595287078087593e-10	1.184330720785399526e+07	2.890503214491998404e+07
1.675807864530767868e-10	1.184330703597443178e+07	2.890503193315674737e+07
1.730765534195724819e-10	1.184330685845812410e+07	2.890503171444879100e+07
1.787525525904235329e-10	1.184330667512021773e+07	2.890503148856836185e+07
1.846146946324547531e-10	1.184330648576978967e+07	2.890503125528024882e+07
1.906690840512252406e-10	1.184330629020966962e+07	2.890503101434151456e+07
1.969220255479172543e-10	1.184330608823620714e+07	2.890503076550125331e+07
2.033800305846981002e-10	1.184330587963907793e+07	2.890503050850034878e+07
2.100498241653915480e-10	1.184330566420106217e+07	2.890503024307116494e+07
2.169383518385184289e-10	1.184330544169781543e+07	2.890502996893730387e+07
2.240527869300018610e-10	1.184330521189763211e+07	2.890502968581329659e+07
2.314005380130653023e-10	1.184330497456121445e+07	2.890502939340431243e+07
2.389892566231049743e-10	1.184330472944141366e+07	2.890502909140585363e+07
2.468268452255692806e-10	1.184330447628297284e+07	2.890502877950343862e+07
2.549214654451423314e-10	1.184330421482227184e+07	2.890502845737226680e+07
2.632815465648021228e-10	1.184330394478703476e+07	2.890502812467688322e+07
2.719157943036017723e-10	1.184330366589606367e+07	2.890502778107085079e+07
2.808331998823172083e-10	1.184330337785893865e+07	2.890502742619635165e+07
2.900430493863991314e-10	1.184330308037571609e+07	2.890502705968383700e+07
2.995549334359813486e-10	1.184330277313660830e+07	2.890502668115163967e+07
3.093787571730138678e-10	1.184330245582167618e+07	2.890502629020558298e+07
3.195247505759212065e-10	1.184330212810048833e+07	2.890502588643855229e+07
3.300034791125284578e-10	1.184330178963176906e+07	2.890502546943008900e+07
3.408258547423451742e-10	1.184330144006306119e+07	2.890502503874595091e+07
3.520031472796679687e-10	1.184330107903033867e+07	2.890502459393763915e+07
3.635469961293320139e-10	1.184330070615764707e+07	2.890502413454195857e+07
3.754694224073336536e-10	1.184330032105669379e+07	2.890502366008052230e+07
3.877828414589456106e-10	1.184329992332646064e+07	2.890502317005924508e+07
4.005000757873611052e-10	1.184329951255276799e+07	2.890502266396785527e+07
4.136343684063274911e-10	1.184329908830786310e+07	2.890502214127933234e+07
4.271993966306778827e-10	1.184329865014996007e+07	2.890502160144937783e+07
4.412092863191189219e-10	1.184329819762278907e+07	2.890502104391584545e+07
4.556786265841064474e-10	1.184329773025510833e+07	2.890502046809815243e+07
4.706224849841281415e-10	1.184329724756022915e+07	2.890501987339667231e+07
4.860564232142136024e-10	1.184329674903550185e+07	2.890501925919211656e+07
5.019965133110081441e-10	1.184329623416179046e+07	2.890501862484488264e+07
5.184593543892912175e-10	1.184329570240293257e+07	2.890501796969440579e+07
5.354620899273606527e-10	1.184329515320518613e+07	2.890501729305844381e+07
5.530224256192902378e-10	1.184329458599664643e+07	2.890501659423238784e+07
5.711586478126431938e-10	1.184329400018665381e+07	2.890501587248851731e+07
5.898896425508497150e-10	1.184329339516518079e+07	2.890501512707525119e+07
6.092349152400710261e-10	1.184329277030219138e+07	2.890501435721635446e+07
6.292146109610343618e-10	1.184329212494698726e+07	2.890501356211014464e+07
6.498495354469890483e-10	1.184329145842752978e+07	2.890501274092863500e+07
6.711611767496282870e-10	1.184329077004974894e+07	2.890501189281670004e+07
6.931717276155404727e-10	1.184329005909680203e+07	2.890501101689116657e+07
7.159041085964887260e-10	1.184328932482834160e+07	2.890501011223988608e+07
7.393819919175865964e-10	1.184328856647974625e+07	2.890500917792081088e+07
7.636298261282244400e-10	1.184328778326131217e+07	2.890500821296098828e+07
7.886728615614152294e-10	1.184328697435743921e+07	2.890500721635556966e+07
8.145371766280743462e-10	1.184328613892577961e+07	2.890500618706674129e+07
8.412497049736117954e-10	1.184328527609636448e+07	2.890500512402266636e+07
8.688382635251186617e-10	1.184328438497068733e+07	2.890500402611634508e+07
8.973315814583522479e-10	1.184328346462078393e+07	2.890500289220447466e+07
9.267593301146878953e-10	1.184328251408825442e+07	2.890500172110627219e+07
9.571521538991863169e-10	1.184328153238326125e+07	2.890500051160221919e+07
9.885417021919573871e-10	1.184328051848351955e+07	2.890499926243280619e+07
1.020960662306046580e-09	1.184327947816871479e+07	2.890499797567351162e+07
1.054442793526168950e-09	1.184327840759629011e+07	2.890499664862149954e+07
1.089022962263730067e-09	1.184327730191473104e+07	2.890499527804917470e+07
1.124737178364752061e-09	1.184327615997263975e+07	2.890499386252929643e+07
1.161622632608501755e-09	1.184327498058086447e+07	2.890499240058782324e+07
1.199717735435884489e-09	1.184327376251125336e+07	2.890499089070237055e+07
1.239062156947916503e-09	1.184327250449537300e+07	2.890498933130063117e+07
1.279696868215940940e-09	1.184327120522320271e+07	2.890498772075872868e+07
1.321664183946605026e-09	1.184326986334174871e+07	2.890498605739953741e+07
1.365007806546013663e-09	1.184326847745365091e+07	2.890498433949092403e+07
1.409772871628966933e-09	1.184326704611572437e+07	2.890498256524395943e+07
1.456005995020649598e-09	1.184326556783745438e+07	2.890498073281104118e+07
1.503755321299737753e-09	1.184326404107944667e+07	2.890497884028397873e+07
1.553070573933460069e-09	1.184326246425181814e+07	2.890497688569200039e+07
1.604003107056820079e-09	1.184326083571254835e+07	2.890497486699969694e+07
1.656605958949914401e-09	1.184325915376577340e+07	2.890497278210492432e+07
1.710933907269014249e-09	1.184325741666000336e+07	2.890497062883658335e+07
1.767043526088946692e-09	1.184325562258631364e+07	2.890496840495238826e+07
1.824993244816152494e-09	1.184325376967645995e+07	2.890496610813650116e+07
1.884843409033795523e-09	1.184325185600092262e+07	2.890496373599715903e+07
1.946656343342262358e-09	1.184324987956691161e+07	2.890496128606414050e+07
2.010496416260498236e-09	1.184324783831627667e+07	2.890495875578622520e+07
2.076430107255774870e-09	1.184324573012337275e+07	2.890495614252852648e+07
2.144526075971667793e-09	1.184324355279284902e+07	2.890495344356973469e+07
2.214855233726359314e-09	1.184324130405735411e+07	2.890495065609932318e+07
2.287490817355702788e-09	1.184323898157518171e+07	2.890494777721456066e+07
2.362508465477946229e-09	1.184323658292782865e+07	2.890494480391754583e+07
2.439986297259550245e-09	1.184323410561747849e+07	2.890494173311205208e+07
2.520004993764092080e-09	1.184323154706439935e+07	2.890493856160031632e+07
2.602647881969005809e-09	1.184322890460425802e+07	2.890493528607970104e+07
2.688001021537606561e-09	1.184322617548534460e+07	2.890493190313926712e+07
2.776153294436799262e-09	1.184322335686570778e+07	2.890492840925620869e+07
2.867196497493770032e-09	1.184322044581019692e+07	2.890492480079218745e+07
2.961225437988034610e-09	1.184321743928739987e+07	2.890492107398955896e+07
3.058338032378433485e-09	1.184321433416649513e+07	2.890491722496743873e+07
3.158635408267817403e-09	1.184321112721398100e+07	2.890491324971767142e+07
3.262222009711669644e-09	1.184320781509032100e+07	2.890490914410065114e+07
3.369205705980266915e-09	1.184320439434645139e+07	2.890490490384102240e+07
3.479697903887691433e-09	1.184320086142020486e+07	2.890490052452321723e+07
3.593813663804627762e-09	1.184319721263258718e+07	2.890489600158685446e+07
3.711671819475765297e-09	1.184319344418396056e+07	2.890489133032201231e+07
3.833395101766601886e-09	1.184318955215006880e+07	2.890488650586428493e+07
3.959110266468459240e-09	1.184318553247797303e+07	2.890488152318976447e+07
4.088948226294862618e-09	1.184318138098180294e+07	2.890487637710976601e+07
4.223044187206674123e-09	1.184317709333843365e+07	2.890487106226545572e+07
4.361537789208003199e-09	1.184317266508294642e+07	2.890486557312224805e+07
4.504573251759458750e-09	1.184316809160400927e+07	2.890485990396406129e+07
4.652299523960189308e-09	1.184316336813905463e+07	2.890485404888735712e+07
4.804870439655131104e-09	1.184315848976933584e+07	2.890484800179497898e+07
4.962444877628916452e-09	1.184315345141478814e+07	2.890484175638982281e+07
5.125186927053329472e-09	1.184314824782875367e+07	2.890483530616828427e+07
5.293266058360561204e-09	1.184314287359251082e+07	2.890482864441346005e+07
5.466857299720180771e-09	1.184313732310963050e+07	2.890482176418816671e+07
5.646141419303669251e-09	1.184313159060015343e+07	2.890481465832773224e+07
5.831305113526221869e-09	1.184312567009456269e+07	2.890480731943251193e+07
6.022541201461928965e-09	1.184311955542758107e+07	2.890479973986018822e+07
6.220048825634711276e-09	1.184311324023173377e+07	2.890479191171782091e+07
6.424033659394191079e-09	1.184310671793073043e+07	2.890478382685362548e+07
6.634708121092347870e-09	1.184309998173261620e+07	2.890477547684847564e+07
6.852291595284060743e-09	1.184309302462268807e+07	2.890476685300714150e+07
7.077010661181889919e-09	1.184308583935620636e+07	2.890475794634924829e+07
7.309099328602911004e-09	1.184307841845083795e+07	2.890474874759989604e+07
7.548799281653435948e-09	1.184307075417886488e+07	2.890473924718002230e+07
7.796360130405233414e-09	1.184306283855914883e+07	2.890472943519642949e+07
8.052039670825474778e-09	1.184305466334880516e+07	2.890471930143145844e+07
8.316104153230961616e-09	1.184304622003462911e+07	2.890470883533238992e+07
8.588828559546249041e-09	1.184303749982422963e+07	2.890469802600040287e+07
8.870496889654407999e-09	1.184302849363686889e+07	2.890468686217927188e+07
9.161402457138517586e-09	1.184301919209400564e+07	2.890467533224362507e+07
9.461848194721997291e-09	1.184300958550953865e+07	2.890466342418682203e+07
9.772146969725725887e-09	1.184299966387971118e+07	2.890465112560848892e+07
1.009262190987047331e-08	1.184298944118934497e+07	2.890463842500647902e+07
1.042360673976401127e-08	1.184297894503015466e+07	2.890462531120698527e+07
1.076544612842315905e-08	1.184296810465223342e+07	2.890461176734394953e+07
1.111849604819270880e-08	1.184295690876702778e+07	2.890459777931355685e+07
1.148312414543511117e-08	1.184294534571576864e+07	2.890458333254946396e+07
1.185971012337669343e-08	1.184293340345734172e+07	2.890456841200761124e+07
1.224864613750930795e-08	1.184292106955575198e+07	2.890455300215058774e+07
1.265033720395903769e-08	1.184290833540649712e+07	2.890453708771010488e+07
1.306520162124721228e-08	1.184289520805857703e+07	2.890452065584416687e+07
1.349367140588306343e-08	1.184288165020279773e+07	2.890450368509959430e+07
1.393619274224142065e-08	1.184286764772077650e+07	2.890448615780400112e+07
1.439322644719406651e-08	1.184285318603110872e+07	2.890446805570544675e+07
1.486524844997857277e-08	1.184283825007420778e+07	2.890444935995342582e+07
1.535275028780422776e-08	1.184282282429660298e+07	2.890443005107922480e+07
1.585623961771137302e-08	1.184280689327860437e+07	2.890441010882580280e+07
1.637624074521687477e-08	1.184279048495708406e+07	2.890438950206164643e+07
1.691329517029648562e-08	1.184277353852905892e+07	2.890436821950418130e+07
1.746796215127245689e-08	1.184275603634746931e+07	2.890434623899094760e+07
1.804081928719382751e-08	1.184273796018652618e+07	2.890432353763267770e+07
1.863246311931559514e-08	1.184271929122272879e+07	2.890430009178944677e+07
1.924350975230330612e-08	1.184270001001527160e+07	2.890427587704607472e+07
1.987459549580983990e-08	1.184268009648578428e+07	2.890425086818668619e+07
2.052637752709252173e-08	1.184265959810632095e+07	2.890422504646836594e+07
2.119953457536071000e-08	1.184263843706825748e+07	2.890419837895902619e+07
2.189476762856620985e-08	1.184261658205962367e+07	2.890417083689586446e+07
2.261280066337277307e-08	1.184259401032184064e+07	2.890414239159812033e+07
2.335438139906479724e-08	1.184257069834996946e+07	2.890411301344446838e+07
2.412028207618007283e-08	1.184254662186822668e+07	2.890408267184214294e+07
2.491130026067788373e-08	1.184252175580472313e+07	2.890405133519510180e+07
2.572825967447932303e-08	1.184249614460409991e+07	2.890401898222489655e+07
2.657201105324503850e-08	1.184246971823455393e+07	2.890398557224169001e+07
2.744343303228365032e-08	1.184244242521930486e+07	2.890395106658704951e+07
2.834343306151309448e-08	1.184241423713693582e+07	2.890391542932871357e+07
2.927294835042816131e-08	1.184238512463396229e+07	2.890387862335604429e+07
3.023294684405776334e-08	1.184235505739425682e+07	2.890384061034136266e+07
3.122442823092858392e-08	1.184232400410748646e+07	2.890380135070006177e+07
3.224842498408442807e-08	1.184229201663029008e+07	2.890376080325454473e+07
3.330600343624588813e-08	1.184225903549626842e+07	2.890371892587256432e+07
3.439826489022924478e-08	1.184222497275479883e+07	2.890367567513306439e+07
3.552634676578139226e-08	1.184218979293485358e+07	2.890363100599716231e+07
3.669142378402493899e-08	1.184215345940214582e+07	2.890358487194892392e+07
3.789470919074667737e-08	1.184211593432096951e+07	2.890353722494693473e+07
3.913745601980383687e-08	1.184207717861481942e+07	2.890348801537429541e+07
4.042095839796305955e-08	1.184203724340902455e+07	2.890343719922830164e+07
4.174655289253134782e-08	1.184199610277972557e+07	2.890338472483164817e+07
4.311561990318228626e-08	1.184195361295451783e+07	2.890333052955122292e+07
4.452958509942655287e-08	1.184190972968688048e+07	2.890327455695110187e+07
4.598992090522439315e-08	1.184186440727924928e+07	2.890321674874456599e+07
4.749814803228499868e-08	1.184181759853540733e+07	2.890315704473339394e+07
4.905583706365045989e-08	1.184176925471135788e+07	2.890309538274518400e+07
5.066461008921269181e-08	1.184171941177243739e+07	2.890303170559257641e+07
5.232614239486661694e-08	1.184166810780734383e+07	2.890296595428960398e+07
5.404216420705915059e-08	1.184161512134246714e+07	2.890289804669027776e+07
5.581446249454960394e-08	1.184156039720067941e+07	2.890282791207943112e+07
5.764488282925879445e-08	1.184150387839533575e+07	2.890275547742282972e+07
5.953533130814369715e-08	1.184144550607091933e+07	2.890268066729108244e+07
6.148777653810024108e-08	1.184138521944177151e+07	2.890260340378111601e+07
6.350425168595962148e-08	1.184132303030544706e+07	2.890252361123060435e+07
6.558685659571428548e-08	1.184125910485954024e+07	2.890244122139948606e+07
6.773775997517751128e-08	1.184119308299577422e+07	2.890235612961594388e+07
6.995920165435375620e-08	1.184112489596268535e+07	2.890226824727016687e+07
7.225349491787214948e-08	1.184105447275412455e+07	2.890217748284642398e+07
7.462302891391107044e-08	1.184098174003531970e+07	2.890208374182774127e+07
7.707027114212294845e-08	1.184090662206649780e+07	2.890198692659747228e+07
7.959777002314985573e-08	1.184082907371716760e+07	2.890188694002780691e+07
8.220815755240541849e-08	1.184074947173284367e+07	2.890178372901289165e+07
8.490415204088747078e-08	1.184066725922278501e+07	2.890167713322040811e+07
8.768856094587425811e-08	1.184058235057549924e+07	2.890156704164749011e+07
9.056428379445295063e-08	1.184049465737188794e+07	2.890145333965094760e+07
9.353431520292386860e-08	1.184040408829317242e+07	2.890133590882791579e+07
9.660174799522647250e-08	1.184031054902580008e+07	2.890121462689251825e+07
9.976977642363202159e-08	1.184021394216323085e+07	2.890108936754856631e+07
1.030416994950587396e-07	1.184011483907261677e+07	2.890096007161100581e+07
1.064209244064724761e-07	1.184001253845135123e+07	2.890082654101777822e+07
1.099109700929497372e-07	1.183990688290864043e+07	2.890068863132454455e+07
1.135154708920999096e-07	1.183979776242072880e+07	2.890054619891989231e+07
1.172381803286598596e-07	1.183968506335567124e+07	2.890039909548271075e+07
1.210829750232039531e-07	1.183956866835498624e+07	2.890024716782774404e+07
1.250538587290391570e-07	1.183944845621145703e+07	2.890009025774606317e+07
1.291549665014884007e-07	1.183932508763256110e+07	2.889992830073491856e+07
1.333905690039058854e-07	1.183919788187094778e+07	2.889976105864391476e+07
1.377650769549053468e-07	1.183906650443048403e+07	2.889958833189336956e+07
1.422830457214352017e-07	1.183893081850207783e+07	2.889940994061534479e+07
1.469491800624817218e-07	1.183879068279002607e+07	2.889922569904318079e+07
1.517683390283405561e-07	1.183864595136486366e+07	2.889903541531804949e+07
1.567455410205594968e-07	1.183849647351141460e+07	2.889883889128916711e+07
1.618859690178197646e-07	1.183834300332878344e+07	2.889863603496754169e+07
1.671949759731990056e-07	1.183818498250209726e+07	2.889842658576164395e+07
1.726780903884356132e-07	1.183802177942475863e+07	2.889821026772518456e+07
1.783410220710008120e-07	1.183785322414625064e+07	2.889798685559670627e+07
1.841896680799711039e-07	1.183767914114257134e+07	2.889775611672737449e+07
1.902301188668944219e-07	1.183749934913345613e+07	2.889751781083867699e+07
1.964686646180446931e-07	1.183731366089360043e+07	2.889727168977224454e+07
2.029118018046678038e-07	1.183712287111551687e+07	2.889701764084884524e+07
2.095662399480432992e-07	1.183692674603335373e+07	2.889675539441603422e+07
2.164389086064020114e-07	1.183672418908169679e+07	2.889648454768176004e+07
2.235369645909794139e-07	1.183651498932911269e+07	2.889620481860144809e+07
2.308677994187169850e-07	1.183629892892672680e+07	2.889591591588093340e+07
2.384390470093720426e-07	1.183607578288136423e+07	2.889561753867315501e+07
2.462585916350547006e-07	1.183584531882126629e+07	2.889530937626483291e+07
2.543345761304648365e-07	1.183560830648694001e+07	2.889499125972784311e+07
2.626754103723835758e-07	1.183536515566154197e+07	2.889466295661753416e+07
2.712897800372467241e-07	1.183511403077000938e+07	2.889432388689473644e+07
2.801866556459195443e-07	1.183485467030498013e+07	2.889397369747127593e+07
2.893753019050950594e-07	1.183458680418303236e+07	2.889361202367955446e+07
2.988652873550382326e-07	1.183431015346342325e+07	2.889323848889278620e+07
3.086664943337274455e-07	1.183402443005762994e+07	2.889285270413282886e+07
3.187891292677645596e-07	1.183373023524602503e+07	2.889245441689511016e+07
3.292437333007768907e-07	1.183342913276191242e+07	2.889204352291585505e+07
3.400411932703706463e-07	1.183311815570255555e+07	2.889161915377870575e+07
3.511927530450727317e-07	1.183279698023390211e+07	2.889118086756946892e+07
3.627100252330649086e-07	1.183246527190185711e+07	2.889072820788149163e+07
3.746050032748993774e-07	1.183212268528398685e+07	2.889026070334040374e+07
3.868900739327976195e-07	1.183176886362982355e+07	2.888977786711321399e+07
3.995780301895269929e-07	1.183140400256738439e+07	2.888927930113051087e+07
4.126820845702951630e-07	1.183103161884360760e+07	2.888876520969017223e+07
4.262158829015325345e-07	1.183064702289543673e+07	2.888823425875886530e+07
4.401935185208874400e-07	1.183024981422625110e+07	2.888768589543410018e+07
4.546295469532399562e-07	1.182983957920524292e+07	2.888711954868111014e+07
4.695390010680058238e-07	1.182941589063669741e+07	2.888653462873817980e+07
4.849374067335232931e-07	1.182897830731512979e+07	2.888593052650252730e+07
5.008407989848212921e-07	1.182852637356583774e+07	2.888530661289600655e+07
5.172657387216018967e-07	1.182806631709634699e+07	2.888466356696477905e+07
5.342293299538352136e-07	1.182759132225666195e+07	2.888399946208351478e+07
5.517492376129122323e-07	1.182710075008854270e+07	2.888331357806070149e+07
5.698437059469141914e-07	1.182659408973768540e+07	2.888260520065522939e+07
5.885315775191450570e-07	1.182607081359644793e+07	2.888187359220265225e+07
6.078323128297229089e-07	1.182553037675443850e+07	2.888111799084700271e+07
6.277660105806500796e-07	1.182497221643107571e+07	2.888033760974745452e+07
6.483534286054720147e-07	1.182440363598961197e+07	2.887953349304531887e+07
6.696160054853222944e-07	1.182381790298031457e+07	2.887870335735214502e+07
6.915758828738524922e-07	1.182321296101400256e+07	2.887784599758145586e+07
7.142559285543126448e-07	1.182258818013807945e+07	2.887696052092693001e+07
7.376797602527731619e-07	1.182194290974082239e+07	2.887604600530289859e+07
7.618717702322991504e-07	1.182127647787387110e+07	2.887510149838414043e+07
7.868571506936852863e-07	1.182058819055250101e+07	2.887412601661418378e+07
8.126619200091945450e-07	1.181988633422244899e+07	2.887312083670386672e+07
8.393129498166364485e-07	1.181916524987383932e+07	2.887208365704172850e+07
8.668379930019773693e-07	1.181842051775732636e+07	2.887101246335062385e+07
8.952657125996391396e-07	1.181765136235070229e+07	2.886990614014958218e+07
9.246257116405743783e-07	1.181685698269871250e+07	2.886876353537575155e+07
9.549485639791965964e-07	1.181603655157899298e+07	2.886758345918466896e+07
9.862658461312820294e-07	1.181518921464064717e+07	2.886636468271125853e+07
1.018610170155975315e-06	1.181432396784335189e+07	2.886510870718145743e+07
1.052015217616159169e-06	1.181343787471315078e+07	2.886381365384676680e+07
1.086515774652537176e-06	1.181252272239628993e+07	2.886247612958514318e+07
1.122147768207980340e-06	1.181157755790453218e+07	2.886109474157392234e+07
1.158948303439811928e-06	1.181060139699664712e+07	2.885966805131319538e+07
1.196955702359042833e-06	1.180959322315347940e+07	2.885819457312783971e+07
1.236209543736769070e-06	1.180855198651939817e+07	2.885667277262040600e+07
1.276750704319264407e-06	1.180748679531419836e+07	2.885510422970966250e+07
1.318621401394748678e-06	1.180640008635232598e+07	2.885348841200251132e+07
1.361865236756082925e-06	1.180527773906137608e+07	2.885181960398682207e+07
1.406527242105236574e-06	1.180411858469189890e+07	2.885009606785963476e+07
1.452653925946781372e-06	1.180292141616562381e+07	2.884831600882720575e+07
1.500293322019216825e-06	1.180168498681846634e+07	2.884647757323600352e+07
1.549495039314631713e-06	1.180040800910233147e+07	2.884457884664244205e+07
1.600310313738701654e-06	1.179909862238126062e+07	2.884262114080038294e+07
1.652792061464893799e-06	1.179776874908256158e+07	2.884060703176593035e+07
1.706994934038407828e-06	1.179639526294554770e+07	2.883852687056563795e+07
1.762975375287203917e-06	1.179497673369887471e+07	2.883637849103643000e+07
1.820791680099462520e-06	1.179351168416583911e+07	2.883415965597650409e+07
1.880504055128583443e-06	1.179199858872611821e+07	2.883186805481561646e+07
1.942174681489024486e-06	1.179043587172708660e+07	2.882950130120899156e+07
2.005867779508234000e-06	1.178882887830582820e+07	2.882705959381063655e+07
2.071649675602067297e-06	1.178720523051131330e+07	2.882455157990280911e+07
2.139588871343421664e-06	1.178552833562264964e+07	2.882196131635122374e+07
2.209756114795903333e-06	1.178379644741565362e+07	2.881928610580086336e+07
2.282224474186896537e-06	1.178200776239919662e+07	2.881652316243768111e+07
2.357069413996727979e-06	1.178016041793713719e+07	2.881366960908759385e+07
2.434368873543112862e-06	1.177825249030868150e+07	2.881072247422037274e+07
2.514203348142796913e-06	1.177628361782561988e+07	2.880767937899681926e+07
2.596655972934872394e-06	1.177430633176607266e+07	2.880456033371114358e+07
2.681812609453013329e-06	1.177226420114027523e+07	2.880133900017148256e+07
2.769761935036891063e-06	1.177015509938806109e+07	2.879801202386196330e+07
2.860595535175745131e-06	1.176797683020929433e+07	2.879457594025627524e+07
2.954407998880380251e-06	1.176572712527676113e+07	2.879102717120988667e+07
3.051297017182871440e-06	1.176340364187406749e+07	2.878736202123398334e+07
3.151363484866476280e-06	1.176100396045606770e+07	2.878357667364717275e+07
3.254711605531848180e-06	1.175859447849748284e+07	2.877969967574817687e+07
3.361449000108768764e-06	1.175611437997430377e+07	2.877569949471762031e+07
3.471686818926559579e-06	1.175355294728492573e+07	2.877156812882254273e+07
3.585539857459816780e-06	1.175090751309717074e+07	2.876730127589047700e+07
3.703126675869923221e-06	1.174817532260441966e+07	2.876289449266036600e+07
3.824569722466998750e-06	1.174535353065690771e+07	2.875834319015559927e+07
3.949995461220647668e-06	1.174243919879894517e+07	2.875364262890530750e+07
4.079534503452449404e-06	1.173950697308276407e+07	2.874882854021399468e+07
4.213321743847289341e-06	1.173650390702599287e+07	2.874386981747969240e+07
4.351496500925044872e-06	1.173340235622295178e+07	2.873874847476265579e+07
4.494202662119142613e-06	1.173019909089279361e+07	2.873345917898415029e+07
4.641588833612781958e-06	1.172689077533486858e+07	2.872799642216854542e+07
4.793808495089106764e-06	1.172347396445511840e+07	2.872235451570763439e+07
4.951020159556351225e-06	1.171994510017854720e+07	2.871652758443682641e+07
5.113387538414320594e-06	1.171638490894785710e+07	2.871055856202101335e+07
5.281079711934330620e-06	1.171276021477930620e+07	2.870442412382664531e+07
5.454271305329836335e-06	1.170901664973720908e+07	2.869808850837621838e+07
5.633142670601352205e-06	1.170515031548313610e+07	2.869154511811555550e+07
5.817880074344935696e-06	1.170115718583369069e+07	2.868478713912545145e+07
6.008675891719681185e-06	1.169703310256787390e+07	2.867780753402605653e+07
6.205728806776500758e-06	1.169277377109694295e+07	2.867059903464852273e+07
6.409244019356456972e-06	1.168846170236844197e+07	2.866321012566819042e+07
6.619433458774388568e-06	1.168410177885626256e+07	2.865563914854219183e+07
6.836516004510238809e-06	1.167959887282131612e+07	2.864781988325098157e+07
7.060717714137765353e-06	1.167494829519009590e+07	2.863974418725074455e+07
7.292272058728313350e-06	1.167014520311219059e+07	2.863140365096512064e+07
7.531420165974376510e-06	1.166518459491720982e+07	2.862278958902794868e+07
7.778411071286482598e-06	1.166006130490631983e+07	2.861389303123881295e+07
8.033501977124735881e-06	1.165485217793690227e+07	2.860476338203442469e+07
8.296958520834915102e-06	1.164962732338094153e+07	2.859544505842929333e+07
8.569055051268345481e-06	1.164423112112050317e+07	2.858582114289959893e+07
8.850074914473438512e-06	1.163865795185355283e+07	2.857588161364009604e+07
9.140310748756224233e-06	1.163290201199455373e+07	2.856561612018312514e+07
9.440064789417603028e-06	1.162695730763093755e+07	2.855501397262022272e+07
9.749649183484097127e-06	1.162081764828138053e+07	2.854406413047022372e+07
1.006938631476026946e-05	1.161454230452030338e+07	2.853280712072841078e+07
1.039960913954120295e-05	1.160830585298640095e+07	2.852137445051135868e+07
1.074066153333432437e-05	1.160186487869632058e+07	2.850956684893941507e+07
1.109289864895222712e-05	1.159521267438109964e+07	2.849737202023932338e+07
1.145668728634872662e-05	1.158834231280869059e+07	2.848477726540120691e+07
1.183240627458378028e-05	1.158124663957032748e+07	2.847176946895459294e+07
1.222044686631488820e-05	1.157391826563032903e+07	2.845833508531065285e+07
1.262121314522546164e-05	1.156638081451444700e+07	2.844448747426911816e+07
1.303512244681508904e-05	1.155896868435671367e+07	2.843051169942683727e+07
1.346260579298911035e-05	1.155131347537750937e+07	2.841607759279524162e+07
1.390410834090069648e-05	1.154340721587205119e+07	2.840117012350617722e+07
1.436008984651260800e-05	1.153524167270562612e+07	2.838577376775818691e+07
1.483102514336102853e-05	1.152680834274009056e+07	2.836987249265091494e+07
1.531740463702079875e-05	1.151809844397914596e+07	2.835344973948932439e+07
1.581973481578601704e-05	1.150910290642329678e+07	2.833648840654043108e+07
1.633853877809860416e-05	1.150030442771634087e+07	2.831944647501806915e+07
1.687435677727375848e-05	1.149124771125355363e+07	2.830187495253679156e+07
1.742774678408917511e-05	1.148189398220230080e+07	2.828372717668633163e+07
1.799928506782476860e-05	1.147223350011437014e+07	2.826498424939193204e+07
1.858956679635688644e-05	1.146225620510615781e+07	2.824562665282152966e+07
1.919920665593282809e-05	1.145195170738287643e+07	2.822563422906101122e+07
1.982883949127071257e-05	1.144130927641919814e+07	2.820498615912285820e+07
2.047912096665083489e-05	1.143085840111392550e+07	2.818423699822747707e+07
2.115072824868794552e-05	1.142019605250095762e+07	2.816294725105275214e+07
2.184436071149428344e-05	1.140918403502359800e+07	2.814095931232680380e+07
2.256074066496859061e-05	1.139781088138518296e+07	2.811825028504489735e+07
2.330061410696924993e-05	1.138606474822212569e+07	2.809479652130113542e+07
2.406475150015422205e-05	1.137393340377089940e+07	2.807057359766290709e+07
2.485394857429798490e-05	1.136140421513057873e+07	2.804555628973766789e+07
2.566902715491951889e-05	1.134903760375817120e+07	2.802039062192263827e+07
2.651083601908536550e-05	1.133655062654014863e+07	2.799473388543871790e+07
2.738025177927857720e-05	1.132365414225178398e+07	2.796823574315989017e+07
2.827817979625344298e-05	1.131033472121848539e+07	2.794086860140867904e+07
2.920555512182745176e-05	1.129657849334308505e+07	2.791260396158035100e+07
3.016334347259197422e-05	1.128237113366229273e+07	2.788341239046606794e+07
3.115254223555484670e-05	1.126769784742949530e+07	2.785326348960279301e+07
3.217418150676372115e-05	1.125312309782590903e+07	2.782287074826864526e+07
3.322932516398975161e-05	1.123858098796291463e+07	2.779213734998989850e+07
3.431907197459042598e-05	1.122356197350542806e+07	2.776039605815364048e+07
3.544455673970434785e-05	1.120805041449511983e+07	2.772761381916085258e+07
3.660695147596898513e-05	1.119203015806542337e+07	2.769375649542859569e+07
3.780746663599348950e-05	1.117548452162084356e+07	2.765878882984104380e+07
3.904735236885563870e-05	1.115839627546463534e+07	2.762267440903471783e+07
4.032789982193704951e-05	1.114129232343461365e+07	2.758614016702502221e+07
4.165044248545185317e-05	1.112445779643155634e+07	2.754957326994736120e+07
4.301635758106790800e-05	1.110707118562845141e+07	2.751180717128293961e+07
4.442706749606882658e-05	1.108911438558508083e+07	2.747280254353718087e+07
4.588404126454761567e-05	1.107056869709816389e+07	2.743251876948091388e+07
4.738879609717651733e-05	1.105141480772906542e+07	2.739091389985378087e+07
4.894289896114532395e-05	1.103163277169290371e+07	2.734794460968070477e+07
5.054796821191235987e-05	1.101165158165392093e+07	2.730425263410453498e+07
5.220567527846975100e-05	1.099228706537742354e+07	2.726106992921042070e+07
5.391774640387505993e-05	1.097228749498089775e+07	2.721647105908576399e+07
5.568596444286408510e-05	1.095163204403472692e+07	2.717040958097148314e+07
5.751217071841613668e-05	1.093029920311211050e+07	2.712283752903065830e+07
5.939826693920350535e-05	1.090826675739036687e+07	2.707370536439959332e+07
6.134621717992506365e-05	1.088551176351766102e+07	2.702296192360085994e+07
6.335804992658254750e-05	1.086228169053419866e+07	2.697100262420774996e+07
6.543586018883229940e-05	1.084015764170803688e+07	2.692042704847383872e+07
6.758181168161109969e-05	1.081730804063165747e+07	2.686819286029208452e+07
6.979813907830652742e-05	1.079370909301352501e+07	2.681424566591190919e+07
7.208715033782136410e-05	1.076933622423468530e+07	2.675852928775424883e+07
7.445122910795143767e-05	1.074416405375814810e+07	2.670098570591142029e+07
7.689283720758306707e-05	1.071816636869901419e+07	2.664155499772839621e+07
7.941451719029339520e-05	1.069131609652785212e+07	2.658017527540275827e+07
8.201889499202211654e-05	1.066620265067370050e+07	2.652144172323152050e+07
8.470868266557401581e-05	1.064028475160525180e+07	2.646081608245927468e+07
8.748668120479914808e-05	1.061351688198494725e+07	2.639820224005048349e+07
9.035578346138921401e-05	1.058587116725640558e+07	2.633353499346549064e+07
9.331897715733240167e-05	1.055731881872463226e+07	2.626674700186479464e+07
9.637934799615796556e-05	1.052783010357710347e+07	2.619776871598415077e+07
9.954008287621519404e-05	1.049737431392167695e+07	2.612652830570982769e+07
1.028044732093309733e-04	1.046867532856073044e+07	2.605820235987376049e+07
1.061759183482999177e-04	1.043950188882657327e+07	2.598852501855261251e+07
1.096579291267809898e-04	1.040937171395717748e+07	2.591656262750201300e+07
1.132541315152812739e-04	1.037825342808026820e+07	2.584224024912865460e+07
1.169682703970384685e-04	1.034611462636025250e+07	2.576548048828097060e+07
1.208042134677328878e-04	1.031292184125362895e+07	2.568620341165412217e+07
1.247659552630868559e-04	1.027864050765779242e+07	2.560432646455198526e+07
1.288576213185518274e-04	1.024603822509160824e+07	2.552544582627109811e+07
1.330834724654076035e-04	1.021346680603829585e+07	2.544620778190798685e+07
1.374479092677536609e-04	1.017982721602891199e+07	2.536437114712221175e+07
1.419554766050101292e-04	1.014508442468330450e+07	2.527985070183748379e+07
1.466108684046983103e-04	1.010920225280940346e+07	2.519255843120797351e+07
1.514189325304352018e-04	1.007214333472822607e+07	2.510240343396457285e+07
1.563846758302247630e-04	1.003386907936336845e+07	2.500929182775541767e+07
1.615132693503089671e-04	9.997064722150223330e+06	2.491896107420314103e+07
1.668100537200059119e-04	9.961012216144289821e+06	2.482986182521109655e+07
1.722805447131392292e-04	9.923777377868888900e+06	2.473784059023418650e+07
1.779304389918577296e-04	9.885321433054197580e+06	2.464280154352534935e+07
1.837656200388172322e-04	9.845604335838619620e+06	2.454464571675786376e+07
1.897921642839099502e-04	9.804584727067260072e+06	2.444327089596525952e+07
1.960163474319185771e-04	9.762219891222819686e+06	2.433857151510142908e+07
2.024446509976801894e-04	9.720947724020138383e+06	2.423601257433167472e+07
2.090837690555749911e-04	9.681404971179889515e+06	2.413701377882558852e+07
2.159406152103567479e-04	9.640565424360906705e+06	2.403476834436057881e+07
2.230223297965936195e-04	9.598386555552307516e+06	2.392916979828236252e+07
2.303362873142131230e-04	9.554824442048482597e+06	2.382010817619447038e+07
2.378901041078890991e-04	9.509833720710478723e+06	2.370746990744756535e+07
2.456916462982790305e-04	9.463367540727352723e+06	2.359113769687328488e+07
2.537490379733572054e-04	9.417410977912416682e+06	2.347574610450155661e+07
2.620706696483850184e-04	9.374456163392893970e+06	2.336711528941394016e+07
2.706652070033241614e-04	9.330092657246571034e+06	2.325492195586738363e+07
2.795415999067858812e-04	9.284274261809194461e+06	2.313904927202407271e+07
2.887090917359234942e-04	9.236953264376496896e+06	2.301937657457739487e+07
2.981772290019673471e-04	9.188080387518852949e+06	2.289577924309993163e+07
3.079558712914223133e-04	9.137604737766558304e+06	2.276812857027077675e+07
3.180552015332919840e-04	9.086814042536044493e+06	2.263953254528522119e+07
3.284857366030047169e-04	9.040623468107450753e+06	2.252187037428206578e+07
3.392583382740992125e-04	8.992918086173292249e+06	2.240034950392386317e+07
3.503842245290676185e-04	8.943648219027508050e+06	2.227484338919970021e+07
3.618749812411276696e-04	8.892762559796998277e+06	2.214522133508897945e+07
3.737425742391064479e-04	8.840208119013503194e+06	2.201134836046290398e+07
3.859993617679771628e-04	8.785930169433362782e+06	2.187308505752277002e+07
3.986581073580439268e-04	8.730240968067014590e+06	2.173120300070212036e+07
4.117319931161679482e-04	8.681095818475317210e+06	2.160544875443773344e+07
4.252346334528677710e-04	8.630338966877643019e+06	2.147557043137945235e+07
4.391800892596086085e-04	8.577917557938773185e+06	2.134143278353437781e+07
4.535828825510190908e-04	8.523777002946939319e+06	2.120289612748798728e+07
4.684580115873045679e-04	8.467860922968206927e+06	2.105981619894561917e+07
4.838209664925957392e-04	8.410111090136611834e+06	2.091204400250370428e+07
4.996877453854878855e-04	8.350467367018943653e+06	2.075942565649442002e+07
5.160748710385908026e-04	8.297849978548897430e+06	2.062454666164339706e+07
5.329994080844092930e-04	8.244441390706112608e+06	2.048761030115509778e+07
5.504789807854968417e-04	8.189281282542856410e+06	2.034618314943464100e+07
5.685317913873753860e-04	8.132312213419765234e+06	2.020011793218743801e+07
5.871766390733249843e-04	8.073474858947111294e+06	2.004926254529794306e+07
6.064329395408061141e-04	8.012707949207703583e+06	1.989345989643686637e+07
6.263207452198691922e-04	7.949948204953847453e+06	1.973254774147412926e+07
6.468607661546321112e-04	7.893666364730503410e+06	1.958826931340731680e+07
6.680743915695614441e-04	7.838109066382727586e+06	1.944585683935766295e+07
6.899837121430011690e-04	7.780729781329499558e+06	1.929877398639963567e+07
7.126115430111745839e-04	7.721468758005245589e+06	1.914686759070896730e+07
7.359814475265771296e-04	7.660264285307830200e+06	1.898997946549485251e+07
7.601177617955324041e-04	7.597052628336066380e+06	1.882794623627308011e+07
7.850456200204509452e-04	7.531767962019756436e+06	1.866059917073700950e+07
8.107909806731678154e-04	7.472095905958388932e+06	1.850782952721800655e+07
8.373806535266489033e-04	7.414982210979724303e+06	1.836173494845103100e+07
8.648423275731726865e-04	7.355995487685332075e+06	1.821084923713858053e+07
8.932045998580959026e-04	7.295074310613727197e+06	1.805501526937325299e+07
9.224970052592174194e-04	7.232155239871867001e+06	1.789407076841118187e+07
9.527500472427299482e-04	7.167172755072439089e+06	1.772784813568622991e+07
9.839952296278227113e-04	7.100059187104590237e+06	1.755617427628220990e+07
1.016265089392995313e-03	7.037370835192723200e+06	1.739607826592647657e+07
1.049593230558226731e-03	6.979360598643523641e+06	1.724821968424848467e+07
1.084014359178331072e-03	6.919447931938134134e+06	1.709551212002243474e+07
1.119564319483879432e-03	6.857570445389593020e+06	1.693779655216559768e+07
1.156280131207375458e-03	6.793663703257877380e+06	1.677490874454145692e+07
1.194200028133532475e-03	6.727661156650134362e+06	1.660667907493340969e+07
1.233363497913774571e-03	6.659494074220426381e+06	1.643293235840976238e+07
1.273811323186478358e-03	6.594259718635853380e+06	1.626690467763527855e+07
1.315585624045705277e-03	6.536051922016346827e+06	1.611922727272009477e+07
1.358729901902709343e-03	6.475935216311114840e+06	1.596670682690024190e+07
1.403289084785873256e-03	6.413846999358424917e+06	1.580918451394755766e+07
1.449309574126215073e-03	6.349722615975450724e+06	1.564649629897034727e+07
1.496839293077255632e-03	6.283495290629958734e+06	1.547847276759657450e+07
1.545927736419478674e-03	6.215096057904051617e+06	1.530493894955532439e+07
1.596626022101425152e-03	6.147872845306696370e+06	1.513456103963329457e+07
1.648986944471064796e-03	6.090172678740344942e+06	1.498894028427492641e+07
1.703065029252842687e-03	6.030580250679774210e+06	1.483854393528275378e+07
1.758916590327732569e-03	5.969033504916553386e+06	1.468321537834378332e+07
1.816599788375328683e-03	5.905468350125543773e+06	1.452279286302064359e+07
1.876174691439119486e-03	5.839818593123781495e+06	1.435710933431372605e+07
1.937703337477988952e-03	5.772015869940596633e+06	1.418599225869947113e+07
2.001249798969035112e-03	5.703431682767200284e+06	1.401297460712075233e+07
2.066880249629082268e-03	5.646916222722806036e+06	1.387112905452152714e+07
2.134663033324245458e-03	5.588547353316981345e+06	1.372463171505091526e+07
2.204668735239407457e-03	5.528264292486581951e+06	1.357333003460553661e+07
2.276970255381679901e-03	5.466004264836993068e+06	1.341706645611105114e+07
2.351642884494346396e-03	5.401702436271373183e+06	1.325567825545115396e+07
2.428764382460450386e-03	5.335291846476041712e+06	1.308899737201572582e+07
2.508415059277541159e-03	5.266703339191792533e+06	1.291685023369201645e+07
2.590677858688006548e-03	5.211308875245091505e+06	1.277853232311512716e+07
2.675638444552045497e-03	5.154800478588089347e+06	1.263747451662841998e+07
2.763385290053172599e-03	5.096438904211550951e+06	1.249179075719290599e+07
2.854009769829237483e-03	5.036163377648969181e+06	1.234132933792176843e+07
2.947606255124858923e-03	4.973911131351490505e+06	1.218593357674147934e+07
3.044272212064299925e-03	4.909617339325337671e+06	1.202544165323195234e+07
3.144108303147265162e-03	4.843215049625629559e+06	1.185968644011576287e+07
3.247218492073131874e-03	4.787977789666679688e+06	1.172234961191158369e+07
3.353710152002929105e-03	4.733876716074963100e+06	1.158798798221749626e+07
3.463694177371734288e-03	4.678001412278274074e+06	1.144921999889739230e+07
3.577285099367869762e-03	4.620293692872687243e+06	1.130590115676538274e+07
3.694601205199302477e-03	4.560693464279536158e+06	1.115788221162670664e+07
3.815764661271252300e-03	4.499138662167364731e+06	1.100500902486328222e+07
3.940901640403448279e-03	4.435565186821603216e+06	1.084712240292236768e+07
4.070142453219439092e-03	4.380954151967572048e+06	1.071188093890242651e+07
4.203621683844710293e-03	4.329697789635022171e+06	1.058516368814932927e+07
4.341478330055092809e-03	4.276760488640633412e+06	1.045429077912827022e+07
4.483855948021190328e-03	4.222087123051619157e+06	1.031912592814041488e+07
4.630902801799736956e-03	4.165620759095011745e+06	1.017952838209955208e+07
4.782772017727485517e-03	4.107302595870004967e+06	1.003535277195972949e+07
4.939621743878315659e-03	4.047071904116031714e+06	9.886448961336130276e+06
5.101615314749833284e-03	3.993530236274388619e+06	9.754330639681989327e+06
5.268921421350676766e-03	3.945436906507421751e+06	9.635896796870961785e+06
5.441714286865887221e-03	3.895766368883660994e+06	9.513578947934823111e+06
5.620173848083187887e-03	3.844466899294254836e+06	9.387249717933909968e+06
5.804485942768972118e-03	3.791485077352083754e+06	9.256777554701602086e+06
5.994842503189409637e-03	3.736765730762737337e+06	9.122026591853192076e+06
6.191441755977847815e-03	3.680251877871213015e+06	8.982856507302349433e+06
6.394488428556937588e-03	3.628181429739359766e+06	8.854771411367336288e+06
6.604193962330305243e-03	3.583450526487192139e+06	8.744970317676493898e+06
6.820776732865678482e-03	3.537252685254380107e+06	8.631568326553657651e+06
7.044462277299037498e-03	3.489539798203100450e+06	8.514447347532866523e+06
7.275483529196232965e-03	3.440262179811894894e+06	8.393485417403003201e+06
7.514081061116961897e-03	3.389368515135948546e+06	8.268556573202140629e+06
7.760503335133571261e-03	3.336805806370578241e+06	8.139530721046757884e+06
8.015006961565396618e-03	3.286554382403692696e+06	8.016247811005908996e+06
8.277856966198472027e-03	3.245274930775894783e+06	7.915173425046691671e+06
8.549327066268385539e-03	3.202641730598201510e+06	7.810784331696069799e+06
8.829699955494081307e-03	3.158610386049836874e+06	7.702971826013757847e+06
9.119267598459298088e-03	3.113135045360974036e+06	7.591623638110077940e+06
9.418331534647961592e-03	3.066168353065297473e+06	7.476623816234434955e+06
9.727203192450536648e-03	3.017661400686667301e+06	7.357852606029660441e+06
1.004620421346811079e-02	2.969513870467830915e+06	7.239985830121020786e+06
1.037566678745184892e-02	2.931679211918054149e+06	7.147519963793672621e+06
1.071593399822671176e-02	2.892603775883892085e+06	7.052021704168465920e+06
1.106736018095974550e-02	2.852246871400373988e+06	6.953391604720124975e+06
1.143031129114480994e-02	2.810566473053239286e+06	6.851526957601235248e+06
1.180516528568803167e-02	2.767519177216041368e+06	6.746321686688075773e+06
1.219231251649109671e-02	2.723060156852020882e+06	6.637666237118845806e+06
1.259215613694151040e-02	2.677234112174796872e+06	6.525670637750343420e+06
1.300511252173409960e-02	2.642760045830501243e+06	6.441529431929243729e+06
1.343161170046018073e-02	2.607155411722288467e+06	6.354628837819904089e+06
1.387209780541618330e-02	2.570383133183428552e+06	6.264878362023160793e+06
1.432702953409829491e-02	2.532404917627833318e+06	6.172184543433055282e+06
1.479688062686396362e-02	2.493181216674332041e+06	6.076450855911741033e+06
1.528214036025870790e-02	2.452671184963191394e+06	5.977577607772554271e+06
1.578331405652119712e-02	2.410832637622056063e+06	5.875461837966687046e+06
1.630092360979738114e-02	2.378061025972541422e+06	5.795533622304583900e+06
1.683550802961200632e-02	2.345779861429682933e+06	5.716813006197311915e+06
1.738762400216250711e-02	2.312440044749609660e+06	5.635510768588306382e+06
1.795784647002096959e-02	2.278006857719286345e+06	5.551542245892502367e+06
1.854676923084701279e-02	2.242444443551188335e+06	5.464819998005258851e+06
1.915500555573523833e-02	2.205715769544062205e+06	5.375253717247157358e+06
1.978318882784162180e-02	2.167782588519128505e+06	5.282750134322603233e+06
2.043197320195270367e-02	2.136700134266765323e+06	5.206978486321832985e+06
2.110203428568596662e-02	2.107553391084331553e+06	5.135937514767989516e+06
2.179406984302958289e-02	2.077450788272919599e+06	5.062566773596773855e+06
2.250880052095457357e-02	2.046360978672249010e+06	4.986789858638164587e+06
2.324697059985645492e-02	2.014251587100308854e+06	4.908527860067833215e+06
2.400934876860652198e-02	1.981089176639686106e+06	4.827699280234944075e+06
2.479672892502160150e-02	1.946839213818221353e+06	4.744219948795046657e+06
2.560993100258462246e-02	1.917492107081338065e+06	4.672699440078364685e+06
2.644980182427714502e-02	1.891265260152236558e+06	4.608790378272398375e+06
2.731721598441373688e-02	1.864178310809012270e+06	4.542785435917304829e+06
2.821307675939470697e-02	1.836203052223575069e+06	4.474615879172349349e+06
2.913831704832788722e-02	1.807310352532464545e+06	4.404210720088910311e+06
3.009390034449724305e-02	1.777470124500569422e+06	4.331496642687618732e+06
3.108082173869057552e-02	1.746651294189971872e+06	4.256397926611226983e+06
3.210010895543168735e-02	1.719056641572113615e+06	4.189156868494871538e+06
3.315282342319423453e-02	1.695522914565658895e+06	4.131812653880581725e+06
3.424006137971426222e-02	1.671217405290973606e+06	4.072587851120913867e+06
3.536295501355046084e-02	1.646114803355471464e+06	4.011420786831790116e+06
3.652267364308168368e-02	1.620188968319029314e+06	3.948247765067042783e+06
3.772042493416994519e-02	1.593412902472788701e+06	3.883003000989001710e+06
3.895745615775501186e-02	1.565758722725277068e+06	3.815618552363906987e+06
4.023505548869293208e-02	1.539908065985860070e+06	3.752627156024244614e+06
4.155455334718879262e-02	1.518838529993268428e+06	3.701282540392531548e+06
4.291732378422148664e-02	1.497078024216145510e+06	3.648254091855702456e+06
4.432478591240391480e-02	1.474603888485638192e+06	3.593486589565023314e+06
4.577840538376615892e-02	1.451392719498739112e+06	3.536923001718849875e+06
4.727969591600390820e-02	1.427420346447388874e+06	3.478504426172887906e+06
4.883022086877885498e-02	1.402661805848358432e+06	3.418170029102808330e+06
5.043159487171348238e-02	1.378525232241464546e+06	3.359349722257270478e+06
5.208548550577655339e-02	1.359696086688625393e+06	3.313456342833623290e+06
5.379361503980698012e-02	1.340249444355117856e+06	3.266057902334922925e+06
5.555776222398878250e-02	1.320165054599559400e+06	3.217105042686691508e+06
5.737976414214139564e-02	1.299422002666211454e+06	3.166546787129629869e+06
5.926151812475564939e-02	1.277998687905528350e+06	3.114330487135284115e+06
6.120498372476690374e-02	1.255872801280456362e+06	3.060401767580831889e+06
6.321218475812448445e-02	1.233403194266759790e+06	3.005634730412154924e+06
6.528521141127847927e-02	1.216600655873637414e+06	2.964671167918691877e+06
6.742622241778348235e-02	1.199247082738354802e+06	2.922364216374810785e+06
6.963744730628236568e-02	1.181324403824264882e+06	2.878669819696739782e+06
7.192118872221178738e-02	1.162813955459919991e+06	2.833542476993256714e+06
7.427982482564911282e-02	1.143696461903764401e+06	2.786935195183592383e+06
7.671581176779301847e-02	1.123952015271472512e+06	2.738799440061509609e+06
7.923168624866261389e-02	1.103560054804986576e+06	2.689085085754481144e+06
8.183006815867406580e-02	1.088112424150265288e+06	2.651415582957924344e+06
8.451366330684703665e-02	1.072644594526540954e+06	2.613695746612146962e+06
8.728526623848370525e-02	1.056669501576936571e+06	2.574738898345379159e+06
9.014776314524917955e-02	1.040170509736669483e+06	2.534504470683294348e+06
9.310413487069084393e-02	1.023130437882068218e+06	2.492950565752119292e+06
9.615746001432116941e-02	1.005531541439115186e+06	2.450033911648540758e+06
9.931091813749780284e-02	9.873554939052485861e+05	2.405709817378782667e+06
1.025677930744420957e-01	9.728686235366598703e+05	2.370374725317050703e+06
1.059314763518370006e-01	9.590943459219922079e+05	2.336775060849354137e+06
1.094054707205743548e-01	9.448683445655741962e+05	2.302073504392871633e+06
1.129933938033223922e-01	9.301758053083936684e+05	2.266233919695229270e+06
1.166989818617144986e-01	9.150014281650674529e+05	2.229218985425345600e+06
1.205260936870841404e-01	8.993294113912865287e+05	2.190990156309077982e+06
1.244787146187906202e-01	8.831434350287803682e+05	2.151507622990367934e+06
1.285609606943296512e-01	8.695961643645019503e+05	2.118455997463595122e+06
1.327770829355431892e-01	8.573390155956983799e+05	2.088548066559991101e+06
1.371314717753943091e-01	8.446798969189330237e+05	2.057659313080157153e+06
1.416286616299197443e-01	8.316056258388312999e+05	2.025757571210636990e+06
1.462733356201129931e-01	8.181025875436217757e+05	1.992809620268758852e+06
1.510703304486655796e-01	8.041567207274296088e+05	1.958781150108462665e+06
1.560246414366371071e-01	7.897535029476230266e+05	1.923636725391647778e+06
1.611414277253016558e-01	7.771175428044861183e+05	1.892800335041440558e+06
1.664260176485901910e-01	7.662167749996236525e+05	1.866193769126517000e+06
1.718839142817145671e-01	7.549585194368900266e+05	1.838714648015129846e+06
1.775208011717636092e-01	7.433310524011014495e+05	1.810334356493526371e+06
1.833425482562292541e-01	7.313222657009778777e+05	1.781023340919689974e+06
1.893552179756291254e-01	7.189196540603532922e+05	1.750751078447841341e+06
1.955650715865947520e-01	7.061103020958779380e+05	1.719486045243643923e+06
2.019785756819878764e-01	6.943519015331359114e+05	1.690783355362150818e+06
2.086024089248504632e-01	6.846618986281577963e+05	1.667124414822682273e+06
2.154434690031886424e-01	6.746541146756170783e+05	1.642689585670735221e+06
2.225088798128364853e-01	6.643181281312513165e+05	1.617453422847267939e+06
2.298059988758848760e-01	6.536431756790438667e+05	1.591389646829338977e+06
2.373424250023866422e-01	6.426181410229186295e+05	1.564471116264106007e+06
2.451260062033339959e-01	6.312315433108486468e+05	1.536669799705334241e+06
2.531648478631358112e-01	6.203129763014670461e+05	1.510009532371150097e+06
2.614673211801087360e-01	6.117024136295864591e+05	1.488979049581208033e+06
2.700420718837769907e-01	6.028094698632089421e+05	1.467258877746041166e+06
2.788980292380439652e-01	5.936248843900426291e+05	1.444826398698306642e+06
2.880444153396297668e-01	5.841390928984973580e+05	1.421658252513923682e+06
2.974907547214443726e-01	5.743422174179475987e+05	1.397730313186364714e+06
3.072468842708997450e-01	5.642240560323712416e+05	1.373017663503189106e+06
3.173229634734973104e-01	5.541049032404008321e+05	1.348301886210884200e+06
3.277294849923382269e-01	5.464557575004942482e+05	1.329612862889311276e+06
3.384772855945983316e-01	5.385557600766383111e+05	1.310310938058080617e+06
3.495775574363279015e-01	5.303966843551066704e+05	1.290376011776489904e+06
3.610418597173329913e-01	5.219700339325820678e+05	1.269787324931673007e+06
3.728821307182829670e-01	5.132670337684749393e+05	1.248523437621214427e+06
3.851107002325568907e-01	5.042786210470952792e+05	1.226562206826854497e+06
3.977403024058037140e-01	4.949954357401410816e+05	1.203880763355983188e+06
4.107840889965651554e-01	4.881233377036016318e+05	1.187083996709544444e+06
4.242556430717768223e-01	4.811070353395470302e+05	1.169934503864233149e+06
4.381689931514186065e-01	4.738606352203999995e+05	1.152222597998511745e+06
4.525386278170167031e-01	4.663765913519681199e+05	1.133929834928150056e+06
4.673795107992463338e-01	4.586471102712013526e+05	1.115037165596839041e+06
4.827070965603187935e-01	4.506641429305181373e+05	1.095524916239574319e+06
4.985373463873883915e-01	4.424193763159805676e+05	1.075372767895505065e+06
5.148867450137487589e-01	4.359845034713130444e+05	1.059639101203132654e+06
5.317723177850967042e-01	4.297541838380384725e+05	1.044404172396884067e+06
5.492116483887790057e-01	4.233195425426213769e+05	1.028669618184630293e+06
5.672228971644548423e-01	4.166738789109264035e+05	1.012419053485121694e+06
5.858248200152549323e-01	4.098102725220063585e+05	9.956355558727607131e+05
6.050367879391213011e-01	4.027215760015654960e+05	9.783016479555424303e+05
6.248788072006887795e-01	3.954004075790810748e+05	9.603992791750689503e+05
6.453715401646701322e-01	3.893903283761143102e+05	9.456984409806049662e+05
6.665363268124920859e-01	3.838587449240543065e+05	9.321655738205855014e+05
6.883952069645510319e-01	3.781457546755966614e+05	9.181888999099583598e+05
7.109709432312424360e-01	3.722454084434860270e+05	9.037538647253154777e+05
7.342870447166758296e-01	3.661515619384635938e+05	8.888454364315499552e+05
7.583677914997191127e-01	3.598578693709536456e+05	8.734480902285571210e+05
7.832382599179205096e-01	3.533577768429119023e+05	8.575457921845740639e+05
8.089243486805955952e-01	3.477574573261700571e+05	8.438411178708976367e+05
8.354528058382855171e-01	3.428468096946629812e+05	8.318207260833958862e+05
8.628512566366886016e-01	3.377751186905315262e+05	8.194061287696608342e+05
8.911482322840202919e-01	3.325371029395437217e+05	8.065843980651397724e+05
9.203731996618230715e-01	3.271273078662151820e+05	7.933421821394271683e+05
9.505565920101212152e-01	3.215401000137202209e+05	7.796656912924178177e+05
9.817298406188821325e-01	3.157696611775279744e+05	7.655406835944906343e+05
1.013925407558814440e+00	3.105621770204670029e+05	7.527908503228629706e+05
1.047176819485520438e+00	3.062031600502473884e+05	7.421139744756099535e+05
1.081518702552289213e+00	3.017011902870592312e+05	7.310869533472141484e+05
1.116986818467825104e+00	2.970515796323801624e+05	7.196983040170479799e+05
1.153618101736475943e+00	2.922494862427539774e+05	7.079361669851816259e+05
1.191450698119774998e+00	2.872899094877645257e+05	6.957882938225596445e+05
1.230524004359261570e+00	2.821676847426638124e+05	6.832420344161841786e+05
1.270878709202059476e+00	2.773348166299773147e+05	6.714025134261464700e+05
1.312556835771845343e+00	2.734657429100470617e+05	6.619187021649417002e+05
1.355601785329366038e+00	2.694697839546976611e+05	6.521238718558569672e+05
1.400058382468096108e+00	2.653427785966478405e+05	6.420078227125928970e+05
1.445972921792019639e+00	2.610804292042526940e+05	6.315600204495964572e+05
1.493393216124253353e+00	2.566782972061891051e+05	6.207695853122428525e+05
1.542368646296630619e+00	2.521317984693770995e+05	6.096252807472709101e+05
1.592950212572119773e+00	2.476545244565834000e+05	5.986495393711571814e+05
1.645190587753660783e+00	2.442205220790593594e+05	5.902249103670046898e+05
1.699144172034625866e+00	2.406739025141553720e+05	5.815239979131444125e+05
1.754867149648152269e+00	2.370109725114018656e+05	5.725377413679093588e+05
1.812417547374239657e+00	2.332279177011701395e+05	5.632567829483185196e+05
1.871855294965575345e+00	2.293207986226026842e+05	5.536714579854074400e+05
1.933242287555043237e+00	2.252855466212776955e+05	5.437717848599804565e+05
1.996642450109793465e+00	2.211444444408476993e+05	5.336122702503926121e+05
2.062121803999144465e+00	2.180967284780706104e+05	5.261277485185379628e+05
2.129748535745523252e+00	2.149490634873291710e+05	5.183977739029456279e+05
2.199593068030070597e+00	2.116981716670460883e+05	5.104142968420956167e+05
2.271728133026902796e+00	2.083406677210188936e+05	5.021690037912529078e+05
2.346228848142262624e+00	2.048730553331648989e+05	4.936533085652145674e+05
2.423172794237601124e+00	2.012917235266524076e+05	4.848583433971347986e+05
2.502640096417921622e+00	1.975929429036325018e+05	4.757749497041314025e+05
2.584713507469558191e+00	1.947625093976125063e+05	4.688169984464130248e+05
2.669478494034318139e+00	1.919690216800458438e+05	4.619486259711759631e+05
2.757023325609582631e+00	1.890839222816627589e+05	4.548550070618940517e+05
2.847439166467247595e+00	1.861042068219501234e+05	4.475287548221470206e+05
2.940820170587066684e+00	1.830267723925414903e+05	4.399622401042268029e+05
3.037263579703306071e+00	1.798484143260225828e+05	4.321475835645726183e+05
3.136869824566873799e+00	1.765658228587694175e+05	4.240766474586607073e+05
3.239742629528195472e+00	1.739209690980553569e+05	4.175674673291683430e+05
3.345989120549975215e+00	1.714418770006890700e+05	4.114635227470439859e+05
3.455719936762142730e+00	1.688814837425873266e+05	4.051594009387007100e+05
3.569049345675222806e+00	1.662371230739793391e+05	3.986485371456692228e+05
3.686095362172154388e+00	1.635060413061470026e+05	3.919241513199836481e+05
3.806979871402284221e+00	1.606853944438898761e+05	3.849792410638250876e+05
3.931828755705770284e+00	1.577722452239469567e+05	3.778065743376146420e+05
4.060772025700369880e+00	1.553065722650737735e+05	3.717302745305155986e+05
4.193943955667178258e+00	1.531065417551769060e+05	3.663044115893390262e+05
4.331483223376394243e+00	1.508343618344941351e+05	3.607006089275768027e+05
4.473533054498463279e+00	1.484876663824409479e+05	3.549130310597954085e+05
4.620241371751312442e+00	1.460640116821422707e+05	3.489356511273800861e+05
4.771760948938751135e+00	1.435608738756831735e+05	3.427622446225034073e+05
4.928249570040502903e+00	1.409756463359054178e+05	3.363863829062735313e+05
5.089870193519674402e+00	1.386818976608152443e+05	3.307249543118179427e+05
5.256791122018420026e+00	1.367295505896970571e+05	3.259004609093890758e+05
5.429186177618942288e+00	1.347131768197688216e+05	3.209177495391829289e+05
5.607234882852038638e+00	1.326306766126073489e+05	3.157716314853611984e+05
5.791122647641747001e+00	1.304798813694311248e+05	3.104567478695419268e+05
5.981040962380932413e+00	1.282585513728421211e+05	3.049675640703606769e+05
6.177187597338488878e+00	1.259643734545114276e+05	2.992983639600314200e+05
6.379766808606282424e+00	1.238347023856865417e+05	2.940323302198824240e+05
6.588989550799956518e+00	1.221021785465474095e+05	2.897410604743657168e+05
6.805073696735220778e+00	1.203128370525605569e+05	2.853090596879529185e+05
7.028244264308338707e+00	1.184648145839671633e+05	2.807317126238857745e+05
7.258733650817245753e+00	1.165561867139358073e+05	2.760042526899518562e+05
7.496781874966876202e+00	1.145849659045737353e+05	2.711217569748270907e+05
7.742636826811278183e+00	1.125490994372155837e+05	2.660791411216292763e+05
7.996554525892363152e+00	1.105752884774501290e+05	2.611880920376763679e+05
8.258799387844256046e+00	1.090378538380493410e+05	2.573695125557768042e+05
8.529644499741017682e+00	1.074499994418062997e+05	2.534257037834565854e+05
8.809371904473991322e+00	1.058100717863121536e+05	2.493525588597085734e+05
9.098272894455567084e+00	1.041163631429895759e+05	2.451458362401191553e+05
9.396648314954710202e+00	1.023671097787604376e+05	2.408011552799629280e+05
9.704808877380287413e+00	1.005604901193933038e+05	2.363139916724455834e+05
1.002307548283864236e+01	9.873412909696121642e+04	2.317770167892535101e+05
1.035177955630176250e+01	9.736982708434925007e+04	2.283773565579531132e+05
1.069126339173477191e+01	9.596078315297717927e+04	2.248662053807516349e+05
1.104188050854162562e+01	9.450553000361376326e+04	2.212399069419669686e+05
1.140399601970030830e+01	9.300255221734293445e+04	2.174946850180246693e+05
1.177798701197118092e+01	9.145028467749101401e+04	2.136266395451092685e+05
1.216424293857368077e+01	8.984711093980316946e+04	2.096317425578592520e+05
1.256316602474121602e+01	8.819136154916835949e+04	2.055058339948685898e+05
1.297517168657589615e+01	8.694908120745472843e+04	2.023992711235446332e+05
1.340068896363947992e+01	8.569871885918443149e+04	1.992714438725176733e+05
1.384016096573130383e+01	8.440735121290087409e+04	1.960410403653040121e+05
1.429404533431761060e+01	8.307363351084865280e+04	1.927046966410813329e+05
1.476281471909391030e+01	8.169617689430205792e+04	1.892589384188332187e+05
1.524695727017576097e+01	8.027354695728584193e+04	1.857001774794289959e+05
1.574697714643083479e+01	7.880426225286549015e+04	1.820247079290538095e+05
1.626339504048190676e+01	7.764245608249631186e+04	1.791084918138672656e+05
1.679674872092653359e+01	7.653290846783338930e+04	1.763201581192486337e+05
1.734759359233932585e+01	7.538697353659626970e+04	1.734403817686144030e+05
1.791650327363903017e+01	7.420345797649268934e+04	1.704661639245745610e+05
1.850407019542298315e+01	7.298112934087372560e+04	1.673944074036712991e+05
1.911090621689136171e+01	7.171871476533263922e+04	1.642219134511442971e+05
1.973764326300255334e+01	7.041489964221611444e+04	1.609453784099297191e+05
2.038493398252463962e+01	6.933096597667821334e+04	1.582127009642186167e+05
2.105345242766708225e+01	6.834637382792349672e+04	1.557249119904851832e+05
2.174389475600075627e+01	6.732949224360099470e+04	1.531555366442875529e+05
2.245697995539771696e+01	6.627926230032720196e+04	1.505018993224118894e+05
2.319345059274427712e+01	6.519459034761046496e+04	1.477612366759552096e+05
2.395407358720879643e+01	6.407434686898439395e+04	1.449306947327276866e+05
2.473964100886816908e+01	6.291736530579282407e+04	1.420073259252866264e+05
2.555097090352501965e+01	6.190828981952026516e+04	1.394503350017352204e+05
2.638890814457507972e+01	6.103457479439209419e+04	1.372284690016951063e+05
2.725432531281027693e+01	6.013220651924127742e+04	1.349337375018238672e+05
2.814812360507581346e+01	5.920024531841472344e+04	1.325637508975883247e+05
2.907123377272581166e+01	5.823772069984819973e+04	1.301160412180154235e+05
3.002461709085543262e+01	5.724363034445052472e+04	1.275880595556858025e+05
3.100926635931923414e+01	5.621693906234423775e+04	1.249771734124437353e+05
3.202620693657650008e+01	5.527941608406343585e+04	1.225872664440824301e+05
3.307649780744242918e+01	5.450407798208609165e+04	1.206005348499206448e+05
3.416123268585532458e+01	5.370331287490785326e+04	1.185486489257334033e+05
3.528154115380876732e+01	5.287628689070976543e+04	1.164294719527344132e+05
3.643858983763541204e+01	5.202213881106978806e+04	1.142407971390168677e+05
3.763358362286533065e+01	5.113997917413891992e+04	1.119803453215257032e+05
3.886776690892667574e+01	5.022888934840519505e+04	1.096457625926641776e+05
4.014242490499325555e+01	4.935942001366965269e+04	1.074138243352526333e+05
4.145888496832903058e+01	4.867135467587127641e+04	1.056348296315026819e+05
4.281851798652406416e+01	4.796072441977698327e+04	1.037974932733577880e+05
4.422273980505897129e+01	4.722678923494058108e+04	1.018999019619025930e+05
4.567301270168746896e+01	4.646878484247158485e+04	9.994007965209646500e+04
4.717084690917022272e+01	4.568592189915818017e+04	9.791598549503149115e+04
4.871780218794621931e+01	4.487738517548963137e+04	9.582551171270709892e+04
5.031548945038046838e+01	4.407235546995335608e+04	9.374210449363668158e+04
5.196557243827657402e+01	4.346168901266340981e+04	9.214644571149154217e+04
5.366976945540476152e+01	4.283099591261475871e+04	9.049845772735183709e+04
5.542985515684674169e+01	4.217961940142686944e+04	8.879642441906660679e+04
5.724766239702167070e+01	4.150688117217636318e+04	8.703857338471924595e+04
5.912508413831869092e+01	4.081208067304586439e+04	8.522307409694680246e+04
6.106407542232037144e+01	4.009449437780922744e+04	8.334803599673281133e+04
6.306665540567406225e+01	3.935337503239158832e+04	8.141150652468447515e+04
6.513490946272808912e+01	3.880816925378428277e+04	7.996946843374907621e+04
6.727099135712350630e+01	3.824832693756350636e+04	7.848835721203446155e+04
6.947712548460225435e+01	3.767012474266545905e+04	7.695867334486175969e+04
7.175560918936922405e+01	3.707296056179070001e+04	7.537882390534419392e+04
7.410881515641570161e+01	3.645621254169256281e+04	7.374716372698533814e+04
7.653919388230156073e+01	3.581923843561374815e+04	7.206199369049437519e+04
7.904927622696436629e+01	3.516137493448676832e+04	7.032155895441884059e+04
8.164167604921453858e+01	3.465072904465263127e+04	6.895482562230869371e+04
8.431909292866251349e+01	3.415360706414576271e+04	6.762052449938128120e+04
8.708431497690725109e+01	3.364018210155715497e+04	6.624246532882830070e+04
8.994022174092053490e+01	3.310991950495995843e+04	6.481921307720858749e+04
9.288978720164516290e+01	3.256226708866070840e+04	6.334928564954396279e+04
9.593608287093125853e+01	3.199665455818423288e+04	6.183115234594895446e+04
9.908228099003788714e+01	3.141249291640069714e+04	6.026323226764510764e+04
1.023316578330244937e+02	3.093518326810276631e+04	5.896836302226866246e+04
1.056875971184805252e+02	3.049344301436736350e+04	5.776292559098294441e+04
1.091535935331393290e+02	3.003721600743290401e+04	5.651795616229315783e+04
1.127332563710484834e+02	2.956602715811190501e+04	5.523215829494236095e+04
1.164303132920875612e+02	2.907938579679415852e+04	5.390419303122966085e+04
1.202486142037412122e+02	2.857678516249132372e+04	5.253267750269582757e+04
1.241921352701784684e+02	2.805770187512422854e+04	5.111618349008102814e+04
1.282649830528062580e+02	2.761216664665972348e+04	4.988915247322885989e+04
1.324713987866115019e+02	2.721906443117966774e+04	4.879651552166570764e+04
1.368157627967470660e+02	2.681307053392614034e+04	4.766804583419115806e+04
1.413025990599533657e+02	2.639376217565145998e+04	4.650256828583721654e+04
1.459365799155757486e+02	2.596070271217578193e+04	4.529886921372745564e+04
1.507225309310758803e+02	2.551344117969045328e+04	4.405569515323674568e+04
1.556654359271059036e+02	2.505151182514966786e+04	4.277175153270382725e+04
1.607704421673822139e+02	2.463579795802537410e+04	4.160809833110930049e+04
1.660428657187529780e+02	2.428490720411502116e+04	4.061391338810622983e+04
1.714881969870540956e+02	2.392250908199734113e+04	3.958712441641952319e+04
1.771121064345090304e+02	2.354822621061687460e+04	3.852666217566900741e+04
1.829204504846290149e+02	2.316166883280768161e+04	3.743142236002305435e+04
1.889192776207664224e+02	2.276243440942189409e+04	3.630026444823587372e+04
1.951148346846616732e+02	2.235010720014834806e+04	3.513201051597363403e+04
2.015135733815558865e+02	2.196171706581902254e+04	3.402700283107059659e+04
2.081221569986341819e+02	2.164646667000747038e+04	3.311858463094433682e+04
2.149474673437976264e+02	2.132087772197797676e+04	3.218037509947476428e+04
2.219966119119952452e+02	2.098461117168204146e+04	3.121139723793671874e+04
2.292769312865648885e+02	2.063731685001583537e+04	3.021064200719412838e+04
2.367960067833078881e+02	2.027863310417361936e+04	2.917706727694285291e+04
2.445616683452449251e+02	1.990818642104281753e+04	2.810959674049477690e+04
2.525820026962779821e+02	1.954374748245732917e+04	2.705844466704872684e+04
2.608653617622545084e+02	1.925654290615906939e+04	2.622493751405130388e+04
2.694203713681882277e+02	1.895991953277521316e+04	2.536409571741880063e+04
2.782559402207126027e+02	1.865356847538033617e+04	2.447502284484110351e+04
2.873812691851068735e+02	1.833717071718511215e+04	2.355679306575081500e+04
2.968058608665596125e+02	1.801039677933015264e+04	2.260845018721537781e+04
3.065395295056523537e+02	1.767290637778510063e+04	2.162900665821099756e+04
3.165924111983520675e+02	1.732752187979204609e+04	2.062719556964855656e+04
3.269749744511767631e+02	1.705790078810347040e+04	1.986015600527716379e+04
3.376980310825094875e+02	1.677943754499327042e+04	1.906796158402098081e+04
3.487727474814170705e+02	1.649184217447602350e+04	1.824978735909211537e+04
3.602106562357066082e+02	1.619481519088150162e+04	1.740478132979360817e+04
3.720236681413065867e+02	1.588804728698729923e+04	1.653206355429435644e+04
3.842240846055060501e+02	1.557121901192354562e+04	1.563072523330670447e+04
3.968246104569486192e+02	1.524400043851473129e+04	1.469982776371397813e+04
4.098383671757252955e+02	1.496779909564671652e+04	1.396933337634000782e+04
4.232789065573544462e+02	1.468951207749516834e+04	1.324095814177774082e+04
4.371602248248502747e+02	1.440209871118681804e+04	1.248869603666160219e+04
4.514967772036101792e+02	1.410525970058046005e+04	1.171176369747539320e+04
4.663034929742735812e+02	1.379868593419818171e+04	1.090935207050640747e+04
4.815957910192341274e+02	1.348205816333405164e+04	1.008062556934243003e+04
4.973895958790057534e+02	1.315504666960629766e+04	9.224721204738540109e+03
5.137013543351338285e+02	1.284447242946772712e+04	8.526624475911155969e+03
5.305480525369574707e+02	1.253222596113661166e+04	7.863891430522690825e+03
5.479472336900292930e+02	1.220973945358393939e+04	7.179424232576881877e+03
5.659170163246230914e+02	1.187667708746864446e+04	6.472510116367217961e+03
5.844761131633625837e+02	1.153269203034426027e+04	5.742412941226638395e+03
6.036438506075865007e+02	1.117742607548735577e+04	4.988372424952540314e+03
6.234401888627863855e+02	1.081050926888098911e+04	4.209603352091206943e+03
6.438857427240425295e+02	1.042085328877228858e+04	3.556311097175335362e+03
6.650018030431132274e+02	1.001198940627436787e+04	2.972281652344426220e+03
6.868103588995293194e+02	9.589716942358640154e+03	2.369099118437593461e+03
7.093341204987989386e+02	9.153596166191986413e+03	1.746135375033013133e+03
7.325965428215230304e+02	8.703172926086663210e+03	1.102741702668254675e+03
7.566218500481062392e+02	8.237978176572018128e+03	4.382481072999424896e+02
7.814350607844559136e+02	7.757527489956934005e+03	-2.480373773903372125e+02
8.070620141149491928e+02	7.233885709973919802e+03	-8.334569801903904818e+02
8.335293965098187527e+02	6.664382000106399573e+03	-1.309061905784183409e+03
8.608647696149245121e+02	6.076201568746927478e+03	-1.800264167412156667e+03
8.890965989529167928e+02	5.468731917821044590e+03	-2.307575275528204656e+03
9.182542835656300895e+02	4.841340462544150796e+03	-2.831523515434422734e+03
9.483681866285909337e+02	4.193373872683289846e+03	-3.372654497407705549e+03
9.794696670695386729e+02	3.524157392215422078e+03	-3.931531724867909816e+03
1.011591112223829782e+03	2.861559211187653091e+03	-4.412452985044972593e+03
1.044765971560805156e+03	2.229485386577015561e+03	-4.733013264785975480e+03
1.079028791516185947e+03	1.576682870335280995e+03	-5.064086232964950796e+03
1.114415251466786003e+03	9.024718705774727141e+02	-5.406016650380920510e+03
1.150962200885031052e+03	2.061503018257130861e+02	-5.759160584171026130e+03
1.188707697711903165e+03	-5.130069461026466797e+02	-6.123885778598582874e+03
1.227691047988360424e+03	-1.255748763184393511e+03	-6.500572038001482724e+03
1.267952846786436567e+03	-1.939536840181533307e+03	-6.828569640363603867e+03
1.309535020482665232e+03	-2.348042937799515585e+03	-6.949196134408372927e+03
1.352480870417874030e+03	-2.769945883376189613e+03	-7.073778541987679091e+03
1.396835117988739739e+03	-3.205685022948866845e+03	-7.202446596225366193e+03
1.442643951218158691e+03	-3.655714110790423547e+03	-7.335334284808311168e+03
1.489955072852856802e+03	-4.120501781923477211e+03	-7.472579989513664259e+03
1.538817750038343092e+03	-4.600532040130509813e+03	-7.614326630311837107e+03
1.589282865622976715e+03	-5.059372229233175858e+03	-7.741348600230799093e+03
1.641402971144466619e+03	-5.132891213799629440e+03	-7.662520043519954925e+03
1.695232341554121376e+03	-5.208821233755893445e+03	-7.581106325424220813e+03
1.750827031735726905e+03	-5.287241358361223320e+03	-7.497022666269012007e+03
1.808244934877948026e+03	-5.368233249930026432e+03	-7.410181506053054363e+03
1.867545842761074027e+03	-5.451881248870447962e+03	-7.320492413268272685e+03
1.928791508020777655e+03	-5.538272461511676738e+03	-7.227861990729560603e+03
1.992045708453871384e+03	-5.627496850811628065e+03	-7.132193778316150201e+03
2.057374313432916097e+03	-5.505462008188243090e+03	-6.934103243344881776e+03
2.124845352498878583e+03	-5.367969264957353516e+03	-6.724206083254957775e+03
2.194529086203311635e+03	-5.225967484071387844e+03	-6.507425402069306983e+03
2.266498079273692838e+03	-5.079308792849254132e+03	-6.283535456558966871e+03
2.340827276178294142e+03	-4.927840469164904789e+03	-6.052303100306265151e+03
2.417594079169133238e+03	-4.771404782411114866e+03	-5.813487540919267303e+03
2.496878428884322147e+03	-4.609838829247696594e+03	-5.566840089284130954e+03
2.578762887593798041e+03	-4.432484743507834537e+03	-5.339993278052924325e+03
2.663332725174980624e+03	-4.246883162990276105e+03	-5.112171102520275781e+03
2.750676007908067731e+03	-4.055194828395911372e+03	-4.876877559815842687e+03
2.840883690183307408e+03	-3.857220126256533604e+03	-4.633867628456156126e+03
2.934049709215781604e+03	-3.652752896833786053e+03	-4.382888251543919068e+03
3.030271082866393044e+03	-3.441580219435884374e+03	-4.123678073248627697e+03
3.129648010670750864e+03	-3.223482190694109704e+03	-3.855967166645477391e+03
3.232283978181380917e+03	-3.053291349069308581e+03	-3.650603438100321000e+03
3.338285864731764832e+03	-2.904023830014381474e+03	-3.472743914885639242e+03
3.447764054734457204e+03	-2.749861122687861553e+03	-3.289051536287923227e+03
3.560832552629274687e+03	-2.590642690702647997e+03	-3.099335015378515891e+03
3.677609101601030943e+03	-2.426202732923923577e+03	-2.903396792025289415e+03
3.798215306190736101e+03	-2.256370010813082899e+03	-2.701032827164518039e+03
3.922776758927723677e+03	-2.080967670109549090e+03	-2.492032390326079621e+03
4.051423171114639445e+03	-1.946470059179518103e+03	-2.331829994969714335e+03
4.184288507901576850e+03	-1.847490656751338292e+03	-2.214000869974067882e+03
4.321511127789762213e+03	-1.745265251355028568e+03	-2.092307570411943743e+03
4.463233926710398009e+03	-1.639687391193440362e+03	-1.966623371714347741e+03
4.609604486828438894e+03	-1.530647133411276172e+03	-1.836817393414015669e+03
4.760775230226357962e+03	-1.418030929606787822e+03	-1.702754462853864652e+03
4.916903577628021594e+03	-1.301721507588784789e+03	-1.564294974425705277e+03
5.078152112327669784e+03	-1.206659681613467001e+03	-1.451007847670586216e+03
5.244688749495119737e+03	-1.145567895027162194e+03	-1.377976040026800774e+03
5.416686911033157230e+03	-1.082472619677310377e+03	-1.302549173829781694e+03
5.594325706169366640e+03	-1.017308151687015652e+03	-1.224648703776354068e+03
5.777790117970495885e+03	-9.500066324383299161e+02	-1.144193508691154193e+03
5.967271195973309659e+03	-8.804979779081455717e+02	-1.061099807051648668e+03
6.162966255132942024e+03	-8.087098056865962690e+02	-9.752810697427214564e+02
6.365079081295578362e+03	-7.450760180933965557e+02	-8.991556654348000848e+02
6.573820143409572665e+03	-7.080221910918554613e+02	-8.546538910625241670e+02
6.789406812696099223e+03	-6.697531937672231379e+02	-8.086926929297860625e+02
7.012063589007177143e+03	-6.302291749345222343e+02	-7.612242096256110244e+02
7.242022334607316225e+03	-5.894089764998431065e+02	-7.121990101368761543e+02
7.479522515621828461e+03	-5.472500906006204104e+02	-6.615660423736352413e+02
7.724811451403416868e+03	-5.037086153403308231e+02	-6.092725800063376482e+02
7.978144572076612349e+03	-4.619274380802244764e+02	-5.590787719657087109e+02
8.239785684528511410e+03	-4.394109433147198160e+02	-5.319277890348043911e+02
8.510007247122248373e+03	-4.161560261396258511e+02	-5.038863968973449801e+02
8.789090653419963928e+03	-3.921384701899773404e+02	-4.749253948221034420e+02
9.077326525210242835e+03	-3.673332649316117227e+02	-4.450146244477001005e+02
9.375015015145270809e+03	-3.417145796166066702e+02	-4.141229383773829227e+02
9.682466119303113373e+03	-3.152557363845766645e+02	-3.822181677438612155e+02
1.000000000000000000e+04	-2.879291824818666328e+02	-3.492670887104773669e+02
