# Frequency (Hz)	Imaginary Part (Ohm/m)
1000.0	66074430.163942195
1018.6101701559753	66065650.22456076
1037.566678745186	66056706.88901349
1056.875971184804	66047597.11646991
1076.5446128423157	66038317.80950922
1096.5792912678098	66028865.813067056
1116.9868184678226	66019237.91336279
1137.7741332214914	66009430.83680679
1158.9483034398106	65999441.248887345
1180.5165285688054	65989265.75303693
1202.4861420374123	65978900.88947732
1224.8646137509306	65968343.134043224
1247.6595526308697	65957588.89698403
1270.8787092020582	65946728.67497549
1294.529978227916	65935756.732244544
1318.6214013947485	65924580.599792436
1343.1611700460153	65913196.47761369
1368.1576279674719	65901600.49498414
1393.619274224142	65889788.70914472
1419.5547660501015	65877757.10396099
1445.9729217920194	65865501.588557534
1472.882723907502	65853017.99592707
1500.2933220192183	65840302.0815136
1528.2140360258693	65827349.5217692
1556.654359271062	65814155.912684016
1585.6239617711371	65800723.41039094
1615.132693503091	65787302.37084087
1645.1905877536624	65773631.5634611
1675.807864530767	65759706.340029836
1706.9949340384078	65745521.96582105
1738.7624002162504	65731073.61799468
1771.1210643450886	65716356.38395679
1804.0819287193826	65701365.25968923
1837.6562003881704	65686095.14804822
1871.8552949655793	65670540.85703127
1906.690840512252	65654697.098011844
1942.1746814890264	65638558.483941145
1978.3188827841643	65622119.52751652
2015.1357338155585	65605582.042161405
2052.6377527092523	65588916.90697203
2090.8376905557498	65571941.630781114
2129.748535745521	65554650.441811845
2169.3835183851843	65537037.46087366
2209.756114795903	65519096.699363254
2250.880052095462	65500822.05722841
2292.7693128656488	65482207.320893906
2335.438139906479	65463246.1611488
2378.9010410788933	65443932.13099449
2423.1727942376006	65424258.66345261
2468.2684522556924	65404219.06933221
2514.2033481427966	65383834.06297342
2560.9931002584594	65363597.57131417
2608.6536176225477	65342984.47510179
2657.2011053245064	65321987.765661456
2706.652070033241	65300600.30388571
2757.0233256095826	65278814.81780713
2808.3319988231724	65256623.90012569
2860.5955351757416	65234020.00569028
2913.831704832789	65210995.44893324
2968.0586086656026	65187542.40125719
3023.2946844057765	65163652.8883732
3079.5587129142264	65139318.7875895
3136.8698245668766	65114531.82504963
3195.2475057592133	65089726.54727972
3254.711605531848	65064807.36521825
3315.282342319423	65039424.43293848
3376.9803108250912	65013569.11996992
3439.8264890229243	64987232.63522759
3503.8422452906757	64960406.024022885
3569.0493456752292	64933080.16501895
3635.4699612933177	64905245.7671293
3703.126675869927	64876893.366358735
3772.0424934169973	64848013.3225855
3842.240846055061	64818595.816283524
3913.745601980384	64788630.84518371
3986.581073580439	64758191.2332457
4060.7720257003657	64728218.45037153
4136.343684063274	64697687.86890802
4213.321743847289	64666589.108128525
4291.732378422157	64634911.594119266
4371.602248248501	64602644.556184195
4452.958509942655	64569777.02318271
4535.828825510186	64536297.81979946
4620.241371751313	64502195.56274457
4706.224849841281	64467458.65688318
4793.808495089106	64432075.29129302
4883.02208687788	64396033.43524853
4973.895958790063	64359320.83413032
5066.461008921268	64322838.89593139
5160.7487103859075	64286325.63232733
5256.791122018419	64249132.85067465
5354.620899273607	64211247.905026846
5454.271305329836	64172657.91409418
5555.7762223988775	64133349.756863944
5659.170163246242	64093310.068139136
5764.488282925873	64052525.23399416
5871.766390733255	64010981.387145974
5981.040962380945	63968664.402238995
6092.349152400711	63925559.89104242
6205.7288067765	63881653.197557986
6321.218475812449	63837143.84275384
6438.8574272404185	63793754.106387995
6558.685659571435	63749556.87964536
6680.743915695614	63704537.13499262
6805.073696735206	63658679.56523153
6931.717276155407	63611968.57829422
7060.717714137772	63564388.29194187
7192.118872221193	63515922.52836443
7325.96542821523	63466554.80868007
7462.302891391108	63416268.34733219
7601.17761795533	63365046.046382055
7742.636826811269	63312870.489695475
7886.728615614156	63259723.937020965
8033.501977124735	63207395.99140436
8183.00681586739	63155248.432888694
8335.293965098195	63102130.399435826
8490.415204088747	63048023.83034205
8648.423275731726	62992910.32879087
8809.37190447399	62936771.15559795
8973.31581458352	62879587.22283949
9140.310748756232	62821339.08736221
9310.413487069076	62762006.94417242
9483.681866285926	62701570.61970215
9660.174799522645	62640009.564949885
9839.952296278227	62577302.84849371
10023.075482838643	62513926.21657826
10209.606623060476	62452881.87001791
10399.609139541202	62390701.47778102
10593.1476351837	62327363.89786424
10790.287915161836	62262847.59480794
10991.097009294961	62197130.632373914
11195.643194838794	62130190.66608687
11403.99601970033	62062004.93563698
11616.22632608502	61992550.25714122
11832.40627458378	61921803.01526052
12052.609368708414	61849739.15517035
12276.910479883603	61776334.1743818
12505.385872903913	61701563.1144105
12738.113231864783	61628803.64576532
12975.171686575868	61556643.118329585
13216.641839466038	61483139.671199724
13462.60579298911	61408268.31241172
13713.147177539455	61332003.58489687
13968.351179887397	61254319.55782606
14228.30457214352	61175189.81779307
14493.09574126215	61094587.459833674
14762.81471909391	61012485.078277655
15037.553212997384	60928854.75743069
15317.404637020798	60843668.06208256
15602.46414366368	60756896.027838975
15892.828656229764	60669559.47106299
16188.596901781993	60586604.56066814
16489.86944471065	60502105.84527557
16796.74872092653	60416034.594411604
17109.339072690134	60328361.54292351
17427.746784089173	60239056.88102913
17752.08011717636	60148090.24418116
18082.44934877952	60055430.70274295
18418.96680799711	59961046.75147199
18761.746914391195	59864906.2988079
19110.90621689136	59766976.65596085
19466.56343342263	59667224.525797084
19828.83949127071	59565615.99151757
20197.857568198782	59468167.12515791
20573.743134329114	59372015.643645756
20956.623994804308	59274074.76670192
21346.630333242454	59174311.19337293
21743.8947560008	59072691.00296892
22148.55233726359	58969179.64353022
22560.74066496859	58863741.920079276
22980.599887588487	58756341.98265406
23408.272761782944	58646943.314118594
23843.904700937208	58535508.717746876
24287.643824604504	58422000.30457541
24739.64100886812	58306379.48052068
25200.049937640895	58190640.04878545
25669.027154919517	58082420.236123666
26146.732118010917	57972186.434334025
26633.327251749808	57859901.16273614
27128.978003724646	57745526.2431278
27633.852900531667	57629022.78680398
28148.123605075813	57510351.18133419
28671.964974937695	57389471.07709395
29205.55512182745	57266341.373545334
29749.075472144435	57140920.205262385
30302.71082866393	57013164.92769658
30866.649433372742	56883032.10267691
31441.08303147265	56750477.48364076
32026.206936576502	56625541.07134315
32622.220097116733	56502906.1286064
33229.325163989684	56377988.92871827
33847.72855945983	56250746.99848478
34477.640547344636	56121137.0742787
35119.275304507275	55989115.087329224
35772.850993678774	55854636.14873829
36438.58983763541	55717654.5342178
37116.71819475767	55578123.66854282
37807.466635993485	55435996.109715626
38511.070023255685	55291223.53283481
39227.76758927723	55143756.71366431
39957.803018952654	54997152.467478715
40701.42453219439	54862381.47620876
41458.88496832911	54725102.37385919
42230.441872066716	54585268.48405605
43016.35758106799	54442832.26177007
43816.89931514194	54297745.277150996
44632.33926710397	54149958.199060746
45462.95469532399	53999420.778300375
46309.02801799736	53846081.83052482
47170.84690917023	53689889.21883959
48048.704396551344	53530789.83607383
48942.89896114532	53368729.586723074
49853.73463873894	53203653.368556395
50781.5211232767	53051163.864203975
51726.57387216024	52902213.45726382
52689.21421350677	52750491.05790572
53669.76945540476	52595945.07887909
54668.57299720181	52438522.972885855
55685.96444286408	52278171.214713775
56722.28971644549	52114835.28303728
57777.90117970507	51948459.64187973
58853.1577519145	51778987.721730426
59948.42503189408	51606361.90031048
61064.07542232036	51430523.48298059
62200.48825634718	51251412.682784215
63358.04992658254	51074829.08705037
64537.15401646702	50915332.48383702
65738.20143409586	50752867.621698596
66961.60054853215	50587379.2608314
68207.76732865692	50418811.13340961
69477.1254846024	50247105.924453646
70770.10661181889	50072205.25234235
72087.15033782135	49894049.64896266
73428.70447166759	49712578.539489836
74795.22515621828	49527730.22179132
76187.17702322999	49339441.84544739
77605.0333513357	49147649.39038132
79049.2762269642	48952287.64509184
80520.39670825469	48775835.90725698
82018.8949920221	48604199.394385
83545.28058382872	48429368.69680351
85100.07247122246	48251284.370191544
86683.79930019773	48069885.863959216
88296.99955494082	47885111.50065985
89940.22174092053	47696898.45501901
91614.0245713852	47505182.73257324
93318.9771573324	47309899.14791118
95055.65920101192	47110981.302509904
96824.66119303115	46908361.56215862
98626.5846131283	46701971.03396244
100462.04213468132	46500458.293868065
102331.65783302448	46321594.07144211
104236.06739764012	46139401.15540199
106175.9183482999	45953817.59819315
108151.87025522892	45764780.29940648
110164.59496336569	45572224.984323576
112214.77682079801	45376086.18206255
114303.11291144785	45176297.203317255
116430.31329208757	44972790.117682226
118597.10123376705	44765495.73055556
120804.21346773289	44554343.5596121
123052.40043592616	44339261.810838595
125342.42654613995	44120177.35412296
127675.07043192645	43927050.47479263
130051.12521734099	43739771.140083335
132471.39878661174	43549006.50508842
134936.71405883064	43354691.70777651
137447.90926775365	43156760.6790228
140005.8382468096	42955146.12014483
142611.37071941295	42749779.4800202
145265.39259467812	42540590.93177851
147968.80626863963	42327509.34905937
150722.53093107554	42110462.28182872
153527.5028780421	41889375.93174505
156384.67583022476	41664175.127067134
159295.0212572123	41446675.763205044
162259.5287078087	41256772.14895816
165279.2061464897	41063334.39613687
168355.08029612005	40866296.73382104
171488.19698705408	40665592.167082325
174679.62151272455	40461152.45420555
177930.43899185772	40252908.0834855
181241.75473742394	40040788.2495923
184614.69463245454	39824720.829496935
188050.40551285836	39604632.357948385
191550.0555573528	39380448.002494976
195114.83468466165	39152091.53804027
198745.9549580986	38919485.32092582
202444.65099768018	38719581.12356303
206212.18039991445	38526041.59136922
210049.8241653915	38328900.2555494
213958.88713434213	38128090.0859252
217940.6984302958	37923542.80487521
221996.61191199525	37715188.864119984
226128.00663372793	37502957.4210746
230336.2873142131	37286776.31476171
234622.88481422624	37066572.04127583
238989.25662310526	36842269.728791274
243436.8873543108	36613793.11210506
247967.289250216	36381064.506705604
252582.00269627848	36158925.364175886
257282.59674479323	35967789.51928456
262070.66964838552	35773096.60379688
266947.8494034318	35574780.42002386
271915.7943036019	35372773.538326085
276976.1935036891	35167007.27418727
282130.76759394706	34957411.66486046
287381.2691851069	34743915.44558012
292729.4835042813	34526446.025331356
298177.22900196735	34304929.46216799
303726.3579703311	34079290.438071825
309378.75717301364	33849452.23334339
315136.34848664823	33615336.70051659
321001.08955431683	33419236.600021597
326974.97445117676	33229355.761063144
333060.03436245886	33035941.20738233
339258.33827409917	32838927.175946876
345571.9936762143	32638246.67986327
352003.1472796675	32433831.485600617
358553.9857459817	32225612.08979021
365226.7364308175	32013517.69559403
372023.6681413066	31797476.188632727
378947.09190746717	31577414.112466097
385999.36176797637	31353256.64361718
393182.87557057705	31124927.566131197
400500.07578736113	30909657.2672969
407953.45034524484	30726661.323030274
415545.53347188793	30540259.793102965
423278.90655735444	30350389.29898642
431156.19903182285	30156985.282666724
439180.0892596086	29959981.984694492
447353.3054498463	29759312.421825707
455678.6265841068	29554908.36424679
464158.8833612772	29346700.3123758
472796.9591600391	29134617.4732316
481595.79101923504	28918587.736363787
490558.37063650455	28698537.649334114
499687.7453854889	28474392.39274196
508987.0193519675	28291299.871483456
518459.3543892913	28113655.98793998
528107.971193433	27932706.12149662
537936.1503980698	27748388.74724904
547947.2336900292	27560641.19530399
558144.6249454955	27369399.629470922
568531.7913873753	27174599.025556758
579112.2647641759	26976173.149257287
589889.6425508494	26774054.533636536
600867.5891719692	26568174.45618737
612049.837247669	26358462.915465195
623440.1888627863	26144848.60728646
635042.5168595961	25945954.998963643
646860.7661546321	25778403.010619134
658898.9550799957	25607732.85126154
671161.1767496272	25433886.491197802
683651.6004510238	25256804.82079224
696374.4730628222	25076427.630368933
709334.1204987989	24892693.589739606
722534.9491787221	24705540.227350697
735981.4475265755	24514903.909042507
749678.1874966878	24320719.81641265
763629.8261282243	24122921.924777392
777841.1071286482	23921442.98072231
792316.8624866261	23716214.479235485
807062.0141149492	23552509.578092903
822081.575524054	23393053.563907236
837380.6535266489	23230630.046165198
852964.4499741016	23065183.79912065
868838.2635251193	22896658.569266915
885007.4914473438	22724997.056210045
901477.6314524917	22550140.89318596
918254.2835656281	22372030.62721517
935343.1520292377	22190605.698888138
952750.0472427299	22005804.421774387
970480.8877380306	21817563.961448524
988541.7021919573	21625820.31412576
1006938.6314760271	21449479.313050926
1025677.9307444209	21301767.92468813
1044765.9715608053	21151307.60225391
1064209.2440647245	20998047.18761749
1084014.359178331	20841934.5705865
1104188.0508541602	20682916.671189073
1124737.1783647507	20520939.421626016
1145668.7286348727	20355947.74788717
1166989.8186171474	20187885.55102575
1188707.6977119034	20016695.688083947
1210829.7502320393	19842319.952663824
1233363.4979137746	19664699.055136453
1256316.6024741214	19483772.60248282
1279696.8682159416	19342564.249734845
1303512.2446815087	19204240.006865244
1327770.829355429	19063341.52629914
1352480.8704178738	18919820.901034985
1377650.769549055	18773629.332513753
1403289.084785873	18624717.114026994
1429404.533431761	18473033.613815885
1456005.9950206485	18318527.257856
1483102.514336103	18161145.512321517
1510703.3044866556	18000834.865723178
1538817.7500383465	17837540.810713846
1567455.410205595	17671207.825555332
1596626.022101425	17520044.798387066
1626339.5040481905	17393720.60196045
1656605.9589499151	17265045.490743503
1687435.6777273756	17133975.713811982
1718839.1428171454	17000466.706029464
1750827.0317357269	16864473.07289474
1783410.220710006	16725948.575107284
1816599.7883753285	16584846.112845195
1850407.019542302	16441117.709751002
1884843.4090337954	16294714.496618979
1919920.6655932867	16145586.69477917
1955650.715865947	15993683.599172167
1992045.7084538713	15838953.561108666
2029118.0180466783	15720526.721365733
2066880.2496290822	15603687.937681189
2105345.242766708	15484674.764351444
2144526.0759716653	15363446.735615257
2184436.0711494284	15239962.632636592
2225088.7981283693	15114180.469489947
2266498.079273693	14986057.478884554
2308677.994187172	14855550.09762309
2351642.884494346	14722613.95178977
2395407.358720879	14587203.84166258
2439986.29725955	14449273.726345101
2485394.857429798	14308776.708111929
2531648.478631358	14182527.937526155
2578762.8875937983	14076955.554587992
2626754.1037238385	13969418.451639554
2675638.4445520453	13859880.064907176
2725432.531281028	13748303.1501591
2776153.2944368036	13634649.770042071
2827817.979625338	13518881.281182285
2880444.1533962977	13400958.321046095
2934049.709215787	13280840.794556487
2988652.873550383	13158487.86046019
3044272.2120643063	13033857.917441264
3100926.6359319235	12906908.589976259
3158635.408267819	12777596.713925913
3217418.1506763715	12680322.779317332
3277294.849923382	12583556.097298497
3338285.8647317644	12484988.570861856
3400411.9327037027	12384586.685986394
3463694.1773717343	12282316.3049494
3528154.1153808828	12178142.6547194
3593813.6638046256	12072030.31513285
3660695.147596906	11963943.206850937
3728821.30718283	11853844.579092251
3798215.306190736	11741696.997137012
3868900.7393279755	11627462.329599017
3940901.6404034477	11511101.73546043
4014242.490499326	11407653.185594566
4088948.226294856	11320878.254097985
4165044.248545185	11232488.42636096
4242556.430717777	11142453.648889702
4321511.127789762	11050743.308889749
4401935.1852088785	10957326.223857323
4483855.948021181	10862170.630976988
4567301.270168747	10765244.176321838
4652299.523960189	10666513.90385295
4738879.609717651	10565946.244213872
4827070.965603188	10463507.00331671
4916903.577628021	10359161.350715823
5008407.989848212	10252873.80776498
5101615.314749833	10174140.856704917
5196557.243827657	10095103.936989179
5293266.058360566	10014596.126748921
5391774.640387494	9932590.052461224
5492116.483887789	9849057.83117719
5594325.706169377	9763971.061041564
5698437.0594691355	9677300.811635692
5804485.942768984	9589017.614140905
5912508.413831869	9499091.451318847
6022541.201461928	9407491.747305177
6134621.717992506	9314187.357213585
6248788.072006888	9219146.556546088
6365079.081295578	9135505.610425383
6483534.286054714	9064997.655216334
6604193.962330305	8993177.534963477
6727099.135712336	8920020.830052104
6852291.595284057	8845502.666414276
6979813.907830667	8769597.707071433
7109709.432312423	8692280.14351955
7242022.334607315	8613523.686953904
7376797.60252773	8533301.559330702
7514081.061116962	8451586.484262155
7653919.388230155	8368350.677742265
7796360.130405221	8283565.838699989
7941451.71902934	8197203.13937647
8089243.486805938	8134112.273248278
8239785.684528512	8070165.113135499
8393129.498166373	8005027.885492025
8549327.066268368	7938678.442958631
8708431.497690724	7871094.226009921
8870496.889654402	7802252.255283946
9035578.34613892	7732129.1237688875
9203731.99661823	7660700.988844456
9375015.01514529	7587943.564175164
9549485.639791967	7513832.111452666
9727203.192450536	7438341.431984497
9908228.099003786	7361445.858126235
10092621.909870483	7294429.51359601
10280447.320933098	7237581.01040462
10471768.194855202	7179674.546895728
10666649.582795387	7120690.434247806
10865157.746525371	7060608.617227005
11067360.180959744	6999408.66736816
11273325.63710487	6937069.776028912
11483124.14543511	6873570.747314505
11696827.039703846	6808889.990870984
11914506.981197748	6743005.514544232
12136237.983442418	6675894.916902394
12362095.437367693	6607535.37961918
12592156.13694151	6538156.95141911
12826498.3052806	6487682.91281465
13065201.621247198	6436269.543763301
13308347.24654076	6383899.36316561
13556017.853293689	6330554.564595902
13808297.652180923	6276217.010247876
14065272.421052363	6220868.224767574
14327029.534098294	6164489.388971557
14593657.991557576	6107061.3334481735
14865248.449978571	6048564.532039778
15141893.25304352	5988979.095203593
15423686.462966273	5928284.763249069
15710723.892474487	5866460.899449368
16003103.137387017	5813086.367863309
16300923.609797413	5767484.575864406
16604286.571875297	5721034.1267569885
16913295.17029647	5673719.226887859
17228054.471313924	5625523.788681253
17548671.49648152	5576431.425168876
17875255.259042352	5526425.444418178
18207916.800994623	5475488.843856894
18546769.230846975	5423604.304491997
18891927.762076646	5370754.185021055
19243509.75230332	5316920.515833991
19601634.743191857	5262084.992903239
19966424.501097932	5206841.141810769
20338003.0584698	5166427.2424524035
20716496.75602067	5125261.233550312
21102034.285685964	5083329.118217905
21494746.734379806	5040616.639084168
21894767.628566206	4997109.273445968
22302232.979659364	4952792.228330202
22717281.330269028	4907650.435464023
23140053.80130654	4861668.546151453
23570694.139967278	4814830.926054686
24009348.76860652	4767121.64987822
24456166.83452444	4718524.495954091
24911300.26067791	4669022.9407263305
25374903.797335718	4626680.153500355
25847135.07469564	4590221.490365393
26328154.656480197	4553084.325305832
26818126.094530128	4515256.0312854005
27317215.98441379	4476723.746276534
27825594.022071257	4437474.368887159
28343433.061513092	4397494.553906051
28870909.173592344	4356770.707765342
29408201.705870606	4315288.983918547
29955493.34359816	4273035.278132595
30512970.171828706	4229995.223692251
31080821.738690637	4186154.1865152507
31659241.119835205	4142315.1656333013
32248424.98408439	4110042.6617911914
32848573.66030047	4077169.5611612163
33459891.20549975	4043684.686534967
34082585.47423452	4009576.6526942723
34716868.189265594	3974833.8625401156
35362955.013550386	3939444.503149498
36021065.62357073	3903396.5417589047
36691423.78402494	3866677.7216730607
37374257.42391064	3829275.558097493
38069798.71402284	3791177.3338935818
38778284.14589453	3752370.0952545954
39499954.61220647	3712840.647301249
40235055.48869293	3679335.2863980522
40983836.717572615	3650248.979705677
41746552.89253134	3620621.3718965477
42523463.34528677	3590442.3892647764
43314832.23376403	3559701.7706310893
44120928.631911896	3528389.0638539335
44942026.62119142	3496493.622275611
45778405.38376616	3464004.601102315
46630349.29742726	3430910.9537167833
47498148.03228505	3397201.4279223215
48382096.649259575	3362864.562116951
49282495.700405136	3327888.6813963195
50199651.33110079	3293176.9030109243
51133875.38414321	3267449.873172252
52085485.50577665	3241244.05893067
53054805.25369574	3214550.55002698
54042164.20705915	3187360.2703805314
55047898.078549676	3159663.975003275
56072348.82852027	3131452.246856357
57115864.78126434	3102715.4936482282
58178800.74344935	3073443.944573168
59261518.124755524	3043627.646989092
60364385.060758635	3013256.463033556
61487776.53810017	2982320.066176769
62632074.521986924	2950807.9377104607
63797668.08606282	2924339.415473947
64984953.54469889	2901166.430765134
66194334.587743886	2877562.1928678686
67426222.41778335	2853518.676086933
68681035.88995308	2829027.7053675526
69959201.65435374	2804080.9535158034
71261154.30111745	2778669.9383672536
72587336.50817245	2752786.019902953
73938199.19175874	2726420.3973117257
75314201.65974376	2699564.1059978106
76715811.76779301	2672208.014532785
78143506.07844542	2644342.8215507925
79597770.02314977	2616897.203447198
81079098.06731695	2596410.4182220204
82587993.87844272	2575542.370437856
84124970.49736118	2554285.964733605
85690550.51268347	2532633.9737022934
87285266.2384837	2510579.0354336733
88909659.89529167	2488113.651011092
90564283.79445294	2465230.18196179
92249700.52592173	2441920.847659721
93966483.1495469	2418177.7226800686
95715215.38991857	2393992.7341045095
97496491.83484097	2369357.6587763373
99310918.137498	2344264.1205045045
101159111.22238298	2323376.9251919994
103041699.49505854	2304930.979592984
104959323.05582266	2286141.7518076794
106912633.91734771	2267002.85329619
108902296.22637327	2247507.7766268044
110928986.48952228	2227649.893263402
112993393.80332193	2207422.4513116693
115096220.0885031	2186818.5732233897
117238180.32865997	2165831.2534580147
119420002.8133535	2144453.356100688
121642429.3857368	2122677.6124359695
123906215.6947913	2100496.618476378
126212131.45225461	2078816.0134888939
128560960.69432965	2062513.1750892545
130953502.04826704	2045906.9380929724
133390569.00390588	2028991.656200543
135872990.19027063	2011761.5780338591
138401609.65731302	1994210.8451806887
140977287.16289675	1976333.4902027585
143600898.46512634	1958123.4346067503
146273335.620113	1939574.4867775545
148995507.28528506	1920680.3398730436
151768339.02834037	1901434.569679683
154592773.64194784	1881830.6324282414
157469771.46430898	1861861.8625688232
160400310.70568198	1845390.4297078853
163385387.78098568	1830715.0324795463
166426017.64859018	1815766.5236116778
169523234.15541214	1800539.8204502007
172678090.38843593	1785029.7457519735
175891659.03277326	1769231.025924484
179165032.73638958	1753138.2892327586
182499324.48161504	1736746.0639729209
185895667.9635688	1720048.7766117626
189355217.9756299	1703040.74989167
192879150.80207777	1685716.2009003027
196468664.61804405	1668069.239104331
200124979.8969035	1650952.6457075265
203849339.82524642	1637984.5695997584
207643010.7255779	1624775.1553890293
211507282.48687947	1611319.9117321807
215443469.00318778	1597614.2637013881
219452908.62033114	1583653.5512286413
223536964.59097964	1569433.0275212778
227697025.53816846	1554947.8574480135
231934505.92744273	1540193.115894951
236250846.547794	1525163.7860909782
240647515.00154215	1509854.75790202
245126006.20333397	1494260.8260935422
249687842.8884332	1478376.6885607082
254334576.13046482	1465393.1531321427
259067785.8688001	1453721.1529501488
263889081.44575077	1441831.9348587051
268800102.15376073	1429721.4563955578
273802517.7927863	1417385.5998675413
278898029.23804396	1404820.1709505212
284088369.0183295	1392020.897263273
289375301.9050947	1378983.426914829
294760625.51248586	1365703.3270247967
300246170.90855557	1352176.082216123
305833803.23784316	1338397.0930798212
311525422.35554785	1324361.6746111156
317322963.4734973	1310853.158326898
323228397.81813806	1300540.024244778
329243733.30077755	1290034.9609825485
335371015.2002929	1279334.396705512
341612326.8585518	1268434.693106515
347969790.3887688	1257332.1441688885
354445567.3970435	1246022.9749063677
361041859.71733445	1234503.3400795485
367760910.160103	1222769.3228884703
374605003.2748981	1210816.9336408528
381576466.1271245	1198642.108395564
388677669.0892668	1186240.7075808411
395911026.6468467	1173608.514586784
403278998.21937054	1163377.0076903976
410784088.99656343	1154095.1644630511
418428850.79015756	1144640.5845538804
426215882.9015325	1135010.0533038469
434147833.0055101	1125200.2962285578
442227398.0505897	1115207.977904911
450457325.17594445	1105029.7008370082
458840412.64547515	1094662.004300975
467379510.7992463	1084101.3631682808
476077523.0226378	1073344.1867071507
484937406.7335233	1062386.8173616836
493962174.38783056	1051225.5295082356
503154894.5038046	1040566.6994420306
512518692.70533323	1032365.7164643754
522056752.7846986	1024012.1117980598
531772317.7850967	1015503.0451274901
541668691.1033136	1006835.6232783126
551749237.6129117	998006.8992337065
562017384.8083187	989013.87113237
572476623.970219	979853.4812478501
583130511.3526218	970522.6149488864
593982669.3920338	961018.0996403962
605036787.9391212	951336.7036847628
616296625.5132942	941475.1353030477
627766010.5806513	931430.0414557442
639448842.8556936	923368.3543793005
651349094.6272782	915987.4927543073
663470812.1092337	908469.2720385735
675818116.816111	900811.1359560499
688395206.964551	893010.4806579528
701206358.9007177	885064.6538374319
714255928.5543104	876970.9538277511
727548352.9196217	868726.6286836969
741088151.5641569	860328.8752458907
754879928.1653446	851774.8381876788
768928372.0758306	843061.609044295
783238259.9179205	834186.2252239431
797814457.2076613	825776.6566905809
812661920.0091946	819255.1660293355
827785696.619849	812612.3093172138
843190929.286625	805845.8279113594
858882855.9546258	798953.4211351831
874866812.0479896	791932.7454961196
891148232.2840202	784781.4138888016
907732652.5210242	777496.9947834295
924625711.6405733	770077.0113990209
941833153.4647961	762518.940861272
959360828.7093127	754820.2133447666
977214696.9725724	746978.2111991927
995400828.7621539	738990.2680593262
1013925407.5588143	732638.4648681766
1032794731.9189526	726768.8919723072
1052015217.6161569	720790.0853261041
1071593399.8226712	714700.0120708841
1091535935.3313932	708496.6015161221
1111849604.81927	702177.74443539
1132541315.1528125	695741.2923491928
1153618101.736476	689185.056794472
1175087130.9048076	682506.8085804938
1196955702.3590453	675704.2770309097
1219231251.6491096	668775.1492116979
1241921352.7017846	661717.0691447365
1265033720.3959012	655082.0277183562
1288576213.185518	649895.5174437299
1312556835.7718453	644612.4853303771
1336983741.8249452	639231.1350904566
1361865236.7560828	633749.637006901
1387209780.541618	628166.127311302
1413025990.5995336	622478.7075501991
1439322644.7194095	616685.4439395936
1466108684.0469828	610784.3667074378
1493393216.1242533	604773.4694238864
1521185517.9861019	598650.7083190996
1549495039.3146317	592414.0015883268
1578331405.6521199	586061.2286840815
1607704421.673822	581056.3203589098
1637624074.521689	576387.8478896371
1668100537.2000556	571632.4943533437
1699144172.0346258	566788.6428785871
1730765534.1957276	561854.646503675
1762975375.2872038	556828.8276166779
1795784647.0020967	551709.4773850195
1829204504.8462899	546494.8551744631
1863246311.9315598	541183.1879572679
1897921642.8391032	535772.6697093488
1933242287.5550432	530261.4607962051
1969220255.4791734	524647.6873474215
2005867779.5082297	519412.12912782235
2043197320.1952705	515286.4504867733
2081221569.9863415	511083.9922642054
2119953457.536069	506803.32557904307
2159406152.1035676	502442.9949584879
2199593068.0300703	498001.51784314896
2240527869.3000183	493477.3840829486
2282224474.1869006	488869.0554236626
2324697059.9856453	484174.96498389356
2367960067.833079	479393.51672231185
2412028207.618002	474523.08489499125
2456916462.98279	469562.01350263
2502640096.4179215	464508.61572750093
2549214654.4514203	460564.2998378706
2596655972.934872	456850.1444325253
2644980182.4277143	453066.8679631016
2694203713.6818824	449213.18407483405
2744343303.2283683	445287.7824736785
2795415999.067865	441289.3284807949
2847439166.4672475	437216.4625787438
2900430493.8639855	433067.799949233
2954407998.8803797	428841.9300022664
3009390034.449724	424537.4158965297
3065395295.056536	420152.7940508464
3122442823.0928583	415686.5736465463
3180552015.3329134	411554.36437690497
3239742629.5281954	408271.4408089582
3300034791.1252885	404927.4214748028
3361449000.108775	401521.16937183385
3424006137.9714255	398051.5263376353
3487727474.8141704	394517.31265618984
3552634676.5781393	390917.32665676426
3618749812.411284	387250.34430533025
3686095362.1721687	383515.11878837715
3754694224.0733366	379710.38008898334
3824569722.4669914	375834.8345549949
3895745615.775501	371887.1644591708
3968246104.5694857	367866.0275511437
4042095839.796318	364756.5727830855
4117319931.1616793	361800.4479006317
4193943955.6671777	358789.30903111317
4271993966.306777	355722.1323548688
4351496500.925055	352597.87499878125
4432478591.24041	349415.47468168574
4514967772.036101	346173.84935318545
4598992090.5224285	342871.89682573976
4684580115.873045	339508.4943999107
4771760948.938751	336082.49848263385
4860564232.142149	332592.7441983828
4951020159.556351	329038.04499310016
5043159487.171348	325775.4295875501
5137013543.351338	323161.8196476128
5232614239.486667	320499.5699819719
5329994080.844104	317787.7753970557
5429186177.618942	315025.5138534868
5530224256.192888	312211.8461525768
5633142670.601352	309345.8156169898
5737976414.21414	306426.4477654633
5844761131.633649	303452.74998147204
5953533130.81437	300423.71117572894
6064329395.408049	297338.3014424019
6177187597.338489	294195.471708936
6292146109.610351	290994.1533793591
6409244019.35647	288541.622939787
6528521141.127848	286187.42293465085
6650018030.431105	283789.41086683795
6773775997.517745	281346.7713864064
6899837121.430025	278858.6739696143
7028244264.308367	276324.27263653115
7159041085.964888	273742.7056633963
7292272058.728297	271113.0952896224
7427982482.56491	268434.547419348
7566218500.481063	265706.15131743683
7707027114.212319	262926.97929981624
7850456200.204509	260096.08641805564
7996554525.892329	257518.57755434117
8145371766.280737	255436.34489783103
8296958520.834915	253315.36153727895
8451366330.684739	251154.906315489
8608647696.149244	248954.24465440764
8768856094.587408	246712.62830535788
8932045998.58096	244429.29509462733
9098272894.455566	242103.46866432228
9267593301.146902	239734.358208396
9440064789.417603	237321.1582037672
9615746001.432076	234863.0481364318
9794696670.695385	232359.1922224807
9976977642.36321	229808.73912392484
10162650893.929972	227872.88271094827
10351779556.301762	225996.4548361721
10544427935.261662	224085.1063193609
10740661533.334322	222138.18728142406
10940547072.057436	220155.03574891135
11144152514.667904	218134.9774289334
11351547089.20999	216077.32547989622
11562801312.07373	213981.38027796563
11777987011.97118	211846.42917918903
11997177354.358854	209671.74627718955
12220446866.314913	207456.5921563485
12447871461.879063	205200.21364039744
12679528467.864315	203162.21265234295
12915496650.148827	201501.64835687392
13155856240.457052	199810.18067731126
13400688963.639534	198087.23449641865
13650078065.460136	196332.22399393035
13904108340.900667	194544.5524473653
14162866162.991974	192723.6120291352
14426439512.181587	190868.783599878
14694918006.248201	188979.4364979422
14968392930.772554	187054.92832495604
15246957270.1757	185094.60472740405
15530705739.334583	183097.79917414044
15819734815.786015	181063.83272976216
16114142772.530231	179534.10168168668
16414029711.444664	178036.69119703828
16719497597.31985	176511.4136484772
17030650292.528427	174957.750425202
17347593592.339325	173375.17326497656
17670435260.889503	171763.14407451433
17999285067.824764	170121.1147465216
18334254825.62285	168448.52697333382
18675458427.61074	166744.81205708583
19023011886.689457	165009.39071634918
19377033374.77993	163241.6728891691
19737643263.002552	161441.05753243787
20104964162.604927	159827.6472773095
20479120966.650833	158501.47484282005
20860240892.485046	157150.62211366865
21248453524.988873	155774.62978537203
21643890860.6402	154373.03000571282
22046687352.394028	152945.3462156636
22456979955.397717	151491.09298735228
22874908173.55704	150009.7758590122
23300614106.96929	148500.8911668588
23734242500.23866	146963.92587383898
24175940791.69123	145398.35739519223
24625859163.505444	143803.65342076667
25084150592.775414	142179.27173402868
25550970903.525124	140968.51442991183
26026478819.690044	139771.5457962219
26510836019.085308	138552.30137258765
27004207188.377697	137310.36660276755
27506760079.080673	136045.3192155585
28018665564.59201	134756.7290812181
28540097698.292374	133444.1580652166
29071233772.725693	132107.15987926553
29612254379.880314	130745.27992957536
30163343472.591972	129358.05516228944
30724688427.090096	127945.01390603976
31296480106.707504	126505.67571157416
31878912926.77636	125226.13430811954
32472184920.731255	124164.89536074465
33076497807.442425	123083.90657598297
33692057059.802742	121982.80040600017
34319071974.590427	120861.20246283445
34957755743.632645	119718.73139109983
35608325526.29274	118554.9987383217
36271002523.30648	117369.60882285927
36946012051.993095	116162.15859936892
37633583622.865326	114932.23752176482
38333951017.6659	113679.42740362808
39047352368.85556	112403.30227601943
39774030240.58036	111103.42824264565
40514231711.14655	110142.91340615884
41268208457.02952	109183.83444279736
42036216838.44701	108206.90685673471
42818517986.52406	107211.79848206518
43615377892.080055	106198.17097121937
44427067496.06892	105165.67967992196
45253862781.70167	104113.97355000918
46096044868.284195	103042.69499006464
46953900106.80053	101951.47975383485
47827720177.27485	100839.95681638201
48717802187.94641	99707.7482479309
49624448776.28914	98554.46908536911
50547968211.912254	97537.14324537608
51488674501.37487	96685.52244733783
52446887494.95119	95818.05284133973
53422932995.38363	94934.43947836885
54417142868.658875	94034.38192036121
55429855156.84652	93117.57413804885
56461414193.036606	92183.70440690716
57512170718.41614	91232.45520116536
58582482001.525475	90263.50308584402
59672711959.7331	89276.51860678373
60783231282.972115	88271.16617862684
61914417559.77835	87247.103970715
63066655405.67406	86203.98379086363
64240336593.94204	85439.46945871842
65435860188.83229	84668.43954473159
66653632681.24893	83883.06063285012
67894068126.96099	83083.06568578145
69157588287.38525	82268.1826966239
70444622772.99051	81438.13459638093
71755609189.36922	80592.63915975497
73090993286.02888	79731.40890918732
74451229107.95128	78854.15101711292
75836779149.97191	77960.56720639634
77248114514.03416	77050.35364891372
78685715069.36842	76123.20086224827
80150069615.6538	75311.44959125457
81641676049.21454	74625.34210392406
83161041532.30962	73926.46603950905
84708682665.57419	73214.58377261732
86285125663.66887	72489.45325560788
87890906534.19963	71750.82793629143
89526571259.96382	70998.45667410118
91192675984.59299	70232.08365470092
92889787201.64516	69451.44830300668
94618481947.21991	68656.2851945878
96379347996.15794	67846.32396541933
98172984061.88821	67021.28921995645
100000000000.0	66180.90043749574
