# Frequency (Hz)	Real Part (Ohm/m)
1000.0	10754241.602513127
1018.6101701559753	10803702.919624394
1037.566678745186	10854084.720263245
1056.875971184804	10905404.134784743
1076.5446128423157	10957678.612342797
1096.5792912678098	11010925.926823018
1116.9868184678226	11065164.182886062
1137.7741332214914	11120411.82212341
1158.9483034398106	11176687.629327677
1180.5165285688054	11234010.738879679
1202.4861420374123	11292400.641254315
1224.8646137509306	11351877.189647531
1247.6595526308697	11412460.606726643
1270.8787092020582	11466563.049165182
1294.529978227916	11514368.020053906
1318.6214013947485	11563062.64958517
1343.1611700460153	11612663.494457696
1368.1576279674719	11663187.41949318
1393.619274224142	11714651.603370521
1419.5547660501015	11767073.54446676
1445.9729217920194	11820471.0668067
1472.882723907502	11874862.3261233
1500.2933220192183	11930265.81603078
1528.2140360258693	11986700.374312667
1556.654359271062	12044185.189326864
1585.6239617711371	12102374.549327733
1615.132693503091	12147269.708321407
1645.1905877536624	12193000.373863136
1675.807864530767	12239582.094871936
1706.9949340384078	12287030.709634874
1738.7624002162504	12335362.351192214
1771.1210643450886	12384593.452822851
1804.0819287193826	12434740.7536318
1837.6562003881704	12485821.304241672
1871.8552949655793	12537852.472590052
1906.690840512252	12590851.949834805
1942.1746814890264	12644837.756369267
1978.3188827841643	12699828.247949338
2015.1357338155585	12748187.800590338
2052.6377527092523	12790800.063552301
2090.8376905557498	12834205.347978711
2129.748535745521	12878418.412133971
2169.3835183851843	12923454.288936274
2209.756114795903	12969328.291069
2250.880052095462	13016056.016187143
2292.7693128656488	13063653.352220736
2335.438139906479	13112136.482776891
2378.9010410788933	13161521.892642386
2423.1727942376006	13211826.373388706
2468.2684522556924	13263067.029081319
2514.2033481427966	13314586.31213632
2560.9931002584594	13354121.010136563
2608.6536176225477	13394391.455593647
2657.2011053245064	13435411.34089295
2706.652070033241	13477194.61323745
2757.0233256095826	13519755.479389956
2808.3319988231724	13563108.410503544
2860.5955351757416	13607268.147041913
2913.831704832789	13652249.70379131
2968.0586086656026	13698068.37496569
3023.2946844057765	13744739.739406945
3079.5587129142264	13792279.665881868
3136.8698245668766	13840704.31847769
3195.2475057592133	13882891.313472332
3254.711605531848	13920259.560051927
3315.282342319423	13958323.2360588
3376.9803108250912	13997095.283552922
3439.8264890229243	14036588.885448206
3503.8422452906757	14076817.469994834
3569.0493456752292	14117794.715345005
3635.4699612933177	14159534.554203669
3703.126675869927	14202051.178565774
3772.0424934169973	14245359.044541717
3842.240846055061	14289472.877272563
3913.745601980384	14334407.675936762
3986.581073580439	14379305.382157559
4060.7720257003657	14414167.584882088
4136.343684063274	14449678.579131335
4213.321743847289	14485850.439025968
4291.732378422157	14522695.463388095
4371.602248248501	14560226.179923004
4452.958509942655	14598455.349478701
4535.828825510186	14637395.970384756
4620.241371751313	14677061.282871852
4706.224849841281	14717464.773573617
4793.808495089106	14758620.180112239
4883.02208687788	14800541.495769385
4973.895958790063	14843242.974244071
5066.461008921268	14880472.289901126
5160.7487103859075	14913953.580000002
5256.791122018419	14948057.962604659
5354.620899273607	14982797.033572653
5454.271305329836	15018182.604562426
5555.7762223988775	15054226.707049377
5659.170163246242	15090941.596416732
5764.488282925873	15128339.756122474
5871.766390733255	15166433.90194386
5981.040962380945	15205236.98630093
6092.349152400711	15244762.20266046
6205.7288067765	15285022.99002189
6321.218475812449	15325068.66578397
6438.8574272404185	15357099.768046713
6558.685659571435	15389726.97457285
6680.743915695614	15422961.378964147
6805.073696735206	15456814.281276204
6931.717276155407	15491297.19186056
7060.717714137772	15526421.835278366
7192.118872221193	15562200.154286843
7325.96542821523	15598644.313899962
7462.302891391108	15635766.705524672
7601.17761795533	15673579.951174118
7742.636826811269	15712096.907759247
7886.728615614156	15751330.671460321
8033.501977124735	15785872.790712418
8183.00681586739	15817595.872110983
8335.293965098195	15849909.325452251
8490.415204088747	15882824.137658529
8648.423275731726	15916351.500120614
8809.37190447399	15950502.812503
8973.31581458352	15985289.686619878
9140.310748756232	16020723.950383259
9310.413487069076	16056817.651824629
9483.681866285926	16093583.063191384
9660.174799522645	16131032.685119526
9839.952296278227	16169179.250884028
10023.075482838643	16207011.004418947
10209.606623060476	16238307.213763218
10399.609139541202	16270185.850888629
10593.1476351837	16302657.754875278
10790.287915161836	16335733.966520408
10991.097009294961	16369425.732092367
11195.643194838794	16403744.507154481
11403.99601970033	16438701.960460044
11616.22632608502	16474309.977919843
11832.40627458378	16510580.666643485
12052.609368708414	16547526.359055946
12276.910479883603	16585159.617090741
12505.385872903913	16623493.236461079
12738.113231864783	16657506.108043492
12975.171686575868	16689262.911789611
13216.641839466038	16721610.715057056
13462.60579298911	16754560.516447484
13713.147177539455	16788123.51924839
13968.351179887397	16822311.13524237
14228.30457214352	16857134.988587216
14493.09574126215	16892606.919768307
14762.81471909391	16928738.989624437
15037.553212997384	16965543.483448673
15317.404637020798	17003032.915165484
15602.46414366368	17041220.031585593
15892.828656229764	17078943.92307058
16188.596901781993	17110656.123636447
16489.86944471065	17142958.49365086
16796.74872092653	17175862.016267683
17109.339072690134	17209377.879039135
17427.746784089173	17243517.477719694
17752.08011717636	17278292.42014076
18082.44934877952	17313714.530157432
18418.96680799711	17349795.851668805
18761.746914391195	17386548.652712956
19110.90621689136	17423985.42963824
19466.56343342263	17462118.911352213
19828.83949127071	17500962.06364951
20197.857568198782	17535145.978931967
20573.743134329114	17567198.849723827
20956.623994804308	17599848.22989511
21346.630333242454	17633105.220586874
21743.8947560008	17666981.129534274
22148.55233726359	17701487.474911384
22560.74066496859	17736635.98924743
22980.599887588487	17772438.623415984
23408.272761782944	17808907.550698463
23843.904700937208	17846055.170923065
24287.643824604504	17883894.114680935
24739.64100886812	17922437.247620665
25200.049937640895	17960193.40700468
25669.027154919517	17991494.91908871
26146.732118010917	18023378.957638763
26633.327251749808	18055856.363571495
27128.978003724646	18088938.179554854
27633.852900531667	18122635.65376273
28148.123605075813	18156960.24369945
28671.964974937695	18191923.62009542
29205.55512182745	18227537.67087535
29749.075472144435	18263814.505200237
30302.71082866393	18300766.457584627
30866.649433372742	18338406.09209049
31441.08303147265	18376746.206599116
32026.206936576502	18409396.69748359
32622.220097116733	18439717.359394103
33229.325163989684	18470602.29398201
33847.72855945983	18502062.002457857
34477.640547344636	18534107.181461494
35119.275304507275	18566748.72669907
35772.850993678774	18599997.736647677
36438.58983763541	18633865.51632893
37116.71819475767	18668363.58115287
37807.466635993485	18703503.660833236
38511.070023255685	18739297.70337574
39227.76758927723	18775757.879140534
39957.803018952654	18810897.121187236
40701.42453219439	18838618.305993088
41458.88496832911	18866855.38676508
42230.441872066716	18895617.96441496
43016.35758106799	18924915.818529036
43816.89931514194	18954758.91069337
44632.33926710397	18985157.38788086
45462.95469532399	19016121.58590129
46309.02801799736	19047662.032915633
47170.84690917023	19079789.45301571
48048.704396551344	19112514.769870516
48942.89896114532	19145849.110440396
49853.73463873894	19179803.808760323
50781.5211232767	19206773.91945812
51726.57387216024	19231144.18022512
52689.21421350677	19255967.975691736
53669.76945540476	19281253.74621589
54668.57299720181	19307010.08923204
55685.96444286408	19333245.762174305
56722.28971644549	19359969.6854542
57777.90117970507	19387190.945493553
58853.1577519145	19414918.797814094
59948.42503189408	19443162.67018439
61064.07542232036	19471932.16582536
62200.48825634718	19501237.06667551
63358.04992658254	19528599.245594934
64537.15401646702	19547821.104505204
65738.20143409586	19567400.685480516
66961.60054853215	19587344.645789355
68207.76732865692	19607659.766593132
69477.1254846024	19628352.9552518
70770.10661181889	19649431.24767248
72087.15033782135	19670901.810701706
73428.70447166759	19692771.944562245
74795.22515621828	19715049.08533527
76187.17702322999	19737740.807488672
77605.0333513357	19760854.82645247
79049.2762269642	19784399.001242172
80520.39670825469	19800145.162583966
82018.8949920221	19813225.710239455
83545.28058382872	19826549.689112544
85100.07247122246	19840121.629499618
86683.79930019773	19853946.146006644
88296.99955494082	19868027.939118188
89940.22174092053	19882371.79679564
91614.0245713852	19896982.596105162
93318.9771573324	19911865.30487595
95055.65920101192	19927024.98338934
96824.66119303115	19942466.786099378
98626.5846131283	19958195.963385366
100462.04213468132	19971541.612641346
102331.65783302448	19977032.453381106
104236.06739764012	19982625.479601342
106175.9183482999	19988322.592991218
108151.87025522892	19994125.730630673
110164.59496336569	20000036.86564904
112214.77682079801	20006058.007895917
114303.11291144785	20012191.204624537
116430.31329208757	20018438.541187875
118597.10123376705	20024802.141747683
120804.21346773289	20031284.169996716
123052.40043592616	20037886.829894416
125342.42654613995	20044612.36641629
127675.07043192645	20043992.37006841
130051.12521734099	20041012.363230504
132471.39878661174	20037976.89795828
134936.71405883064	20034884.942160837
137447.90926775365	20031735.444539893
140005.8382468096	20028527.33423232
142611.37071941295	20025259.520446043
145265.39259467812	20021930.892089162
147968.80626863963	20018540.317392178
150722.53093107554	20015086.643523153
153527.5028780421	20011568.696195763
156384.67583022476	20007985.27927001
159295.0212572123	20002070.777438845
162259.5287078087	19990021.10301036
165279.2061464897	19977747.182090424
168355.08029612005	19965244.841413688
171488.19698705408	19952509.830049615
174679.62151272455	19939537.817957122
177930.43899185772	19926324.39451232
181241.75473742394	19912865.06700886
184614.69463245454	19899155.259130385
188050.40551285836	19885190.309394483
191550.0555573528	19870965.469567772
195114.83468466165	19856475.90305145
198745.9549580986	19841716.683236774
202444.65099768018	19821796.051036444
206212.18039991445	19800173.846519407
210049.8241653915	19778149.249097176
213958.88713434213	19755714.7701693
217940.6984302958	19732862.781771205
221996.61191199525	19709585.51398062
226128.00663372793	19685875.052275687
230336.2873142131	19661723.334843952
234622.88481422624	19637122.149841253
238989.25662310526	19612063.132599607
243436.8873543108	19586537.762783166
247967.289250216	19560537.361491144
252582.00269627848	19532956.299288377
257282.59674479323	19502279.05665094
262070.66964838552	19471030.905308098
266947.8494034318	19439201.22055171
271915.7943036019	19406779.179945983
276976.1935036891	19373753.759647798
282130.76759394706	19340113.73065839
287381.2691851069	19305847.65500542
292729.4835042813	19270943.88185398
298177.22900196735	19235390.54354511
303726.3579703311	19199175.55156069
309378.75717301364	19162286.59241325
315136.34848664823	19124711.123459205
321001.08955431683	19085793.16188755
326974.97445117676	19046001.124623466
333060.03436245886	19005468.550775047
339258.33827409917	18964181.658830453
345571.9936762143	18922126.41080156
352003.1472796675	18879288.507450897
358553.9857459817	18835653.38342975
365226.7364308175	18791206.202325787
372023.6681413066	18745931.851618536
378947.09190746717	18699814.937540915
385999.36176797637	18652839.77984524
393182.87557057705	18604990.406471748
400500.07578736113	18556992.580944084
407953.45034524484	18509656.93534058
415545.53347188793	18461440.36531794
423278.90655735444	18412326.476722855
431156.19903182285	18362298.57030398
439180.0892596086	18311339.636034112
447353.3054498463	18259432.347326513
455678.6265841068	18206559.05514372
464158.8833612772	18152701.78199672
472796.9591600391	18097842.215832304
481595.79101923504	18041961.70380689
490558.37063650455	17985041.24594427
499687.7453854889	17927061.48867547
508987.0193519675	17872547.225504328
518459.3543892913	17817908.371558763
528107.971193433	17762252.679244135
537936.1503980698	17705561.22502539
547947.2336900292	17647814.733197235
558144.6249454955	17588993.569330268
568531.7913873753	17529077.733594943
579112.2647641759	17468046.85396156
589889.6425508494	17405880.179273423
600867.5891719692	17342556.57219131
612049.837247669	17278054.502006516
623440.1888627863	17212352.037320152
635042.5168595961	17148371.639484834
646860.7661546321	17088720.148114447
658898.9550799957	17027958.532339595
671161.1767496272	16966066.132556234
683651.6004510238	16903021.904681534
696374.4730628222	16838804.412998736
709334.1204987989	16773391.82286873
722534.9491787221	16706761.893306056
735981.4475265755	16638891.969416756
749678.1874966878	16569758.97469539
763629.8261282243	16499339.403178873
777841.1071286482	16427609.311454123
792316.8624866261	16354544.31051706
807062.0141149492	16289811.761683699
822081.575524054	16225433.958662407
837380.6535266489	16159858.073772628
852964.4499741016	16093061.81050692
868838.2635251193	16025022.457416048
885007.4914473438	15955716.88038686
901477.6314524917	15885121.514776396
918254.2835656281	15813212.357399704
935343.1520292377	15739964.958368454
952750.0472427299	15665354.412777746
970480.8877380306	15589355.352238169
988541.7021919573	15511941.936250262
1006938.6314760271	15438191.605794251
1025677.9307444209	15371653.856874375
1044765.9715608053	15303877.829125293
1064209.2440647245	15234840.477967313
1084014.359178331	15164518.329957167
1104188.0508541602	15092887.474806815
1124737.1783647507	15019923.5572537
1145668.7286348727	14945601.768779663
1166989.8186171474	14869896.839175839
1188707.6977119034	14792783.027950441
1210829.7502320393	14714234.115576763
1233363.4979137746	14634223.39457824
1256316.6024741214	14552723.660447627
1279696.8682159416	14483629.214991037
1303512.2446815087	14415029.996937873
1327770.829355429	14345154.135764161
1352480.8704178738	14273977.872924225
1377650.769549055	14201477.007721758
1403289.084785873	14127626.889081422
1429404.533431761	14052402.407167152
1456005.9950206485	13975777.984844565
1483102.514336103	13897727.568984449
1510703.3044866556	13818224.621604428
1538817.7500383465	13737242.110845761
1567455.410205595	13654752.501782227
1596626.022101425	13577592.401359158
1626339.5040481905	13509388.71819702
1656605.9589499151	13439915.752885966
1687435.6777273756	13369149.88386925
1718839.1428171454	13297067.049988888
1750827.0317357269	13223642.742304679
1783410.220710006	13148851.995760905
1816599.7883753285	13072669.380697839
1850407.019542302	12995068.994205529
1884843.4090337954	12916024.451316427
1919920.6655932867	12835508.876034254
1955650.715865947	12753494.892195888
1992045.7084538713	12669954.6141631
2029118.0180466783	12601586.9886051
2066880.2496290822	12533565.857316438
2105345.242766708	12464278.841200285
2144526.0759716653	12393702.381924618
2184436.0711494284	12321812.482732812
2225088.7981283693	12248584.700284563
2266498.079273693	12173994.136344803
2308677.994187172	12098015.429318089
2351642.884494346	12020622.74562539
2395407.358720879	11941789.770920325
2439986.29725955	11861489.701142108
2485394.857429798	11779695.233401781
2531648.478631358	11704407.833219899
2578762.8875937983	11638683.098834747
2626754.1037238385	11571735.215959221
2675638.4445520453	11503541.421591809
2725432.531281028	11434078.529107632
2776153.2944368036	11363322.920374792
2827817.979625338	11291250.53772396
2880444.1533962977	11217836.875768432
2934049.709215787	11143056.97307215
2988652.873550383	11066885.40366244
3044272.2120643063	10989296.268384963
3100926.6359319235	10910263.186097732
3158635.408267819	10829759.284701165
3217418.1506763715	10765784.13478949
3277294.849923382	10701831.308808936
3338285.8647317644	10636688.309854921
3400411.9327037027	10570332.98860592
3463694.1773717343	10502742.7835377
3528154.1153808828	10433894.713252299
3593813.6638046256	10363765.368663967
3660695.147596906	10292330.905039916
3728821.30718283	10219567.033892838
3798215.306190736	10145449.014722485
3868900.7393279755	10069951.646603758
3940901.6404034477	9993049.259618012
4014242.490499326	9923285.489161005
4088948.226294856	9862794.61375392
4165044.248545185	9801177.99286261
4242556.430717777	9738414.676172089
4321511.127789762	9674483.3234784
4401935.1852088785	9609362.197432773
4483855.948021181	9543029.156150704
4567301.270168747	9475461.645683393
4652299.523960189	9406636.692349283
4738879.609717651	9336530.894922646
4827070.965603188	9265120.416676974
4916903.577628021	9192380.977280242
5008407.989848212	9118287.844539272
5101615.314749833	9060862.490357058
5196557.243827657	9003078.061251674
5293266.058360566	8944218.254088266
5391774.640387494	8884263.055898216
5492116.483887789	8823192.081268098
5594325.706169377	8760984.56540853
5698437.0594691355	8697619.357093833
5804485.942768984	8633074.911470426
5912508.413831869	8567329.28273136
6022541.201461928	8500360.116654431
6134621.717992506	8432144.643001614
6248788.072006888	8362659.667776849
6365079.081295578	8300459.026633396
6483534.286054714	8246668.986954747
6604193.962330305	8191877.905484972
6727099.135712336	8136067.15266602
6852291.595284057	8079217.752240576
6979813.907830667	8021310.37479994
7109709.432312423	7962325.331211862
7242022.334607315	7902242.565925937
7376797.60252773	7841041.650154607
7514081.061116962	7778701.774927073
7653919.388230155	7715201.744014042
7796360.130405221	7650519.966720826
7941451.71902934	7584634.450546179
8089243.486805938	7534668.94236749
8239785.684528512	7483992.615009206
8393129.498166373	7432373.192575897
8549327.066268368	7379793.123907763
8708431.497690724	7326234.531214889
8870496.889654402	7271679.203998692
9035578.34613892	7216108.592860087
9203731.99661823	7159503.803192517
9375015.01514529	7101845.588757593
9549485.639791967	7043114.345141148
9727203.192450536	6983290.103087529
9908228.099003786	6922352.521709839
10092621.909870483	6868475.515047268
10280447.320933098	6821866.381856981
10471768.194855202	6774389.844767199
10666649.582795387	6726029.761243761
10865157.746525371	6676769.688337194
11067360.180959744	6626592.877091935
11273325.63710487	6575482.266851521
11483124.14543511	6523420.479457759
11696827.039703846	6470389.813341973
11914506.981197748	6416372.237506288
12136237.983442418	6361349.385392883
12362095.437367693	6305302.548639186
12592156.13694151	6248404.521769418
12826498.3052806	6205744.341527356
13065201.621247198	6162290.248072106
13308347.24654076	6118027.466543674
13556017.853293689	6072940.947119426
13808297.652180923	6027015.359896953
14065272.421052363	5980235.089681756
14327029.534098294	5932584.230677909
14593657.991557576	5884046.581079924
14865248.449978571	5834605.637563948
15141893.25304352	5784244.5896764705
15423686.462966273	5732946.3141185725
15710723.892474487	5680693.368923835
16003103.137387017	5635032.053834082
16300923.609797413	5595428.0331771495
16604286.571875297	5555086.974956933
16913295.17029647	5513995.162778966
17228054.471313924	5472138.624984349
17548671.49648152	5429503.12989923
17875255.259042352	5386074.180995899
18207916.800994623	5341837.011963779
18546769.230846975	5296776.581688754
18891927.762076646	5250877.569139008
19243509.75230332	5204124.368155717
19601634.743191857	5156501.082146795
19966424.501097932	5108491.116257635
20338003.0584698	5072529.571460912
20716496.75602067	5035898.776196452
21102034.285685964	4998586.275599169
21494746.734379806	4960579.3830168275
21894767.628566206	4921865.175696428
22302232.979659364	4882430.490390345
22717281.330269028	4842261.918880668
23140053.80130654	4801345.803420266
23570694.139967278	4759668.2320890315
24009348.76860652	4717215.0340636335
24456166.83452444	4673971.774799317
24911300.26067791	4629923.751121991
25374903.797335718	4591859.750438021
25847135.07469564	4558705.63968478
26328154.656480197	4524934.525289051
26818126.094530128	4490534.92470806
27317215.98441379	4455495.141706956
27825594.022071257	4419803.262381977
28343433.061513092	4383447.151109574
28870909.173592344	4346414.4464201825
29408201.705870606	4308692.556795182
29955493.34359816	4270268.656385655
30512970.171828706	4231129.680651451
31080821.738690637	4191262.3219191073
31659241.119835205	4151361.2165633477
32248424.98408439	4121438.943915663
32848573.66030047	4090959.8126825467
33459891.20549975	4059913.4596309806
34082585.47423452	4028289.328666402
34716868.189265594	3996076.6672435375
35362955.013550386	3963264.522710417
36021065.62357073	3929841.7385843485
36691423.78402494	3895796.950758611
37374257.42391064	3861118.583638513
38069798.71402284	3825794.846205578
38778284.14589453	3789813.728008472
39499954.61220647	3753162.995079311
40235055.48869293	3721830.4884148194
40983836.717572615	3694390.95424742
41746552.89253134	3666440.7656801655
42523463.34528677	3637970.419347782
43314832.23376403	3608970.23502575
44120928.631911896	3579430.352338935
44942026.62119142	3549340.72740893
45778405.38376616	3518691.1294390475
46630349.29742726	3487471.137235734
47498148.03228505	3455670.1356652444
48382096.649259575	3423277.312044401
49282495.700405136	3390281.6524641425
50199651.33110079	3357502.3527639434
51133875.38414321	3332853.3814384695
52085485.50577665	3307745.6885624565
53054805.25369574	3282170.7372497995
54042164.20705915	3256119.8317414825
55047898.078549676	3229584.1144489395
56072348.82852027	3202554.5629423717
57115864.78126434	3175021.9868830238
58178800.74344935	3146977.024898381
59261518.124755524	3118410.141399187
60364385.060758635	3089311.6233372474
61487776.53810017	3059671.576902888
62632074.521986924	3029479.92416095
63797668.08606282	3003937.9467160925
64984953.54469889	2981427.163144207
66194334.587743886	2958497.450059707
67426222.41778335	2935141.011113076
68681035.88995308	2911349.9048634064
69959201.65435374	2887116.042078235
71261154.30111745	2862431.1829830953
72587336.50817245	2837286.934459918
73938199.19175874	2811674.7471932787
75314201.65974376	2785585.9127635425
76715811.76779301	2759011.5606858977
78143506.07844542	2731942.6553943036
79597770.02314977	2705253.8522331
81079098.06731695	2685105.692605745
82587993.87844272	2664582.572299398
84124970.49736118	2643677.5132320174
85690550.51268347	2622383.4074582723
87285266.2384837	2600693.0147527587
88909659.89529167	2578598.960148243
90564283.79445294	2556093.7314281045
92249700.52592173	2533169.676572084
93966483.1495469	2509819.00115453
95715215.38991857	2486033.765694196
97496491.83484097	2461805.8829547437
99310918.137498	2437127.1151949945
101159111.22238298	2416461.724179935
103041699.49505854	2398120.1847552303
104959323.05582266	2379437.306160905
106912633.91734771	2360406.736016935
108902296.22637327	2341022.003724422
110928986.48952228	2321276.51826552
112993393.80332193	2301163.5659624166
115096220.0885031	2280676.308194608
117238180.32865997	2259807.7790737124
119420002.8133535	2238550.883074971
121642429.3857368	2216898.39262471
123906215.6947913	2194842.945642869
126212131.45225461	2173263.347156857
128560960.69432965	2156893.240209878
130953502.04826704	2140218.4827871444
133390569.00390588	2123233.4052914674
135872990.19027063	2105932.2326134834
138401609.65731302	2088309.0821680606
140977287.16289675	2070357.9618941639
143600898.46512634	2052072.7682174789
146273335.620113	2033447.2839751407
148995507.28528506	2014475.1763018153
151768339.02834037	1995149.9944764674
154592773.64194784	1975465.1677290546
157469771.46430898	1955414.0030063812
160400310.70568198	1938791.9894873558
163385387.78098568	1923926.987258268
166426017.64859018	1908785.3448083259
169523234.15541214	1893361.9138159484
172678090.38843593	1877651.4501484144
175891659.03277326	1861648.6120788017
179165032.73638958	1845347.9584697355
182499324.48161504	1828743.946923347
185895667.9635688	1811830.9318968079
189355217.9756299	1794603.1627827743
192879150.80207777	1777054.7819541253
196468664.61804405	1759179.8227722927
200124979.8969035	1741825.645513646
203849339.82524642	1728587.769665797
207643010.7255779	1715103.5346959166
211507282.48687947	1701368.3558188255
215443469.00318778	1687377.56292571
219452908.62033114	1673126.3989962328
223536964.59097964	1658610.0184811081
227697025.53816846	1643823.4856545478
231934505.92744273	1628761.7729360715
236250846.547794	1613419.7591810632
240647515.00154215	1597792.227939536
245126006.20333397	1581873.8656824864
249687842.8884332	1565659.2599952284
254334576.13046482	1552350.883625934
259067785.8688001	1540353.720193779
263889081.44575077	1528133.2875087594
268800102.15376073	1515685.4304920926
273802517.7927863	1503005.9167382685
278898029.23804396	1490090.435075993
284088369.0183295	1476934.5941023366
289375301.9050947	1463533.9206896124
294760625.51248586	1449883.8584644722
300246170.90855557	1435979.7662586828
305833803.23784316	1421816.9165310827
311525422.35554785	1407390.493760158
317322963.4734973	1393493.6161703565
323228397.81813806	1382828.2769967732
329243733.30077755	1371964.4540463982
335371015.2002929	1360898.453502375
341612326.8585518	1349626.5128052814
347969790.3887688	1338144.799373824
354445567.3970435	1326449.4093017252
361041859.71733445	1314536.3660303443
367760910.160103	1302401.6189966102
374605003.2748981	1290041.042255778
381576466.1271245	1277450.4330785708
388677669.0892668	1264625.5105222082
395911026.6468467	1251561.9139748346
403278998.21937054	1240945.1974943995
410784088.99656343	1231294.4291759648
418428850.79015756	1221464.0584169866
426215882.9015325	1211450.7427854869
434147833.0055101	1201251.0776462592
442227398.0505897	1190861.5950032591
450457325.17594445	1180278.76232044
458840412.64547515	1169498.9813206599
467379510.7992463	1158518.5867622287
476077523.0226378	1147333.8451926855
484937406.7335233	1135940.9536793856
493962174.38783056	1124336.0385164544
503154894.5038046	1113245.0109041764
512518692.70533323	1104677.416481209
522056752.7846986	1095950.3776682036
531772317.7850967	1087060.9271779316
541668691.1033136	1078006.0425014428
551749237.6129117	1068782.6448803802
562017384.8083187	1059387.5982601729
572476623.970219	1049817.7082237403
583130511.3526218	1040069.7209053581
593982669.3920338	1030140.3218843023
605036787.9391212	1020026.1350579158
616296625.5132942	1009723.7214937009
627766010.5806513	999229.5782600389
639448842.8556936	990784.5028297446
651349094.6272782	983041.453546962
663470812.1092337	975154.304799499
675818116.816111	967120.3748718
688395206.964551	958936.9321411256
701206358.9007177	950601.1941487731
714255928.5543104	942110.3266540079
727548352.9196217	933461.4426703909
741088151.5641569	924651.60148418
754879928.1653446	915677.8076544459
768928372.0758306	906537.0099945981
783238259.9179205	897226.1005349372
797814457.2076613	888398.0094705439
812661920.0091946	881531.5656544544
827785696.619849	874537.3361505811
843190929.286625	867412.9428455326
858882855.9546258	860155.9633688169
874866812.0479896	852763.9302692228
891148232.2840202	845234.3301758453
907732652.5210242	837564.6029435233
924625711.6405733	829752.1407823596
941833153.4647961	821794.2873710381
959360828.7093127	813688.3369536573
977214696.9725724	805431.5334197311
995400828.7621539	797021.0693670941
1013925407.5588143	790318.9185272898
1032794731.9189526	784119.4036837135
1052015217.6161569	777804.5148140151
1071593399.8226712	771372.1047879342
1091535935.3313932	764819.9865167548
1111849604.81927	758145.9322096682
1132541315.1528125	751347.6726162952
1153618101.736476	744422.8962551263
1175087130.9048076	737369.2486275823
1196955702.3590453	730184.3314174699
1219231251.6491096	722865.7016755216
1241921352.7017846	715410.870988766
1265033720.3959012	708399.0334477158
1288576213.185518	702906.233758388
1312556835.7718453	697311.212132209
1336983741.8249452	691612.0662015418
1361865236.7560828	685806.8581953595
1387209780.541618	679893.6142803929
1413025990.5995336	673870.323889994
1439322644.7194095	667734.9390405305
1466108684.0469828	661485.3736350475
1493393216.1242533	655119.5027539661
1521185517.9861019	648635.1619325982
1549495039.3146317	642030.1464251939
1578331405.6521199	635302.2104553141
1607704421.673822	629993.2188833541
1637624074.521689	625037.876911407
1668100537.2000556	619990.3151821824
1699144172.0346258	614848.8174703029
1730765534.1957276	609611.6356111488
1762975375.2872038	604276.9889064592
1795784647.0020967	598843.0635188719
1829204504.8462899	593308.0118552081
1863246311.9315598	587669.9519382601
1897921642.8391032	581926.9667669083
1933242287.5550432	576077.1036643157
1969220255.4791734	570118.373613993
2005867779.5082297	564558.7992402952
2043197320.1952705	560171.5084299681
2081221569.9863415	555702.5693911375
2119953457.536069	551150.4626363784
2159406152.1035676	546513.6404003438
2199593068.0300703	541790.5261135148
2240527869.3000183	536979.5138661409
2282224474.1869006	532078.967862221
2324697059.9856453	527087.2218633117
2367960067.833079	522002.57862198615
2412028207.618002	516823.3093047585
2456916462.98279	511547.65290425223
2502640096.4179215	506173.8156404483
2549214654.4514203	501974.8769303919
2596655972.934872	498019.4712086395
2644980182.4277143	493990.4547133703
2694203713.6818824	489886.45753556205
2744343303.2283683	485706.0842719551
2795415999.067865	481447.9135505969
2847439166.4672475	477110.4975475621
2900430493.8639855	472692.36149467336
2954407998.8803797	468192.00317806745
3009390034.449724	463607.8924274265
3065395295.056536	458938.4705957021
3122442823.0928583	454182.1500291605
3180552015.3329134	449780.3907371751
3239742629.5281954	446280.51753478596
3300034791.1252885	442715.51109657594
3361449000.108775	439084.1592819438
3424006137.9714255	435385.2273921459
3487727474.8141704	431617.4577504835
3552634676.5781393	427779.56927468034
3618749812.411284	423870.257041303
3686095362.1721687	419888.1918420696
3754694224.0733366	415832.0197319071
3824569722.4669914	411700.36156859255
3895745615.775501	407491.8125438315
3968246104.5694857	403204.9417056098
4042095839.796318	399888.2878692215
4117319931.1616793	396734.69800939964
4193943955.6671777	393522.4193056846
4271993966.306777	390250.3595487041
4351496500.925055	386917.4062028858
4432478591.24041	383522.4260281799
4514967772.036101	380064.2646947472
4598992090.5224285	376541.7463904727
4684580115.873045	372953.6734211772
4771760948.938751	369298.82580339094
4860564232.142149	365575.9608495435
4951020159.556351	361783.81274543836
5043159487.171348	358303.00724306604
5137013543.351338	355514.0559478988
5232614239.486667	352673.2017945719
5329994080.844104	349779.4788620631
5429186177.618942	346831.90325339674
5530224256.192888	343829.4727611057
5633142670.601352	340771.16652647074
5737976414.21414	337655.94469242025
5844761131.633649	334482.74804996443
5953533130.81437	331250.4976780549
6064329395.408049	327958.09457673744
6177187597.338489	324604.41929348157
6292146109.610351	321188.3315425564
6409244019.35647	318571.5683822119
6528521141.127848	316059.7918691336
6650018030.431105	313501.27076775325
6773775997.517745	310895.13515332784
6899837121.430025	308240.49891166855
7028244264.308367	305536.4594378497
7159041085.964888	302782.0973293153
7292272058.728297	299976.4760732698
7427982482.56491	297118.6417282554
7566218500.481063	294207.6225998027
7707027114.212319	291242.4289100422
7850456200.204509	288222.0524611706
7996554525.892329	285472.48401648895
8145371766.280737	283252.174766046
8296958520.834915	280990.54518265324
8451366330.684739	278686.8262878839
8608647696.149244	276340.2347924917
8768856094.587408	273949.9728300839
8932045998.58096	271515.2276858378
9098272894.455566	269035.1715201708
9267593301.146902	266508.96108726424
9440064789.417603	263935.73744835216
9615746001.432076	261314.62567967048
9794696670.695385	258644.7345749753
9976977642.36321	255925.15634252378
10162650893.929972	253862.74788799265
10351779556.301762	251864.00474834288
10544427935.261662	249828.06465876615
10740661533.334322	247754.23537769457
10940547072.057436	245641.81178082776
11144152514.667904	243490.07562138178
11351547089.20999	241298.2952858783
11562801312.07373	239065.7255453865
11777987011.97118	236791.60730213852
11997177354.358854	234475.16733142902
12220446866.314913	232115.6180187083
12447871461.879063	229712.15709178717
12679528467.864315	227542.37337507386
12915496650.148827	225776.34795505484
13155856240.457052	223977.45650146937
13400688963.639534	222145.08737184058
13650078065.460136	220278.6175409213
13904108340.900667	218377.4123888576
14162866162.991974	216440.82548541206
14426439512.181587	214468.19837017162
14694918006.248201	212458.8603286623
14968392930.772554	210412.12816430008
15246957270.1757	208327.30596609536
15530705739.334583	206203.6848720366
15819734815.786015	204040.54282807055
16114142772.530231	202416.6798341495
16414029711.444664	200827.5849273556
16719497597.31985	199208.91669395234
17030650292.528427	197560.12476929903
17347593592.339325	195880.648546376
17670435260.889503	194169.91698517156
17999285067.824764	192427.34841852236
18334254825.62285	190652.35035433926
18675458427.61074	188844.3192741548
19023011886.689457	187002.6404279208
19377033374.77993	185126.6876249857
19737643263.002552	183215.82302118393
20104964162.604927	181505.21961991265
20479120966.650833	180101.76184948432
20860240892.485046	178672.18549114175
21248453524.988873	177216.00447351928
21643890860.6402	175732.72367938142
22046687352.394028	174221.8387772755
22456979955.397717	172682.83605005496
22874908173.55704	171115.19222021027
23300614106.96929	169518.37427194836
23734242500.23866	167891.83926996138
24175940791.69123	166235.0341748229
24625859163.505444	164547.39565494817
25084150592.775414	162828.34989505672
25550970903.525124	161551.05734046543
26026478819.690044	160288.76119788317
26510836019.085308	159002.9735093002
27004207188.377697	157693.25709304796
27506760079.080673	156359.16663143327
28018665564.59201	155000.24851932432
28540097698.292374	153616.04070992136
29071233772.725693	152206.0725576542
29612254379.880314	150769.86465815853
30163343472.591972	149306.9286852739
30724688427.090096	147816.76722500654
31296480106.707504	146298.8736064041
31878912926.77636	144951.57625932997
32472184920.731255	143837.23113249335
33076497807.442425	142702.14785323374
33692057059.802742	141545.9404810059
34319071974.590427	140368.21589284565
34957755743.632645	139168.57364970286
35608325526.29274	137946.60586028855
36271002523.30648	136701.89704238818
36946012051.993095	135434.023981592
37633583622.865326	134142.5555873985
38333951017.6659	132827.05274663802
39047352368.85556	131487.06817417004
39774030240.58036	130122.14626080202
40514231711.14655	129118.4598763242
41268208457.02952	128116.63227469676
42036216838.44701	127096.16049093612
42818517986.52406	126056.69755364009
43615377892.080055	124997.89003421011
44427067496.06892	123919.37792668113
45253862781.70167	122820.794525316
46096044868.284195	121701.76629992094
46953900106.80053	120561.9127688417
47827720177.27485	119400.84636959621
48717802187.94641	118218.17232709832
49624448776.28914	117013.48851943074
50547968211.912254	115953.34647323121
51488674501.37487	115069.30835096067
52446887494.95119	114168.81812881031
53422932995.38363	113251.56963040197
54417142868.658875	112317.25098136312
55429855156.84652	111365.54450328577
56461414193.036606	110396.12660571265
57512170718.41614	109408.6676761134
58582482001.525475	108402.83196781231
59672711959.7331	107378.27748583101
60783231282.972115	106334.65587060594
61914417559.77835	105271.61227954287
63066655405.67406	104188.78526636686
64240336593.94204	103400.81895990996
65435860188.83229	102606.34039432734
66653632681.24893	101797.07644745396
67894068126.96099	100972.75196082795
69157588287.38525	100133.08665524209
70444622772.99051	99277.79503544523
71755609189.36922	98406.58629307116
73090993286.02888	97519.16420776017
74451229107.95128	96615.22704644113
75836779149.97191	95694.46746073966
77248114514.03416	94756.57238247548
78685715069.36842	93801.22291721664
80150069615.6538	92967.72211513437
81641676049.21454	92266.85764939607
83161041532.30962	91552.94997669404
84708682665.57419	90825.75636072744
86285125663.66887	90085.02954783145
87890906534.19963	89330.51768290826
89526571259.96382	88561.96422379429
91192675984.59299	87779.1078540321
92889787201.64516	86981.68239402091
94618481947.21991	86169.4167105124
96379347996.15794	85342.03462442178
98172984061.88821	84499.25481692515
100000000000.0	83640.7907338068
