# Frequency (Hz)	Imaginary Part (Ohm/m)
1000.0	101366308.27532917
1018.6101701559753	101245787.13643913
1037.566678745186	101123023.07864694
1056.875971184804	100997974.36085023
1076.5446128423157	100870598.46513753
1096.5792912678098	100740852.08233185
1116.9868184678226	100608691.09726503
1137.7741332214914	100474070.57377811
1158.9483034398106	100336944.73944265
1180.5165285688054	100197266.96999742
1202.4861420374123	100054989.77349578
1224.8646137509306	99910064.77415794
1247.6595526308697	99762442.69592258
1270.8787092020582	99623930.1908912
1294.529978227916	99494222.8627995
1318.6214013947485	99362101.65926154
1343.1611700460153	99227521.65764451
1368.1576279674719	99090437.09929779
1393.619274224142	98950801.37399451
1419.5547660501015	98808567.00408347
1445.9729217920194	98663685.62834634
1472.882723907502	98516107.98555432
1500.2933220192183	98365783.89771873
1528.2140360258693	98212662.25302999
1556.654359271062	98056690.98847902
1585.6239617711371	97898459.69924259
1615.132693503091	97762578.54148391
1645.1905877536624	97624168.61225836
1675.807864530767	97483182.85069865
1706.9949340384078	97339573.32012671
1738.7624002162504	97193291.19175483
1771.1210643450886	97044286.72808315
1804.0819287193826	96892509.26598859
1837.6562003881704	96737907.1994986
1871.8552949655793	96580427.96224472
1906.690840512252	96420018.00958952
1942.1746814890264	96256622.8004207
1978.3188827841643	96090186.77860658
2015.1357338155585	95935934.55477715
2052.6377527092523	95792082.37761189
2090.8376905557498	95645553.08695228
2129.748535745521	95496296.86126067
2169.3835183851843	95344262.95181213
2209.756114795903	95189399.66543922
2250.880052095462	95031654.346956
2292.7693128656488	94870973.36125454
2335.438139906479	94707302.07506831
2378.9010410788933	94540584.83839652
2423.1727942376006	94370764.96558233
2468.2684522556924	94197784.7160392
2514.2033481427966	94023121.93937734
2560.9931002584594	93874676.06939632
2608.6536176225477	93723467.59651601
2657.2011053245064	93569445.10822637
2706.652070033241	93412556.23522183
2757.0233256095826	93252747.63359508
2808.3319988231724	93089964.96669966
2860.5955351757416	92924152.88667488
2913.831704832789	92755255.01562694
2968.0586086656026	92583213.92645982
3023.2946844057765	92407971.12334947
3079.5587129142264	92229467.02185462
3136.8698245668766	92047640.92865743
3195.2475057592133	91881045.5297136
3254.711605531848	91725961.78482956
3315.282342319423	91567991.90506482
3376.9803108250912	91407082.1789581
3439.8264890229243	91243177.89546885
3503.8422452906757	91076223.32537451
3569.0493456752292	90906161.70232244
3635.4699612933177	90732935.20352836
3703.126675869927	90556484.93011618
3772.0424934169973	90376750.88709174
3842.240846055061	90193671.96294378
3913.745601980384	90007185.9088655
3986.581073580439	89819844.40427452
4060.7720257003657	89661568.329709
4136.343684063274	89500346.71046415
4213.321743847289	89336124.7294524
4291.732378422157	89168846.54943062
4371.602248248501	88998455.29401526
4452.958509942655	88824893.02834356
4535.828825510186	88648100.73937503
4620.241371751313	88468018.3158265
4706.224849841281	88284584.52773367
4793.808495089106	88097737.00563209
4883.02208687788	87907412.21935093
4973.895958790063	87713545.45641221
5066.461008921268	87537606.39115952
5160.7487103859075	87373653.81999813
5256.791122018419	87206650.06358993
5354.620899273607	87036538.33885832
5454.271305329836	86863260.80598386
5555.7762223988775	86686758.54873843
5659.170163246242	86506971.55445276
5764.488282925873	86323838.6936116
5871.766390733255	86137297.69906905
5981.040962380945	85947285.14487694
6092.349152400711	85753736.42471963
6205.7288067765	85556585.72994666
6321.218475812449	85359545.88157505
6438.8574272404185	85193173.23846631
6558.685659571435	85023704.37216
6680.743915695614	84851081.6614156
6805.073696735206	84675246.4126515
6931.717276155407	84496138.8399884
7060.717714137772	84313698.04492186
7192.118872221193	84127861.99561572
7325.96542821523	83938567.50581092
7462.302891391108	83745750.21334124
7601.17761795533	83549344.55824968
7742.636826811269	83349283.7604973
7886.728615614156	83145499.79725716
8033.501977124735	82961816.75942813
8183.00681586739	82789971.53067921
8335.293965098195	82614928.23298274
8490.415204088747	82436627.34973152
8648.423275731726	82255008.25670399
8809.37190447399	82070009.20145166
8973.31581458352	81881567.28230242
9140.310748756232	81689618.42697327
9310.413487069076	81494097.37078522
9483.681866285926	81294937.63447241
9660.174799522645	81092071.50157858
9839.952296278227	80885429.99543276
10023.075482838643	80679897.94942045
10209.606623060476	80505548.21025053
10399.609139541202	80327953.79276805
10593.1476351837	80147054.31295744
10790.287915161836	79962788.26304647
10991.097009294961	79775092.99059266
11195.643194838794	79583904.67718098
11403.99601970033	79389158.31672493
11616.22632608502	79190787.69336349
11832.40627458378	78988725.35894737
12052.609368708414	78782902.61010565
12276.910479883603	78573249.464886
12505.385872903913	78359694.63896012
12738.113231864783	78167985.22467297
12975.171686575868	77987525.78050923
13216.641839466038	77803707.95538335
13462.60579298911	77616469.24925418
13713.147177539455	77425745.9989442
13968.351179887397	77231473.35649319
14228.30457214352	77033585.26710954
14493.09574126215	76832014.44671062
14762.81471909391	76626692.35904558
15037.553212997384	76417549.19239232
15317.404637020798	76204513.8358207
15602.46414366368	75987513.85501404
15892.828656229764	75772618.75104976
16188.596901781993	75588859.11199449
16489.86944471065	75401679.67478861
16796.74872092653	75211016.79640666
17109.339072690134	75016805.64941558
17427.746784089173	74818980.19993278
17752.08011717636	74617473.18517396
18082.44934877952	74412216.09058282
18418.96680799711	74203139.12653564
18761.746914391195	73990171.20461184
19110.90621689136	73773239.9134233
19466.56343342263	73552271.49399354
19828.83949127071	73327190.81467912
20197.857568198782	73125656.70026693
20573.743134329114	72934632.1276019
20956.623994804308	72740052.55513562
21346.630333242454	72541851.82371686
21743.8947560008	72339962.54296136
22148.55233726359	72134316.06833835
22560.74066496859	71924842.47783062
22980.599887588487	71711470.54816034
23408.272761782944	71494127.73057237
23843.904700937208	71272740.12616697
24287.643824604504	71047232.46077311
24739.64100886812	70817528.05935481
25200.049937640895	70590998.84563729
25669.027154919517	70395701.05532782
26146.732118010917	70196768.73990965
26633.327251749808	69994134.26025201
27128.978003724646	69787728.71844848
27633.852900531667	69577481.93439086
28148.123605075813	69363322.42190713
28671.964974937695	69145177.36445561
29205.55512182745	68922972.59036621
29749.075472144435	68696632.54762152
30302.71082866393	68466080.27816829
30866.649433372742	68231237.39175063
31441.08303147265	67992024.03925686
32026.206936576502	67778571.7320732
32622.220097116733	67575007.27806728
33229.325163989684	67367654.45493461
33847.72855945983	67156442.76048109
34477.640547344636	66941300.38045488
35119.275304507275	66722154.164128624
35772.850993678774	66498929.59942747
36438.58983763541	66271550.78759429
37116.71819475767	66039940.41738297
37807.466635993485	65804019.73877216
38511.070023255685	65563708.536189094
39227.76758927723	65318925.10123554
39957.803018952654	65078635.74608511
40701.42453219439	64870408.328603946
41458.88496832911	64658305.76345235
42230.441872066716	64442255.93347277
43016.35758106799	64222185.37939507
43816.89931514194	63998019.27485969
44632.33926710397	63769681.4009757
45462.95469532399	63537094.120405674
46309.02801799736	63300178.350968145
47170.84690917023	63058853.5387487
48048.704396551344	62813037.63071102
48942.89896114532	62562647.04679772
49853.73463873894	62307596.65151235
50781.5211232767	62081516.499481805
51726.57387216024	61864959.90390084
52689.21421350677	61644373.15322773
53669.76945540476	61419681.24559044
54668.57299720181	61190807.783319354
55685.96444286408	60957674.9469712
56722.28971644549	60720203.46886966
57777.90117970507	60478312.60615347
58853.1577519145	60231920.113322966
59948.42503189408	59980942.214275725
61064.07542232036	59725293.57382182
62200.48825634718	59464887.26866891
63358.04992658254	59210723.96651373
64537.15401646702	58990380.87657594
65738.20143409586	58765937.16424173
66961.60054853215	58537316.51623054
68207.76732865692	58304441.19905866
69477.1254846024	58067232.03260912
70770.10661181889	57825608.363209374
72087.15033782135	57579488.03620841
73428.70447166759	57328787.36804311
74795.22515621828	57073421.117785
76187.17702322999	56813302.45815754
77605.0333513357	56548342.94601366
79049.2762269642	56278452.49226434
80520.39670825469	56041857.84499927
82018.8949920221	55814625.15793775
83545.28058382872	55583163.631905034
85100.07247122246	55347394.56748829
86683.79930019773	55107237.80066523
88296.99955494082	54862611.67554749
89940.22174092053	54613433.01661667
91614.0245713852	54359617.100443944
93318.9771573324	54101077.626882955
95055.65920101192	53837726.68972696
96824.66119303115	53569474.746819735
98626.5846131283	53296230.58961034
100462.04213468132	53031472.330022834
102331.65783302448	52802877.31095445
104236.06739764012	52570028.09968438
106175.9183482999	52332845.524971895
108151.87025522892	52091248.94218595
110164.59496336569	51845156.20588528
112214.77682079801	51594483.64188792
114303.11291144785	51339146.01882111
116430.31329208757	51079056.519141845
118597.10123376705	50814126.709617704
120804.21346773289	50544266.51125896
123052.40043592616	50269384.168690436
125342.42654613995	49989386.21895386
127675.07043192645	49747712.97966865
130051.12521734099	49515227.8941334
132471.39878661174	49278416.22159766
134936.71405883064	49037197.44354108
137447.90926775365	48791489.54298008
140005.8382468096	48541208.976580955
142611.37071941295	48286270.64625439
145265.39259467812	48026587.87022119
147968.80626863963	47762072.35353943
150722.53093107554	47492634.15808333
153527.5028780421	47218181.6719633
156384.67583022476	46938621.57837678
159295.0212572123	46670137.37003457
162259.5287078087	46439970.54759278
165279.2061464897	46205520.281421065
168355.08029612005	45966706.85590283
171488.19698705408	45723449.07190011
174679.62151272455	45475664.219145365
177930.43899185772	45223268.04811877
181241.75473742394	44966174.74140264
184614.69463245454	44704296.88450261
188050.40551285836	44437545.43612554
191550.0555573528	44165829.69790484
195114.83468466165	43889057.2835618
198745.9549580986	43607134.087493315
202444.65099768018	43368381.85032033
206212.18039991445	43138372.35247593
210049.8241653915	42904082.33873915
213958.88713434213	42665432.14798091
217940.6984302958	42422340.636564866
221996.61191199525	42174725.15075795
226128.00663372793	41922501.49862687
230336.2873142131	41665583.92141229
234622.88481422624	41403885.06436967
238989.25662310526	41137315.94706786
243436.8873543108	40865785.93313477
247967.289250216	40589202.69943989
252582.00269627848	40326280.06520497
257282.59674479323	40102756.11928148
262070.66964838552	39875072.35469036
266947.8494034318	39643151.35649852
271915.7943036019	39406914.26906753
276976.1935036891	39166280.76924232
282130.76759394706	38921169.03904012
287381.2691851069	38671495.73783164
292729.4835042813	38417175.974004276
298177.22900196735	38158123.276098035
303726.3579703311	37894249.56340441
309378.75717301364	37625465.11601787
315136.34848664823	37351678.54433016
321001.08955431683	37124672.93234985
326974.97445117676	36905524.90658005
333060.03436245886	36682298.498761356
339258.33827409917	36454917.80950985
345571.9936762143	36223305.52694115
352003.1472796675	35987382.900383726
358553.9857459817	35747069.713602334
365226.7364308175	35502284.25752427
372023.6681413066	35252943.30245685
378947.09190746717	34998962.06978876
385999.36176797637	34740254.203164354
393182.87557057705	34476731.739121325
400500.07578736113	34229007.89942769
407953.45034524484	34020070.53066735
415545.53347188793	33807244.80192241
423278.90655735444	33590458.35015201
431156.19903182285	33369637.465626597
439180.0892596086	33144707.066866204
447353.3054498463	32915590.675111633
455678.6265841068	32682210.388320953
464158.8833612772	32444486.854682103
472796.9591600391	32202339.245632097
481595.79101923504	31955685.228374835
490558.37063650455	31704440.93788676
499687.7453854889	31448520.94840196
508987.0193519675	31240936.969276592
518459.3543892913	31039887.88422052
528107.971193433	30835097.241481878
537936.1503980698	30626495.41003551
547947.2336900292	30414011.463011064
558144.6249454955	30197573.153577127
568531.7913873753	29977106.890376292
579112.2647641759	29752537.71250367
589889.6425508494	29523789.264019057
600867.5891719692	29290783.767985202
612049.837247669	29053442.000022933
623440.1888627863	28811683.26137371
635042.5168595961	28587053.46341998
646860.7661546321	28398781.955011323
658898.9550799957	28207006.681795638
671161.1767496272	28011662.438113745
683651.6004510238	27812682.804817908
696374.4730628222	27610000.12668887
709334.1204987989	27403545.489432186
722534.9491787221	27193248.69624664
735981.4475265755	26979038.243956704
749678.1874966878	26760841.298700415
763629.8261282243	26538583.671165414
777841.1071286482	26312189.79136353
792316.8624866261	26081582.68293623
807062.0141149492	25898518.6074702
822081.575524054	25720387.63036756
837380.6535266489	25538941.605471008
852964.4499741016	25354118.839176998
868838.2635251193	25165856.489753548
885007.4914473438	24974090.545973375
901477.6314524917	24778755.805349346
918254.2835656281	24579785.851964917
935343.1520292377	24377113.033892076
952750.0472427299	24170668.4401889
970480.8877380306	23960381.877469137
988541.7021919573	23746181.846035648
1006938.6314760271	23549477.472981937
1025677.9307444209	23385247.405060913
1044765.9715608053	23217960.98763114
1064209.2440647245	23047561.341508236
1084014.359178331	22873990.528976455
1104188.0508541602	22697189.534089357
1124737.1783647507	22517098.24260366
1145668.7286348727	22333655.421539787
1166989.8186171474	22146798.69836204
1188707.6977119034	21956464.53977117
1210829.7502320393	21762588.230102427
1233363.4979137746	21565103.849321537
1256316.6024741214	21363944.25061114
1279696.8682159416	21207458.969159346
1303512.2446815087	21054255.72803092
1327770.829355429	20898201.348516632
1352480.8704178738	20739242.770446002
1377650.769549055	20577325.946189698
1403289.084785873	20412395.822282903
1429404.533431761	20244396.320706338
1456005.9950206485	20073270.31981933
1483102.514336103	19898959.634937704
1510703.3044866556	19721404.9985504
1538817.7500383465	19540546.04016796
1567455.410205595	19356321.2657958
1596626.022101425	19189069.59957
1626339.5040481905	19049591.216618683
1656605.9589499151	18907517.117227543
1687435.6777273756	18762798.99467199
1718839.1428171454	18615387.643231027
1750827.0317357269	18465232.941456817
1783410.220710006	18312283.835132897
1816599.7883753285	18156488.31991504
1850407.019542302	17997793.423649468
1884843.4090337954	17836145.188361518
1919920.6655932867	17671488.651909415
1955650.715865947	17503767.82929668
1992045.7084538713	17332925.693636388
2029118.0180466783	17202456.519821387
2066880.2496290822	17073774.17134429
2105345.242766708	16942697.022465944
2144526.0759716653	16809180.505543448
2184436.0711494284	16673179.22352236
2225088.7981283693	16534646.934501443
2266498.079273693	16393536.536009746
2308677.994187172	16249800.048991328
2351642.884494346	16103388.60149191
2395407.358720879	15954252.412041709
2439986.29725955	15802340.772729445
2485394.857429798	15647602.031960908
2531648.478631358	15508654.138787514
2578762.8875937983	15392614.588961149
2626754.1037238385	15274415.52336767
2675638.4445520453	15154016.753051229
2725432.531281028	15031377.341132637
2776153.2944368036	14906455.58889039
2827817.979625338	14779209.021582762
2880444.1533962977	14649594.37400575
2934049.709215787	14517567.575782638
2988652.873550383	14383083.736379437
3044272.2120643063	14246097.1298417
3100926.6359319235	14106561.179247243
3158635.408267819	13964428.440869313
3217418.1506763715	13857668.799591169
3277294.849923382	13751480.334287135
3338285.8647317644	13643315.683575172
3400411.9327037027	13533138.070308626
3463694.1773717343	13420910.032911787
3528154.1153808828	13306593.412642732
3593813.6638046256	13190149.340618815
3660695.147596906	13071538.224600865
3728821.30718283	12950719.735531457
3798215.306190736	12827652.79382245
3868900.7393279755	12702295.55538768
3940901.6404034477	12574605.397415355
4014242.490499326	12461139.465851815
4088948.226294856	12366039.44971138
4165044.248545185	12269169.606088718
4242556.430717777	12170496.998193271
4321511.127789762	12069988.076275151
4401935.1852088785	11967608.666217929
4483855.948021181	11863323.957919097
4567301.270168747	11757098.493454134
4652299.523960189	11648896.155020595
4738879.609717651	11538680.152657535
4827070.965603188	11426413.01173657
4916903.577628021	11312056.560220165
5008407.989848212	11195571.915682584
5101615.314749833	11109370.795981184
5196557.243827657	11022841.491306897
5293266.058360566	10934701.861549139
5391774.640387494	10844921.938284121
5492116.483887789	10753471.195370536
5594325.706169377	10660318.538570445
5698437.0594691355	10565432.294976823
5804485.942768984	10468780.202244451
5912508.413831869	10370329.397620423
6022541.201461928	10270046.406770322
6134621.717992506	10167897.132396769
6248788.072006888	10063846.842645809
6365079.081295578	9972307.28355826
6483534.286054714	9895179.938131085
6604193.962330305	9816617.239681812
6727099.135712336	9736592.476046495
6852291.595284057	9655078.437943235
6979813.907830667	9572047.409720765
7109709.432312423	9487471.159934869
7242022.334607315	9401320.931749279
7376797.60252773	9313567.433158189
7514081.061116962	9224180.827026544
7653919.388230155	9133130.720945103
7796360.130405221	9040386.156896796
7941451.71902934	8945915.600730484
8089243.486805938	8876947.029164754
8239785.684528512	8807043.19704928
8393129.498166373	8735838.442723583
8549327.066268368	8663308.555803984
8708431.497690724	8589428.8753474
8870496.889654402	8514174.281466458
9035578.34613892	8437519.186788376
9203731.99661823	8359437.527755001
9375015.01514529	8279902.755760962
9549485.639791967	8198887.828126797
9727203.192450536	8116365.19890419
9908228.099003786	8032306.80951003
10092621.909870483	7959064.29834508
10280447.320933098	7896953.618697901
10471768.194855202	7833687.048733985
10666649.582795387	7769243.077137856
10865157.746525371	7703599.792264796
11067360.180959744	7636734.874690643
11273325.63710487	7568625.589622979
11483124.14543511	7499248.779171002
11696827.039703846	7428580.854471635
11914506.981197748	7356597.787669043
12136237.983442418	7283275.103744897
12362095.437367693	7208587.87219664
12592156.13694151	7132787.728526244
12826498.3052806	7077665.171795651
13065201.621247198	7021516.77490487
13308347.24654076	6964323.4467939595
13556017.853293689	6906065.741115125
13808297.652180923	6846723.849620711
14065272.421052363	6786277.595428208
14327029.534098294	6724706.426159893
14593657.991557576	6661989.406954782
14865248.449978571	6598105.213350598
15141893.25304352	6533032.12403316
15423686.462966273	6466748.013450951
15710723.892474487	6399230.344292169
16003103.137387017	6340948.992719598
16300923.609797413	6291164.451487211
16604286.571875297	6240453.411471348
16913295.17029647	6188798.630372008
17228054.471313924	6136182.545007036
17548671.49648152	6082587.265340478
17875255.259042352	6027994.568399773
18207916.800994623	5972385.892079728
18546769.230846975	5915742.328831217
18891927.762076646	5858044.61923241
19243509.75230332	5799273.145440356
19601634.743191857	5739407.924520719
19966424.501097932	5679097.370776361
20338003.0584698	5634988.649911571
20716496.75602067	5590059.0582461255
21102034.285685964	5544293.319234744
21494746.734379806	5497675.8720330475
21894767.628566206	5450190.866206694
22302232.979659364	5401822.156342054
22717281.330269028	5352553.296556607
23140053.80130654	5302367.534907159
23570694.139967278	5251247.8076940095
24009348.76860652	5199176.733659099
24456166.83452444	5146136.608076192
24911300.26067791	5092109.396731089
25374903.797335718	5045900.162217191
25847135.07469564	5006116.992040581
26328154.656480197	4965593.450297642
26818126.094530128	4924315.75854754
27317215.98441379	4882269.8819303205
27825594.022071257	4839441.524394899
28343433.061513092	4795816.123838246
28870909.173592344	4751378.8471541125
29408201.705870606	4706114.585189615
29955493.34359816	4660007.947607972
30512970.171828706	4613043.257655617
31080821.738690637	4565204.546831927
31659241.119835205	4517368.417606191
32248424.98408439	4482159.287692172
32848573.66030047	4446294.909879405
33459891.20549975	4409763.089893009
34082585.47423452	4372551.4065205585
34716868.189265594	4334647.207388757
35362955.013550386	4296037.604661487
36021065.62357073	4256709.470657802
36691423.78402494	4216649.433388397
37374257.42391064	4175843.8720089532
38069798.71402284	4134278.9121889276
38778284.14589453	4091940.421394125
39499954.61220647	4048814.0040814797
40235055.48869293	4012262.3516225233
40983836.717572615	3980533.7889707503
41746552.89253134	3948214.752369223
42523463.34528677	3915294.2529972647
43314832.23376403	3881761.09753037
44120928.631911896	3847603.8843343733
44942026.62119142	3812810.999588747
45778405.38376616	3777370.6133377855
46630349.29742726	3741270.6754682995
47498148.03228505	3704498.91161244
48382096.649259575	3667042.8189742914
49282495.700405136	3628889.662078768
50199651.33110079	3591024.8715991112
51133875.38414321	3562963.8948746077
52085485.50577665	3534380.6985985134
53054805.25369574	3505265.564176124
54042164.20705915	3475608.5921480195
55047898.078549676	3445399.69882416
56072348.82852027	3414628.6128553217
57115864.78126434	3383284.871740714
58178800.74344935	3351357.818270643
59261518.124755524	3318836.596902915
60364385.060758635	3285710.1500718524
61487776.53810017	3251967.2144286013
62632074.521986924	3217596.3170114644
63797668.08606282	3188727.9228212703
64984953.54469889	3163454.964653928
66194334.587743886	3137711.6724347468
67426222.41778335	3111489.293166991
68681035.88995308	3084778.9109591646
69959201.65435374	3057571.443993524
71261154.30111745	3029857.6414381373
72587336.50817245	3001628.080301527
73938199.19175874	2972873.1622287333
75314201.65974376	2943583.1102377856
76715811.76779301	2913747.9653954105
78143506.07844542	2883357.5834308895
79597770.02314977	2853424.9785083057
81079098.06731695	2831083.2605722467
82587993.87844272	2808325.759463824
84124970.49736118	2785144.737387448
85690550.51268347	2761532.3125458416
87285266.2384837	2737480.456460138
88909659.89529167	2712980.991240109
90564283.79445294	2688025.586803608
92249700.52592173	2662605.758044232
93966483.1495469	2636712.861946309
95715215.38991857	2610338.0946461717
97496491.83484097	2583472.488438753
99310918.137498	2556106.908728473
101159111.22238298	2533329.247129444
103041699.49505854	2513214.322886939
104959323.05582266	2492725.056481603
106912633.91734771	2471854.481342091
108902296.22637327	2450595.5012479797
110928986.48952228	2428940.8879169803
112993393.80332193	2406883.2785472283
115096220.0885031	2384415.1733138673
117238180.32865997	2361528.93281903
119420002.8133535	2338216.775494354
121642429.3857368	2314470.774955167
123906215.6947913	2290282.857305423
126212131.45225461	2266640.7175291544
128560960.69432965	2248863.645390676
130953502.04826704	2230755.738914826
133390569.00390588	2212310.8412182955
135872990.19027063	2193522.6808371237
138401609.65731302	2174384.869594335
140977287.16289675	2154890.9004279063
143600898.46512634	2135034.1451782747
146273335.620113	2114807.852334706
148995507.28528506	2094205.144739695
151768339.02834037	2073219.017250661
154592773.64194784	2051842.3343581418
157469771.46430898	2030067.8277596224
160400310.70568198	2012107.309406078
163385387.78098568	1996105.4600703365
166426017.64859018	1979805.8135956426
169523234.15541214	1963202.827926573
172678090.38843593	1946290.8578691047
175891659.03277326	1929064.153171197
179165032.73638958	1911516.8565676352
182499324.48161504	1893643.0017884995
185895667.9635688	1875436.5115305814
189355217.9756299	1856891.19539102
192879150.80207777	1838000.7477625092
196468664.61804405	1818758.7456893097
200124979.8969035	1800095.1220171594
203849339.82524642	1785955.3601762883
207643010.7255779	1771552.4549615935
211507282.48687947	1756881.5092301168
215443469.00318778	1741937.5347022281
219452908.62033114	1726715.450265565
223536964.59097964	1711210.0802474068
227697025.53816846	1695416.1526548795
231934505.92744273	1679328.2973824283
236250846.547794	1662941.0443859117
240647515.00154215	1646248.821822737
245126006.20333397	1629245.95415738
249687842.8884332	1611926.6602316312
254334576.13046482	1597770.2666854972
259067785.8688001	1585044.0208391447
263889081.44575077	1572080.9373921424
268800102.15376073	1558876.6087564442
273802517.7927863	1545426.5453180415
278898029.23804396	1531726.173910443
284088369.0183295	1517770.8362597504
289375301.9050947	1503555.7874007907
294760625.51248586	1489076.1940637894
300246170.90855557	1474327.133030998
305833803.23784316	1459303.5894627494
311525422.35554785	1444000.4551923492
317322963.4734973	1429271.8615188503
323228397.81813806	1418027.472766834
329243733.30077755	1406573.8240268426
335371015.2002929	1394907.0209348958
341612326.8585518	1383023.096652232
347969790.3887688	1370918.010516544
354445567.3970435	1358587.6466681184
361041859.71733445	1346027.8126503886
367760910.160103	1333234.2379844608
374605003.2748981	1320202.5727170962
381576466.1271245	1306928.3859416877
388677669.0892668	1293407.164291707
395911026.6468467	1279634.3104061033
403278998.21937054	1268479.057933185
410784088.99656343	1258359.2842000094
418428850.79015756	1248051.1797557166
426215882.9015325	1237551.239733731
434147833.0055101	1226855.8940413077
442227398.0505897	1215961.506145674
450457325.17594445	1204864.3718375573
458840412.64547515	1193560.7179717203
467379510.7992463	1182046.7011840562
476077523.0226378	1170318.4065847946
484937406.7335233	1158371.8464274043
493962174.38783056	1146202.9587527062
503154894.5038046	1134581.9226361073
512518692.70533323	1125640.7457787562
522056752.7846986	1116533.1720986948
531772317.7850967	1107256.1049227417
541668691.1033136	1097806.3899480954
551749237.6129117	1088180.8141698434
562017384.8083187	1078376.1047885092
572476623.970219	1068388.9280972583
583130511.3526218	1058215.8883484076
593982669.3920338	1047853.5265988274
605036787.9391212	1037298.3195338674
616296625.5132942	1026546.6782693968
627766010.5806513	1015594.9471315386
639448842.8556936	1006805.735400258
651349094.6272782	998758.8370688609
663470812.1092337	990562.184590287
675818116.816111	982212.9910143774
688395206.964551	973708.4175253551
701206358.9007177	965045.5724765998
714255928.5543104	956221.5104074524
727548352.9196217	947233.2310417292
741088151.5641569	938077.6782676008
754879928.1653446	928751.7390984736
768928372.0758306	919252.2426145466
783238259.9179205	909575.9588846555
797814457.2076613	900407.5523638022
812661920.0091946	893297.6904255677
827785696.619849	886055.5127468776
843190929.286625	878678.5569092885
858882855.9546258	871164.3146683273
874866812.0479896	863510.2311006704
891148232.2840202	855713.7037354293
907732652.5210242	847772.0816692953
924625711.6405733	839682.6646651983
941833153.4647961	831442.7022341907
959360828.7093127	823049.3927002647
977214696.9725724	814499.8822477384
995400828.7621539	805791.2639509405
1013925407.5588143	798866.4779623623
1032794731.9189526	792467.4573861675
1052015217.6161569	785949.3499482194
1071593399.8226712	779309.9394217551
1091535935.3313932	772546.9683356574
1111849604.81927	765658.1372068893
1132541315.1528125	758641.1037586373
1153618101.736476	751493.482123925
1175087130.9048076	744212.8420343783
1196955702.3590453	736796.7079939208
1219231251.6491096	729242.5584370727
1241921352.7017846	721547.8248715863
1265033720.3959012	714314.3148793388
1288576213.185518	708660.0706768939
1312556835.7718453	702900.6000277384
1336983741.8249452	697033.9446497948
1361865236.7560828	691058.10981702
1387209780.541618	684971.0636811847
1413025990.5995336	678770.7365810127
1439322644.7194095	672455.0203384839
1466108684.0469828	666021.7675420261
1493393216.1242533	659468.7908163683
1521185517.9861019	652793.8620788197
1549495039.3146317	645994.7117816842
1578331405.6521199	639069.0281406034
1607704421.673822	633612.8380365152
1637624074.521689	628523.4478127625
1668100537.2000556	623339.3431709567
1699144172.0346258	618058.7614596594
1730765534.1957276	612679.9072241924
1762975375.2872038	607200.9515961604
1795784647.0020967	601620.0316716123
1829204504.8462899	595935.2498776428
1863246311.9315598	590144.6733271865
1897921642.8391032	584246.3331618253
1933242287.5550432	578238.22388235
1969220255.4791734	572118.3026668667
2005867779.5082297	566410.7247243235
2043197320.1952705	561913.164336547
2081221569.9863415	557331.9035846672
2119953457.536069	552665.3847906672
2159406152.1035676	547912.0212878735
2199593068.0300703	543070.196881481
2240527869.3000183	538138.2652990188
2282224474.1869006	533114.5496306096
2324697059.9856453	527997.341758797
2367960067.833079	522784.9017777653
2412028207.618002	517475.45740176016
2456916462.98279	512067.20336248254
2502640096.4179215	506558.30079528724
2549214654.4514203	502258.52889003843
2596655972.934872	498209.68488001154
2644980182.4277143	494085.4911940238
2694203713.6818824	489884.54556178284
2744343303.2283683	485605.41961650987
2795415999.067865	481246.65840927657
2847439166.4672475	476806.77991430834
2900430493.8639855	472284.27452507685
2954407998.8803797	467677.60454101954
3009390034.449724	462985.2036447062
3065395295.056536	458205.47636927274
3122442823.0928583	453336.79755594523
3180552015.3329134	448832.2593836575
3239742629.5281954	445253.607330576
3300034791.1252885	441608.3559538575
3361449000.108775	437895.2658287569
3424006137.9714255	434113.0744646246
3487727474.8141704	430260.49587564333
3552634676.5781393	426336.220143581
3618749812.411284	422338.9129724059
3686095362.1721687	418267.2152346097
3754694224.0733366	414119.74250909017
3824569722.4669914	409895.08461043163
3895745615.775501	405591.8051094272
3968246104.5694857	401208.4408446804
4042095839.796318	397818.969915839
4117319931.1616793	394596.6609936468
4193943955.6671777	391314.38435411727
4271993966.306777	387971.02398782625
4351496500.925055	384565.443116226
4432478591.24041	381096.48380512523
4514967772.036101	377562.9665709816
4598992090.5224285	373963.6899798614
4684580115.873045	370297.4302389412
4771760948.938751	366562.9407804065
4860564232.142149	362758.9518376028
4951020159.556351	358884.1700133029
5043159487.171348	355327.8093774723
5137013543.351338	352478.9672967746
5232614239.486667	349577.1077802075
5329994080.844104	346621.24416426837
5429186177.618942	343610.3714234794
5530224256.192888	340543.4658286665
5633142670.601352	337419.48459888104
5737976414.21414	334237.365546845
5844761131.633649	330996.0267177943
5953533130.81437	327694.36602160236
6064329395.408049	324331.26085805707
6177187597.338489	320905.56773516483
6292146109.610351	317416.12188035354
6409244019.35647	314742.9547309408
6528521141.127848	312176.9872720195
6650018030.431105	309563.2667220729
6773775997.517745	306900.9043879511
6899837121.430025	304188.99503777444
7028244264.308367	301426.61659314344
7159041085.964888	298612.8298156232
7292272058.728297	295746.6779873907
7427982482.56491	292827.18658594135
7566218500.481063	289853.362952742
7707027114.212319	286824.1959557149
7850456200.204509	283738.6556454432
7996554525.892329	280929.3358805979
8145371766.280737	278659.9225960004
8296958520.834915	276348.27514402225
8451366330.684739	273993.60753962223
8608647696.149244	271595.1191704441
8768856094.587408	269151.99452459847
8932045998.58096	266663.4029133807
9098272894.455566	264128.4981888296
9267593301.146902	261546.4184560253
9440064789.417603	258916.28578003793
9615746001.432076	256237.20588741748
9794696670.695385	253508.26786213342
9976977642.36321	250728.5438358537
10162650893.929972	248618.77782052275
10351779556.301762	246573.80096235062
10544427935.261662	244490.76673688277
10740661533.334322	242368.96689003785
10940547072.057436	240207.67998700624
11144152514.667904	238006.17116695328
11351547089.20999	235763.6918931598
11562801312.07373	233479.47969850968
11777987011.97118	231152.75792624435
11997177354.358854	228782.73546589154
12220446866.314913	226368.60648427802
12447871461.879063	223909.55015153877
12679528467.864315	221688.5396598896
12915496650.148827	219878.95390968805
13155856240.457052	218035.69146076342
13400688963.639534	216158.12558402232
13650078065.460136	214245.61788683626
13904108340.900667	212297.51809598107
14162866162.991974	210313.16383653673
14426439512.181587	208291.8804066744
14694918006.248201	206232.980548249
14968392930.772554	204135.76421312452
15246957270.1757	201999.51832514952
15530705739.334583	199823.5165377038
15819734815.786015	197607.01898673398
16114142772.530231	195940.13821662022
16414029711.444664	194308.49557578217
16719497597.31985	192646.48778776432
17030650292.528427	190953.54975201053
17347593592.339325	189229.1058513479
17670435260.889503	187472.5697562694
17999285067.824764	185683.34422557682
18334254825.62285	183860.82090331067
18675458427.61074	182004.38011190345
19023011886.689457	180113.39064148368
19377033374.77993	178187.20953525617
19737643263.002552	176225.18187089104
20104964162.604927	174467.20425029358
20479120966.650833	173022.30549818193
20860240892.485046	171550.51693443538
21248453524.988873	170051.33813508388
21643890860.6402	168524.25936318247
22046687352.394028	166968.76139549448
22456979955.397717	165384.3153459502
22874908173.55704	163770.3824858209
23300614106.96929	162126.4140605443
23734242500.23866	160451.8511031426
24175940791.69123	158746.12424416674
24625859163.505444	157008.6535181053
25084150592.775414	155238.848166191
25550970903.525124	153919.84898481093
26026478819.690044	152615.88816288975
26510836019.085308	151287.6604081959
27004207188.377697	149934.714108981
27506760079.080673	148556.58924892574
28018665564.59201	147152.81725072878
28540097698.292374	145722.92081678545
29071233772.725693	144266.413766901
29612254379.880314	142782.80087298452
30163343472.591972	141271.57769066666
30724688427.090096	139732.23038778218
31296480106.707504	138164.23556966224
31878912926.77636	136770.39725450857
32472184920.731255	135614.47476499635
33076497807.442425	134437.04036126717
33692057059.802742	133237.69370293707
34319071974.590427	132016.02699921976
34957755743.632645	130771.62487027234
35608325526.29274	129504.06420596252
36271002523.30648	128212.91402200684
36946012051.993095	126897.7353134308
37633583622.865326	125558.08090530298
38333951017.6659	124193.49530068968
39047352368.85556	122803.51452578184
39774030240.58036	121387.66597213941
40514231711.14655	120341.63108218226
41268208457.02952	119297.17286263345
42036216838.44701	118233.27709789801
42818517986.52406	117149.58205195241
43615377892.080055	116045.71925680457
44427067496.06892	114921.31338721016
45253862781.70167	113775.98213305848
46096044868.284195	112609.3360693821
46953900106.80053	111420.97852394865
47827720177.27485	110210.50544238852
48717802187.94641	108977.50525081133
49624448776.28914	107721.5587158668
50547968211.912254	106613.75971199879
51488674501.37487	105686.52601782569
52446887494.95119	104742.03634682967
53422932995.38363	103779.96956234582
54417142868.658875	102799.99855130156
55429855156.84652	101801.79011299383
56461414193.036606	100785.00484579784
57512170718.41614	99749.29703176723
58582482001.525475	98694.31451908567
59672711959.7331	97619.69860233173
60783231282.972115	96525.08390051468
61914417559.77835	95410.09823284137
63066655405.67406	94274.36249217116
64240336593.94204	93442.17534111415
65435860188.83229	92602.90328026238
66653632681.24893	91748.012223551
67894068126.96099	90877.21149880924
69157588287.38525	89990.20502440805
70444622772.99051	89086.69120858879
71755609189.36922	88166.36284691906
73090993286.02888	87228.90701783934
74451229107.95128	86274.00497626647
75836779149.97191	85301.33204521767
77248114514.03416	84310.55750541594
78685715069.36842	83301.34448284251
80150069615.6538	82417.85613582135
81641676049.21454	81671.24995055028
83161041532.30962	80910.7492971318
84708682665.57419	80136.09559714947
86285125663.66887	79347.02545999868
87890906534.19963	78543.27059333037
89526571259.96382	77724.55771182981
91192675984.59299	76890.6084442955
92889787201.64516	76041.13923899089
94618481947.21991	75175.8612672335
96379347996.15794	74294.4803251893
98172984061.88821	73396.69673384159
100000000000.0	72482.20523709548
