# Frequency (Hz)	Real Part (Ohm)
1000.0	6.166773278691039
1018.6101701559753	6.28153797791356
1037.566678745186	6.3984384677165185
1056.875971184804	6.517514495526019
1076.544612842316	6.638806548474558
1096.5792912678098	6.762355867167031
1116.9868184678226	6.888204459703026
1137.7741332214914	7.016395115960012
1158.9483034398106	7.146971422142341
1180.5165285688056	7.279977775601069
1202.4861420374123	7.415459399929482
1224.8646137509306	7.553462360339654
1247.6595526308697	7.6940335793250965
1270.8787092020582	7.837220852614882
1294.529978227916	7.983072865424769
1318.6214013947485	8.131639209010633
1343.1611700460153	8.282970397530079
1368.1576279674719	8.437117885217788
1393.6192742241421	8.594134083880471
1419.5547660501015	8.75407238071752
1445.9729217920196	8.916987156473157
1472.8827239075017	9.082933803926526
1500.2933220192183	9.251968746725826
1528.2140360258693	9.424149458572916
1556.654359271062	9.59953448276507
1585.6239617711371	9.77818345210024
1615.1326935030913	9.960157109152934
1645.1905877536624	10.145517326927276
1675.8078645307671	10.334327129894547
1706.994934038408	10.526650715422166
1738.7624002162504	10.72255347560145
1771.1210643450886	10.922102019481706
1804.0819287193829	11.12536419571794
1837.6562003881704	11.332409115640205
1871.8552949655793	11.543307176752165
1906.690840512252	11.758130086666972
1942.1746814890264	11.976950887488707
1978.3188827841643	12.199843980647392
2015.1357338155585	12.426885152196364
2052.6377527092523	12.65815159858026
2090.83769055575	12.893721952882727
2129.748535745521	13.13367631156248
2169.3835183851843	13.378096261686919
2209.756114795903	13.6270649086727
2250.880052095462	13.880666904542379
2292.7693128656488	14.138988476707086
2335.438139906479	14.402117457284747
2378.9010410788933	14.67014331296392
2423.1727942376006	14.943157175423494
2468.2684522556924	15.221251872318367
2514.2033481427966	15.504521958841929
2560.9931002584594	15.793063749875806
2608.6536176225477	16.086975352737916
2657.201105324507	16.386356700540126
2706.652070033241	16.69130958616644
2757.0233256095826	17.001937696883818
2808.3319988231724	17.318346649596894
2860.595535175742	17.640644026758814
2913.8317048327885	17.96893941295056
2968.058608665602	18.303344432140737
3023.2946844057765	18.64397278563906
3079.5587129142264	18.990940290755955
3136.8698245668766	19.344364920181647
3195.2475057592137	19.704366842098285
3254.711605531848	20.071068461038248
3315.282342319423	20.444594459503158
3376.9803108250912	20.8250718403572
3439.8264890229248	21.21262997000942
3503.8422452906757	21.607400622399812
3569.0493456752297	22.009518023803757
3635.4699612933177	22.419118898470508
3703.126675869927	22.836342515110864
3772.0424934169973	23.261330734249974
3842.240846055061	23.69422805646156
3913.745601980384	24.135181671499563
3986.581073580439	24.584341508344306
4060.7720257003652	25.04186028617998
4136.343684063274	25.50789356632071
4213.321743847289	25.982599805103227
4291.732378422157	26.466140407763564
4371.602248248502	26.958679783316736
4452.958509942656	27.460385400457504
4535.828825510186	27.971427844501427
4620.241371751313	28.491980875385973
4706.224849841282	29.02222148675046
4793.808495089107	29.562329966116046
4883.02208687788	30.11248995618534
4973.895958790063	30.672888517282804
5066.461008921268	31.243716190957485
5160.7487103859075	31.825167064768962
5256.791122018419	32.41743883827941
5354.620899273607	33.0207328902735
5454.271305329837	33.6352543472293
5555.7762223988775	34.2612121530635
5659.170163246243	34.89881914017474
5764.488282925873	35.548292101808755
5871.766390733255	36.209851865770524
5981.040962380944	36.88372336950796
6092.349152400711	37.57013573659319
6205.7288067765	38.26932235462703
6321.218475812449	38.98152095459327
6438.857427240419	39.70697369168977
6558.685659571435	40.445927227663745
6680.743915695614	41.19863281467951
6805.073696735207	41.96534638074701
6931.7172761554075	42.746328616739945
7060.717714137772	43.54184506503347
7192.118872221193	44.35216620979166
7325.9654282152305	45.17756756893475
7462.302891391108	46.018329787818445
7601.17761795533	46.87473873465633
7742.63682681127	47.74708559771794
7886.728615614156	48.635666984336204
8033.501977124734	49.540785021756804
8183.006815867389	50.46274745986505
8335.293965098195	51.40186777582396
8490.415204088747	52.35846528065974
8648.423275731726	53.33286522783135
8809.37190447399	54.32539892381975
8973.31581458352	55.336403840776036
9140.310748756232	56.36622373126545
9310.413487069076	57.415208745146835
9483.681866285928	58.48371554862767
9660.174799522645	59.57210744553404
9839.952296278227	60.68075450083823
10023.075482838643	61.81003366648455
10209.606623060476	62.960328909557276
10399.609139541202	64.13203134283306
10593.147635183701	65.32553935776428
10790.287915161836	66.5412587599359
10991.097009294961	67.77960290704384
11195.643194838794	69.04099284944127
11403.996019700331	70.32585747329959
11616.226326085018	71.6346336464353
11832.40627458378	72.96776636684918
12052.609368708414	74.32570891403046
12276.910479883603	75.70892300307695
12505.385872903913	77.1178789416826
12738.113231864785	78.55305579004798
12975.171686575868	80.01494152376536
13216.641839466038	81.5040331997358
13462.60579298911	83.02083712517407
13713.147177539457	84.56586902975782
13968.351179887397	86.13965424098228
14228.30457214352	87.7427278627766
14493.095741262152	89.37563495744507
14762.81471909391	91.0389307309944
15037.553212997384	92.73318072190901
15317.404637020798	94.4589609934413
15602.46414366368	96.21685832947864
15892.828656229764	98.00747043405637
16188.596901781992	99.83140613458384
16489.86944471065	101.68928558885149
16796.74872092653	103.58174049589232
17109.339072690134	105.50941431076572
17427.746784089173	107.4729624633391
17752.08011717636	109.47305258114157
18082.44934877952	111.51036471636343
18418.96680799711	113.58559157708255
18761.746914391195	115.69943876279191
19110.90621689136	117.85262500431108
19466.563433422634	120.04588240816267
19828.839491270715	122.27995670549552
20197.857568198782	124.55560750564283
20573.743134329117	126.8736085543965
20956.623994804308	129.23474799708916
21346.630333242454	131.6398286465726
21743.8947560008	134.08966825618148
22148.552337263594	136.5850997977801
22560.74066496859	139.12697174498035
22980.599887588487	141.71614836163278
23408.272761782944	144.35350999568527
23843.904700937204	147.03995337851
24287.643824604504	149.7763919298035
24739.641008868115	152.56375606815791
25200.049937640895	155.40299352741383
25669.02715491952	158.2950696789
26146.73211801092	161.24096785966907
26633.327251749808	164.2416897068444
27128.978003724646	167.29825549818642
27633.85290053167	170.41170449899823
28148.123605075813	173.58309531548747
28671.9649749377	176.81350625470236
29205.555121827452	180.1040356911697
29749.075472144435	183.45580244035332
30302.71082866393	186.86994613906165
30866.649433372746	190.34762763294069
31441.083031472648	193.89002937116877
32026.206936576502	197.498355808506
32622.220097116733	201.17383381482082
33229.325163989684	204.91771309223688
33847.72855945983	208.73126660004988
34477.64054734464	212.6157909875418
35119.275304507275	216.57260703485997
35772.850993678774	220.60306010209513
36438.58983763541	224.70852058671625
37116.71819475767	228.89038438952568
37807.46663599349	233.15007338927413
38511.07002325569	237.4890359261194
39227.76758927724	241.90874729407625
39957.803018952654	246.41071024263007
40701.42453219439	250.99645548769342
41458.88496832911	255.6675422320588
42230.44187206672	260.4255586955502
43016.357581068	265.2721226550326
43816.89931514195	270.2088819944722
44632.33926710398	275.23751526523796
45462.95469532399	280.3597322568246
46309.02801799737	285.5772745782005
47170.84690917022	290.89191624997386
48048.70439655134	296.30546430757636
48942.898961145314	301.81975941567833
49853.73463873893	307.4366764940324
50781.5211232767	313.1581253549666
51726.57387216025	318.9860513527422
52689.21421350677	324.92243604499214
53669.76945540476	330.9692978664762
54668.57299720181	337.12869281536774
55685.96444286409	343.40271515231603
56722.28971644549	349.79349811251797
57777.90117970507	356.3032146310385
58853.15775191451	362.9340780816359
59948.42503189409	369.68834302932987
61064.07542232036	376.568305996979
62200.48825634718	383.5763062461237
63358.04992658254	390.71472657235745
64537.15401646702	397.98599411550714
65738.20143409586	405.3925811848844
66961.60054853215	412.9370060998978
68207.76732865692	420.6218340463096
69477.1254846024	428.4496779484225
70770.10661181889	436.4231993575082
72087.15033782135	444.5451093567593
73428.70447166757	452.81816948308796
74795.2251562183	461.2451926660793
76187.17702322999	469.8290441844133
77605.0333513357	478.5726426400972
79049.2762269642	487.4789609508169
80520.3967082547	496.5510273607624
82018.89499202212	505.79192647026434
83545.28058382872	515.2048002845872
85100.07247122246	524.7928492822514
86683.79930019774	534.559333503226
88296.99955494083	544.5075736573784
89940.22174092053	554.6409522535533
91614.0245713852	564.9629147496569
93318.97715733238	575.4769707241566
95055.6592010119	586.186695069371
96824.66119303113	597.0957292069735
98626.5846131283	608.2077823261154
100462.04213468131	619.5266326445856
102331.6578330245	631.0561286934525
104236.06739764012	642.8001906256014
106175.9183482999	654.7628115486299
108151.87025522892	666.9480588825487
110164.59496336569	679.3600757427432
112214.77682079803	692.0030823486846
114303.11291144787	704.8813774588458
116430.31329208757	717.999339832326
118597.10123376705	731.3614297176777
120804.21346773289	744.9721903694336
123052.40043592616	758.8362495928712
125342.42654613995	772.9583213175097
127675.07043192645	787.3432071998983
130051.12521734099	801.9957982562341
132471.39878661174	816.9210765253525
134936.71405883064	832.1241167626846
137447.90926775365	847.6100881657214
140005.8382468096	863.3842561315996
142611.37071941298	879.4519840473932
145265.39259467812	895.818735113718
147968.80626863963	912.4900742022876
150722.53093107554	929.4716697480234
153527.5028780421	946.7692956763854
156384.6758302248	964.3888333665706
159295.0212572123	982.3362736512377
162259.5287078087	1000.6177188534665
165279.2061464897	1019.2393848616082
168355.08029612005	1038.2076032427449
171488.19698705408	1057.5288233955146
174679.62151272458	1077.2096147429463
177930.43899185772	1097.2566689661578
181241.75473742394	1117.6768022795914
184614.69463245457	1138.4769577485918
188050.40551285836	1159.6642076501453
191550.05555735278	1181.2457558775013
195114.83468466165	1203.228940389598
198745.9549580986	1225.6212357060376
202444.65099768018	1248.4302554484937
206212.18039991445	1271.663754929453
210049.82416539153	1295.3296337890695
213958.88713434216	1319.435938681154
217940.6984302958	1343.9908660091144
221996.61191199525	1369.0027647128109
226128.00663372796	1394.4801391073124
230336.28731421314	1420.4316517744203
234622.88481422624	1446.8661265080677
238989.25662310526	1473.7925513144955
243436.8873543108	1501.220081468257
247967.289250216	1529.1580426251442
252582.00269627848	1557.6159339929693
257282.5967447932	1586.6034315614295
262070.66964838552	1616.130391392038
266947.8494034318	1646.2068529692763
271915.7943036019	1676.843042614163
276976.1935036891	1708.0493769612688
282130.76759394706	1739.836466500518
287381.2691851069	1772.2151191848598
292729.4835042813	1805.1963441050716
298177.22900196735	1838.7913552330076
303726.35797033116	1873.011575234423
309378.7571730137	1907.8686393528396
315136.34848664823	1943.3743993656417
321001.08955431683	1979.5409276137912
326974.9744511768	2016.380521106598
333060.03436245886	2053.905705702778
339258.33827409917	2092.1292403694283
345571.9936762143	2131.0641215201917
352003.14727966755	2170.723587434165
358553.9857459817	2211.1211227571007
365226.7364308176	2252.2704630862745
372023.6681413066	2294.18559964078
378947.09190746717	2336.88078401868
385999.3617679763	2380.3705330426847
393182.87557057705	2424.6696336960767
400500.07578736113	2469.7931481503797
407953.4503452449	2515.7564188867123
415545.53347188793	2562.575073912379
423278.90655735444	2610.265032074537
431156.19903182285	2658.8425084728347
439180.0892596086	2708.324019972647
447353.3054498463	2758.7263908210452
455678.6265841069	2810.066758367203
464158.8833612772	2862.3625788892527
472796.9591600391	2915.631633529677
481595.7910192351	2969.8920343410014
490558.37063650455	3025.1622304441553
499687.7453854889	3081.4610143013506
508987.01935196744	3138.8075281056895
518459.3543892913	3197.221270289792
528107.971193433	3256.7221021553805
537936.1503980698	3317.330254626411
547947.2336900292	3379.0663351277726
558144.6249454955	3441.951334592014
568531.7913873753	3506.0066345965574
579112.2647641759	3571.2540146335705
589889.6425508494	3637.7156595153033
600867.5891719693	3705.4141669171395
612049.837247669	3774.372555061013
623440.1888627864	3844.6142705419425
635042.5168595962	3916.1631963000123
646860.7661546321	3989.0436597409157
658898.9550799957	4063.2804410075096
671161.1767496273	4138.89878140529
683651.6004510239	4215.924391984802
696374.4730628222	4294.383462283558
709334.1204987989	4374.302669230854
722534.9491787221	4455.709186218179
735981.4475265756	4538.630692338425
749678.1874966876	4623.095381797177
763629.8261282241	4709.131973498917
777841.1071286482	4796.76972081187
792316.8624866261	4886.03842151441
807062.014114949	4976.9684279266085
822081.5755240541	5069.590657230444
837380.653526649	5163.936601981837
852964.4499741016	5260.038340818581
868838.2635251193	5357.9285493673715
885007.4914473438	5457.6405113538485
901477.6314524917	5559.208129919481
918254.2835656282	5662.665939148957
935343.1520292377	5768.049115812157
952750.04724273	5875.3934913246485
970480.8877380306	5984.7355639307025
988541.7021919574	6096.112511113161
1006938.6314760271	6209.562202234142
1025677.9307444209	6325.123211411024
1044765.9715608052	6442.834830632098
1064209.2440647245	6562.737083116198
1084014.359178331	6684.8707369211115
1104188.0508541602	6809.277318805107
1124737.1783647507	6935.999128346484
1145668.7286348727	7065.079252325917
1166989.8186171474	7196.5615793763445
1188707.6977119034	7330.490814905686
1210829.7502320395	7466.912496297087
1233363.4979137748	7605.873008392147
1256316.6024741214	7747.419599262272
1279696.8682159416	7891.600396273473
1303512.244681509	8038.464422450277
1327770.8293554292	8188.061613144024
1352480.870417874	8340.442833011435
1377650.769549055	8495.659893309174
1403289.084785873	8653.765569510144
1429404.533431761	8814.81361924784
1456005.9950206485	8978.858800594442
1483102.5143361029	9145.956890679176
1510703.3044866556	9316.164704653142
1538817.7500383463	9489.54011500702
1567455.410205595	9666.142071248445
1596626.022101425	9846.030619945404
1626339.5040481905	10029.266925142721
1656605.9589499151	10215.913289158536
1687435.6777273756	10406.033173767659
1718839.1428171457	10599.691221779392
1750827.0317357269	10796.953279016718
1783410.2207100063	10997.886416704505
1816599.7883753285	11202.55895427468
1850407.019542302	11411.040482595268
1884843.4090337954	11623.401887632283
1919920.6655932867	11839.715374551619
1955650.715865947	12060.054492269508
1992045.7084538713	12284.494158460198
2029118.018046678	12513.110685028421
2066880.2496290822	12745.981804056544
2105345.242766708	12983.186694234222
2144526.0759716653	13224.806007779878
2184436.0711494284	13470.921897863647
2225088.7981283693	13721.618046539936
2266498.079273693	13976.979693200536
2308677.994187172	14237.093663556832
2351642.884494346	14502.048399161344
2395407.3587208795	14771.93398747915
2439986.29725955	15046.842192518163
2485394.8574297987	15326.866486030227
2531648.478631358	15612.102079292388
2578762.8875937983	15902.645955479635
2626754.1037238385	16198.59690264057
2675638.4445520453	16500.055547285956
2725432.531281028	16807.124388603184
2776153.294436804	17119.90783330696
2827817.979625338	17438.51223113857
2880444.1533962977	17763.045911026344
2934049.7092157872	18093.619217918138
2988652.8735503824	18430.34455030021
3044272.212064306	18773.33639841378
3100926.6359319235	19122.711383182777
3158635.408267819	19478.588295866648
3217418.1506763715	19841.088138450108
3277294.849923382	20210.334164785556
3338285.8647317644	20586.45192250057
3400411.9327037027	20969.569295685265
3463694.1773717343	21359.816548374714
3528154.115380883	21757.32636883958
3593813.6638046256	22162.23391470196
3660695.147596906	22574.67685889033
3728821.30718283	22994.795436449578
3798215.306190736	23422.73249222299
3868900.7393279755	23858.633529420345
3940901.6404034477	24302.646759091105
4014242.490499326	24754.923150517603
4088948.226294856	25215.61648254597
4165044.248545185	25684.883395873207
4242556.430717777	26162.883446305987
4321511.127789762	26649.77915901188
4401935.185208879	27145.736083779506
4483855.948021182	27650.922851306976
4567301.270168747	28165.511230538792
4652299.523960189	28689.67618706834
4738879.609717651	29223.59594262871
4827070.965603188	29767.45203568975
4916903.577628021	30321.429383182898
5008407.989848212	30885.716343375578
5101615.314749834	31460.504779914176
5196557.243827658	32045.990127060446
5293266.058360566	32642.371456140998
5391774.640387494	33249.85154323346
5492116.483887789	33868.63693811321
5594325.706169377	34498.93803448164
5698437.059469136	35140.96914150299
5804485.942768984	35794.948556671494
5912508.413831869	36461.09864003465
6022541.201461928	37139.64588979876
6134621.717992506	37830.821019339775
6248788.072006888	38534.859035649126
6365079.081295578	39251.999319238355
6483534.286054714	39982.485705530715
6604193.962330305	40726.566567768765
6727099.135712337	41484.49490146279
6852291.595284058	42256.52841041289
6979813.907830667	43042.92959433076
7109709.432312424	43843.96583809202
7242022.334607315	44659.90950265097
7376797.602527731	45491.038017644954
7514081.061116962	46337.63397572445
7653919.388230155	47199.98522863727
7796360.130405221	48078.38498510083
7941451.71902934	48973.13191049734
8089243.486805938	49884.53022842192
8239785.684528511	50812.889824122925
8393129.498166373	51758.526349865984
8549327.066268368	52721.761332258604
8708431.497690724	53702.922281573956
8870496.889654404	54702.34280310636
9035578.34613892	55720.36271060184
9203731.99661823	56757.328141798105
9375015.015145289	57813.59167611468
9549485.639791965	58889.512454534444
9727203.192450536	59985.45630171495
9908228.099003788	61101.79585037288
10092621.909870485	62238.910667983306
10280447.320933098	63397.18738583621
10471768.194855202	64577.01983049605
10666649.582795387	65778.80915770656
10865157.746525373	67002.9639887881
11067360.180959744	68249.90054957346
11273325.63710487	69520.04281192861
11483124.145435112	70813.82263790848
11696827.039703846	72131.6799265942
11914506.981197748	73474.06276366365
12136237.983442418	74841.42757374559
12362095.43736769	76234.23927560827
12592156.13694151	77652.97144023787
12826498.3052806	79098.10645185698
13065201.621247198	80570.13567194068
13308347.24654076	82069.55960628486
13556017.853293689	83596.88807518297
13808297.652180923	85152.64038677134
14065272.421052365	86737.34551359892
14327029.534098294	88351.5422724838
14593657.991557576	89995.77950771694
14865248.449978571	91670.61627767439
15141893.25304352	93376.6220449042
15423686.462966274	95114.37686974925
15710723.89247449	96884.47160757404
16003103.137387017	98687.50810966216
16300923.60979741	100524.09942785137
16604286.571875297	102394.87002297906
16913295.17029647	104300.45597720485
17228054.471313924	106241.50521028564
17548671.49648152	108218.67769987539
17875255.259042356	110232.64570592392
18207916.800994623	112284.09399925367
18546769.230846975	114373.7200943885
18891927.762076642	116502.23448671614
19243509.75230332	118670.3608940647
19601634.743191857	120878.83650277343
19966424.501097932	123128.41221834555
20338003.0584698	125419.85292076321
20716496.75602067	127265.43267088804
21102034.285685964	128852.31255531298
21494746.734379806	130468.72454440402
21894767.628566206	132115.21823565417
22302232.979659364	133792.35345465923
22717281.330269028	135500.70044546455
23140053.801306542	137240.84006445442
23570694.139967278	139013.36397784864
24009348.768606517	140818.87486287663
24456166.83452444	142657.9866126935
24911300.26067791	144531.3245451105
25374903.797335718	146439.52561520922
25847135.07469564	148383.2386319143
26328154.6564802	150363.12447859463
26818126.094530128	152379.8563377711
27317215.98441379	154434.11992000608
27825594.022071257	156526.6136970514
28343433.061513092	158658.04913933785
28870909.173592348	160829.15095788176
29408201.705870606	163040.6573506947
29955493.34359816	165293.32025377915
30512970.17182871	167587.90559679383
31080821.738690637	169925.19356347944
31659241.119835205	172305.97885692853
32248424.98408439	174731.0709697936
32848573.66030047	177201.29445952325
33459891.20549975	179717.48922871976
34082585.47423452	182280.51081071663
34716868.189265594	184891.2306604679
35362955.01355039	187550.53645085264
36021065.62357074	190259.33237449348
36691423.78402494	193018.53945119074
37374257.42391064	195829.09584108097
38069798.71402284	198691.95716362007
38778284.145894535	201608.09682250454
39499954.61220647	204578.50633663972
40235055.48869293	207604.19567726558
40983836.717572615	210600.41449459904
41746552.89253135	211339.57569292688
42523463.34528678	212092.49280692835
43314832.23376403	212859.42183653475
44120928.631911896	213640.6235458796
44942026.62119142	214436.36355196152
45778405.38376617	215246.91241495655
46630349.29742727	216072.54573021163
47498148.03228505	216913.54422195014
48382096.649259575	217770.19383872073
49282495.700405136	218642.7858506235
50199651.33110079	219531.61694834448
51133875.38414321	220436.98934403402
52085485.50577665	221359.21087406192
53054805.25369574	222298.59510368507
54042164.20705915	223255.46143366332
55047898.078549676	224230.13520885902
56072348.82852027	225222.94782885766
57115864.78126435	226234.23686064762
58178800.74344935	227264.3461533959
59261518.124755524	228313.6259553615
60364385.060758635	229382.4330329829
61487776.53810017	230331.80794624978
62632074.521986924	228427.53166245716
63797668.086062826	226487.81647299932
64984953.54469889	224512.0028538116
66194334.58774388	222499.4190069743
67426222.41778335	220449.38063229414
68681035.88995308	218361.1906946347
69959201.65435374	216234.13918691766
71261154.30111745	214067.5028887115
72587336.50817245	211860.54512032957
73938199.19175874	209612.51549235074
75314201.65974376	207322.6496504798
76715811.76779303	204990.16901565733
78143506.07844542	202614.2805193353
79597770.02314977	200194.17633382507
81079098.06731695	197729.033597627
82587993.87844272	196016.93460364116
84124970.49736118	195278.76789477962
85690550.51268348	194526.86377786275
87285266.23848371	193760.96659738905
88909659.89529167	192980.81594006467
90564283.79445294	192186.14654626028
92249700.52592175	191376.68821981942
93966483.1495469	190552.16573618934
95715215.38991855	189712.29874884148
97496491.83484097	188856.8016939506
99310918.137498	187985.38369330036
101159111.22238298	187097.74845538102
103041699.49505854	186085.37336754304
104959323.05582266	184845.24507773458
106912633.91734771	183582.03778943748
108902296.22637327	182295.32199856293
110928986.48952228	180984.66020787807
112993393.80332194	179649.6067782517
115096220.0885031	178289.70777713237
117238180.32865998	176904.5008242072
119420002.8133535	175493.51493418688
121642429.3857368	174056.27035666592
123906215.69479132	172009.56835990443
126212131.45225461	169221.94366714027
128560960.69432965	166382.44080451276
130953502.04826704	163490.09431045337
133390569.00390586	160543.9207559901
135872990.19027063	157542.9184103693
138401609.65731302	154486.0669004573
140977287.16289678	151372.32686380428
143600898.46512637	148465.90443717962
146273335.620113	148038.57932571604
148995507.28528506	147603.30162121617
151768339.02834037	147159.9233245704
154592773.64194787	146708.29368238052
157469771.464309	146248.25913570207
160400310.70568198	145779.66326783237
163385387.7809857	145302.34675112725
166426017.64859018	143867.58232710348
169523234.15541214	142242.24010282007
172678090.38843596	140586.64998318104
175891659.03277326	138900.24904970737
179165032.73638958	137182.46390791054
182499324.48161504	135432.7104923331
185895667.96356884	133379.22764815853
189355217.9756299	130974.1284837786
192879150.80207777	128524.27001470808
196468664.61804405	126028.81926267009
200124979.89690349	123486.92774752027
203849339.82524642	120897.73119875547
207643010.7255779	120451.28525536186
211507282.48687947	120724.96850743251
215443469.00318778	121003.74505139305
219452908.62033114	121287.70967427224
223536964.59097967	121576.9589271015
227697025.53816846	120501.93122095194
231934505.92744276	118419.33781508918
236250846.54779404	116297.98699157764
240647515.00154218	114137.15746827953
245126006.20333397	111936.11453987479
249687842.8884332	110245.83108141091
254334576.13046482	108611.40820938243
259067785.8688001	106946.56844959865
263889081.44575077	105250.7457386025
268800102.15376073	104757.80395727487
273802517.7927863	105389.586172996
278898029.23804396	106033.12596325309
284088369.01832956	106688.64213850899
289375301.90509474	105687.9279983869
294760625.51248586	103014.51039201877
300246170.90855557	100291.34002909811
305833803.23784316	97517.49100236042
311525422.35554785	96470.8619885722
317322963.47349733	95963.00159712911
323228397.81813806	95445.68983738581
329243733.30077755	95154.47843475243
335371015.2002929	95525.51022293029
341612326.8585518	95903.44697581942
347969790.3887688	96288.41719598809
354445567.3970436	93350.81972067051
361041859.71733445	90272.00951296116
367760910.1601031	87135.90212340906
374605003.2748982	87400.97247356191
381576466.1271244	88169.54672359559
388677669.0892668	88952.42427119991
395911026.64684665	88465.36917965264
403278998.21937054	87890.6660602354
410784088.99656343	86952.91460757365
418428850.7901576	84145.63534758527
426215882.9015325	81286.11214289315
434147833.00551015	80787.18150552851
442227398.0505897	82572.59146217373
450457325.17594445	84391.2282019103
458840412.6454752	82458.7813429729
467379510.7992464	80460.22671689588
476077523.0226378	78593.51504278227
484937406.7335233	76814.87463562917
493962174.38783056	76061.76217159083
503154894.5038046	78135.2588350981
512518692.7053333	79924.4308338968
522056752.7846986	76590.2131251001
531772317.78509665	73193.94505740638
541668691.1033136	72931.38208293033
551749237.6129117	72897.8344721188
562017384.8083189	74055.51898204949
572476623.970219	75390.0534230157
583130511.3526219	71820.90930354461
593982669.3920338	67774.98483403827
605036787.9391212	69653.25958454669
616296625.5132942	71160.19206433154
627766010.5806513	70716.77765994718
639448842.8556937	69045.85656370212
651349094.6272783	65446.48903160197
663470812.1092337	66413.33522636809
675818116.816111	69668.09623856563
688395206.964551	66958.2006567462
701206358.9007177	64571.07220559009
714255928.5543104	62744.319355449654
727548352.9196218	65093.39506446872
741088151.564157	66195.92399030969
754879928.1653447	61525.983500005794
768928372.0758306	61228.82686160144
783238259.9179205	62414.88565882461
797814457.2076613	64273.14265665896
812661920.0091945	59341.259071835244
827785696.619849	58969.6690967918
843190929.2866251	61426.31738809197
858882855.9546258	60483.50038631244
874866812.0479896	56490.67096501143
891148232.2840202	58180.64952055067
907732652.5210242	59529.93889858516
924625711.6405734	55881.09115502424
941833153.4647961	54459.713031435276
959360828.7093127	58920.030379563126
977214696.9725724	54408.51582508734
995400828.7621539	53913.779095147554
1013925407.5588143	56010.69779086576
1032794731.9189525	53863.92032619314
1052015217.6161569	51913.550243202415
1071593399.8226712	54884.32591733319
1091535935.3313932	51969.14507065597
1111849604.81927	50731.59593619071
1132541315.1528127	53756.76195651017
1153618101.7364762	49360.24865141512
1175087130.9048076	51124.90866077261
1196955702.3590453	50670.82645799669
1219231251.6491094	48460.118160388774
1241921352.7017846	51210.27122722244
1265033720.3959012	45947.10173452495
1288576213.185518	51070.43513888497
1312556835.7718453	47572.37354690338
1336983741.8249452	46336.35380992714
1361865236.7560828	47929.71127744026
1387209780.541618	45097.91266262734
1413025990.5995336	50373.348980044146
1439322644.7194095	42966.07124137658
1466108684.046983	47377.43510809013
1493393216.1242533	40499.06477715546
1521185517.9861016	47408.68350530228
1549495039.3146317	41565.28794410531
1578331405.6521196	48464.00413842075
1607704421.673822	41192.94275288937
1637624074.521689	47178.1425783784
1668100537.2000558	40845.779517644834
1699144172.034626	43660.23616672324
1730765534.1957276	42155.220973919204
1762975375.287204	38853.3300988298
1795784647.002097	44655.74668188406
1829204504.84629	36922.06507398182
1863246311.9315598	44877.95989919978
1897921642.8391035	41212.41295053584
1933242287.5550432	37094.47889303771
1969220255.4791734	45576.08993548632
2005867779.50823	36180.57459319294
2043197320.1952705	33130.17044821391
2081221569.9863415	42681.77947331201
2119953457.536069	37626.61008075627
2159406152.1035676	32570.29829948166
2199593068.0300703	41199.545239887506
2240527869.3000183	41603.68213216539
2282224474.186901	30928.46781695254
2324697059.9856453	27752.30922242136
2367960067.833079	39173.12245765284
2412028207.618002	64621.27511454943
2456916462.98279	35700.06477715646
2502640096.417922	362158.9161114668
2549214654.4514203	211053.17364852014
2596655972.9348726	172452.3636105935
2644980182.4277143	32926.39314933416
2694203713.6818824	24193.612908474453
2744343303.2283683	48167.63772655004
2795415999.067865	93482.68419243151
2847439166.467248	126419.8032977119
2900430493.8639855	102057.25025556206
2954407998.8803797	114799.40993957773
3009390034.449724	140555.62471032416
3065395295.056536	160170.28208588224
3122442823.092858	163740.71441186816
3180552015.3329134	171372.20785651694
3239742629.5281954	147735.1641036457
3300034791.1252885	146267.9255123621
3361449000.1087756	137840.02155092597
3424006137.9714255	126359.01600660027
3487727474.8141704	125623.57426986593
3552634676.5781393	106823.04685993711
3618749812.411284	99715.6293275499
3686095362.172169	82882.90862539409
3754694224.0733366	73611.41311169766
3824569722.4669914	69825.37634404791
3895745615.7755013	62991.45755107552
3968246104.569486	55717.892269957556
4042095839.7963185	47524.14075359415
4117319931.1616793	46105.50165999532
4193943955.6671777	37200.51955278213
4271993966.3067765	35242.811618757914
4351496500.925055	33671.99843300916
4432478591.24041	29984.7841150556
4514967772.036102	29783.995760435253
4598992090.5224285	26544.048755930195
4684580115.873045	27374.889860948075
4771760948.93875	27631.48839777242
4860564232.142149	30656.528298109846
4951020159.556352	34313.33331036659
5043159487.171349	33692.491110943025
5137013543.351338	37364.015697145485
5232614239.486668	42430.45318984448
5329994080.844104	46427.83418109854
5429186177.618943	49325.94969156431
5530224256.192889	53792.04192856212
5633142670.601352	58536.25870140095
5737976414.21414	63638.97153725393
5844761131.63365	67050.48678826634
5953533130.81437	70282.56827442782
6064329395.40805	72773.79687916837
6177187597.338489	77425.14368874938
6292146109.610351	80709.07468162128
6409244019.35647	83089.47419261916
6528521141.127848	84795.72609063741
6650018030.431105	87284.6966144972
6773775997.517745	90612.92616435466
6899837121.430025	92113.615581388
7028244264.308367	94313.90497702225
7159041085.964889	96292.2430531825
7292272058.728298	97561.02816939184
7427982482.564911	100460.92381829629
7566218500.481063	101944.81651199254
7707027114.212319	111835.88294748774
7850456200.20451	106972.04753671674
7996554525.89233	113495.53189154014
8145371766.280737	113891.06469007497
8296958520.834915	111440.04118202177
8451366330.684739	109488.38650647744
8608647696.149244	115328.5631388518
8768856094.587408	118778.01745129359
8932045998.58096	121577.79867800567
9098272894.455568	121106.05639405877
9267593301.146902	118769.28772734561
9440064789.417603	117182.93463335204
9615746001.432076	116748.65913001915
9794696670.695385	118370.58298464656
9976977642.36321	121428.75330218118
10162650893.929974	124815.49195264021
10351779556.301762	124815.24689278947
10544427935.261663	127453.81707766629
10740661533.334324	125522.79099017456
10940547072.057436	124964.85882859101
11144152514.667904	121919.97259159568
11351547089.20999	119724.69453306583
11562801312.07373	118017.42337637974
11777987011.97118	116919.41279983721
11997177354.358856	115691.91584787487
12220446866.31491	115024.63856308129
12447871461.87906	115447.78646518652
12679528467.864313	115785.5771290004
12915496650.148827	113593.21183344715
13155856240.457052	115148.36846734554
13400688963.639534	113233.27030977895
13650078065.460138	113197.21095652618
13904108340.90067	111492.2878253696
14162866162.991974	107896.48809142287
14426439512.18159	106021.652744437
14694918006.248203	102650.01780760525
14968392930.772556	98708.2061928623
15246957270.1757	94031.88294342191
15530705739.334585	90755.26002255727
15819734815.786015	86187.26686183695
16114142772.530231	80775.43512983854
16414029711.444664	77070.4604620256
16719497597.319849	71568.18134428037
17030650292.528427	68973.39086108858
17347593592.339325	64802.962434829235
17670435260.889503	61721.53241514402
17999285067.824764	57564.31711365374
18334254825.622852	54344.849222560886
18675458427.61074	48904.65352917721
19023011886.689457	44635.871024911125
19377033374.77993	43553.3852447508
19737643263.002556	37598.70516962932
20104964162.60493	36987.418392481384
20479120966.650833	0.0
20860240892.48505	0.0
21248453524.988873	0.0
21643890860.6402	0.0
22046687352.39403	0.0
22456979955.397717	0.0
22874908173.55704	0.0
23300614106.969296	0.0
23734242500.238663	0.0
24175940791.691235	0.0
24625859163.50544	0.0
25084150592.775414	0.0
25550970903.525124	0.0
26026478819.690044	0.0
26510836019.085308	0.0
27004207188.3777	0.0
27506760079.080673	0.0
28018665564.59201	0.0
28540097698.292374	0.0
29071233772.725693	0.0
29612254379.880314	0.0
30163343472.591972	0.0
30724688427.0901	0.0
31296480106.707504	0.0
31878912926.77636	0.0
32472184920.731255	0.0
33076497807.442425	0.0
33692057059.802742	0.0
34319071974.590427	0.0
34957755743.632645	0.0
35608325526.29274	0.0
36271002523.30648	0.0
36946012051.9931	0.0
37633583622.865326	0.0
38333951017.66589	0.0
39047352368.85556	0.0
39774030240.58037	0.0
40514231711.14655	0.0
41268208457.02952	0.0
42036216838.44701	0.0
42818517986.52407	0.0
43615377892.080055	0.0
44427067496.06892	0.0
45253862781.70167	0.0
46096044868.284195	0.0
46953900106.80053	0.0
47827720177.27486	0.0
48717802187.94641	0.0
49624448776.28913	0.0
50547968211.91225	0.0
51488674501.37487	0.0
52446887494.95119	0.0
53422932995.38363	0.0
54417142868.658875	0.0
55429855156.84652	0.0
56461414193.03661	0.0
57512170718.41614	0.0
58582482001.52548	0.0
59672711959.7331	0.0
60783231282.972115	0.0
61914417559.77835	0.0
63066655405.67406	0.0
64240336593.94204	0.0
65435860188.83229	0.0
66653632681.24893	0.0
67894068126.96098	0.0
69157588287.38525	0.0
70444622772.99051	0.0
71755609189.36922	0.0
73090993286.02888	0.0
74451229107.95128	0.0
75836779149.97191	0.0
77248114514.03416	0.0
78685715069.36844	0.0
80150069615.65381	0.0
81641676049.21455	0.0
83161041532.30962	0.0
84708682665.5742	0.0
86285125663.66887	0.0
87890906534.19963	0.0
89526571259.96382	0.0
91192675984.59299	0.0
92889787201.64517	0.0
94618481947.21992	0.0
96379347996.15796	0.0
98172984061.88821	0.0
100000000000.0	0.0
