# Frequency (Hz)	Imaginary Part (Ohm)
1000.0	521834.65894036466
1018.6101701559753	521834.71771335107
1037.566678745186	521834.7775801128
1056.875971184804	521834.83856100513
1076.544612842316	521834.9006767623
1096.5792912678098	521834.9639485042
1116.9868184678226	521835.02839774406
1137.7741332214914	521835.09404639516
1158.9483034398106	521835.1609167789
1180.5165285688056	521835.22903163184
1202.4861420374123	521835.2984141138
1224.8646137509306	521835.36908781546
1247.6595526308697	521835.4410767669
1270.8787092020582	521835.51440544485
1294.529978227916	521835.589098782
1318.6214013947485	521835.6651821749
1343.1611700460153	521835.7426814926
1368.1576279674719	521835.8216230858
1393.6192742241421	521835.90203379554
1419.5547660501015	521835.9839409623
1445.9729217920196	521836.06737243535
1472.8827239075017	521836.1523565823
1500.2933220192183	521836.23892229865
1528.2140360258693	521836.3270990177
1556.654359271062	521836.4169167205
1585.6239617711371	521836.5084059461
1615.1326935030913	521836.60159780167
1645.1905877536624	521836.69652397366
1675.8078645307671	521836.79321673774
1706.994934038408	521836.89170897065
1738.7624002162504	521836.99203416076
1771.1210643450886	521837.0942264198
1804.0819287193829	521837.1983204941
1837.6562003881704	521837.30435177684
1871.8552949655793	521837.4123563198
1906.690840512252	521837.52237084566
1942.1746814890264	521837.6344327606
1978.3188827841643	521837.74858016684
2015.1357338155585	521837.86485187575
2052.6377527092523	521837.9832874209
2090.83769055575	521838.1039270717
2129.748535745521	521838.22681184695
2169.3835183851843	521838.3519835288
2209.756114795903	521838.4794846769
2250.880052095462	521838.6093586431
2292.7693128656488	521838.7416495859
2335.438139906479	521838.87640248565
2378.9010410788933	521839.0136631598
2423.1727942376006	521839.1534782785
2468.2684522556924	521839.29589538026
2514.2033481427966	521839.4409628886
2560.9931002584594	521839.58873012784
2608.6536176225477	521839.7392473406
2657.201105324507	521839.89256570436
2706.652070033241	521840.0487373489
2757.0233256095826	521840.2078153743
2808.3319988231724	521840.36985386885
2860.595535175742	521840.53490792733
2913.8317048327885	521840.70303366997
2968.058608665602	521840.87428826134
3023.2946844057765	521841.0487299297
3079.5587129142264	521841.2264179872
3136.8698245668766	521841.4074128497
3195.2475057592137	521841.5917760574
3254.711605531848	521841.77957029577
3315.282342319423	521841.9708594168
3376.9803108250912	521842.16570846096
3439.8264890229248	521842.36418367905
3503.8422452906757	521842.5663525547
3569.0493456752297	521842.7722838275
3635.4699612933177	521842.9820475163
3703.126675869927	521843.1957149431
3772.0424934169973	521843.41335875704
3842.240846055061	521843.6350529593
3913.745601980384	521843.8608729285
3986.581073580439	521844.0908954457
4060.7720257003652	521844.32519872114
4136.343684063274	521844.5638624204
4213.321743847289	521844.8069676917
4291.732378422157	521845.05459719343
4371.602248248502	521845.3068351223
4452.958509942656	521845.56376724207
4535.828825510186	521845.8254809122
4620.241371751313	521846.09206511825
4706.224849841282	521846.3636105018
4793.808495089107	521846.64020939113
4883.02208687788	521846.92195583286
4973.895958790063	521847.2089456238
5066.461008921268	521847.50127634354
5160.7487103859075	521847.7990473878
5256.791122018419	521848.10236000177
5354.620899273607	521848.4113173151
5454.271305329837	521848.72602437675
5555.7762223988775	521849.0465881902
5659.170163246243	521849.37311775086
5764.488282925873	521849.7057240822
5871.766390733255	521850.0445202739
5981.040962380944	521850.3896215204
6092.349152400711	521850.7411451598
6205.7288067765	521851.099210714
6321.218475812449	521851.46393992903
6438.857427240419	521851.8354568169
6558.685659571435	521852.2138876972
6680.743915695614	521852.5993612406
6805.073696735207	521852.99200851214
6931.7172761554075	521853.39196301636
7060.717714137772	521853.79936074186
7192.118872221193	521854.2143402084
7325.9654282152305	521854.6370425134
7462.302891391108	521855.06761138025
7601.17761795533	521855.50619320694
7742.63682681127	521855.9529371161
7886.728615614156	521856.4079950053
8033.501977124734	521856.8715215994
8183.006815867389	521857.3436745022
8335.293965098195	521857.8246142509
8490.415204088747	521858.3145043702
8648.423275731726	521858.8135114279
8809.37190447399	521859.32180509187
8973.31581458352	521859.8395581874
9140.310748756232	521860.3669467562
9310.413487069076	521860.90415011597
9483.681866285928	521861.4513509217
9660.174799522645	521862.0087352275
9839.952296278227	521862.5764925501
10023.075482838643	521863.154815933
10209.606623060476	521863.74390201253
10399.609139541202	521864.34395108424
10593.147635183701	521864.9551671712
10790.287915161836	521865.57775809366
10991.097009294961	521866.2119355391
11195.643194838794	521866.85791513463
11403.996019700331	521867.5159165204
11616.226326085018	521868.1861634239
11832.40627458378	521868.8688837364
12052.609368708414	521869.56430959
12276.910479883603	521870.2726774371
12505.385872903913	521870.9942281303
12738.113231864785	521871.7292070047
12975.171686575868	521872.4778639611
13216.641839466038	521873.24045355077
13462.60579298911	521874.01723506255
13713.147177539457	521874.80847261037
13968.351179887397	521875.6144352236
14228.30457214352	521876.4353969382
14493.095741262152	521877.27163688996
14762.81471909391	521878.12343940954
15037.553212997384	521878.991094119
15317.404637020798	521879.8748960301
15602.46414366368	521880.7751456453
15892.828656229764	521881.692149059
16188.596901781992	521882.6262180622
16489.86944471065	521883.5776702485
16796.74872092653	521884.5468291219
17109.339072690134	521885.53402420686
17427.746784089173	521886.53959116037
17752.08011717636	521887.5638718859
18082.44934877952	521888.60721465
18418.96680799711	521889.6699742006
18761.746914391195	521890.7525118871
19110.90621689136	521891.8551957843
19466.563433422634	521892.9784008164
19828.839491270715	521894.1225088852
20197.857568198782	521895.2879089999
20573.743134329117	521896.47499740904
20956.623994804308	521897.6841777355
21346.630333242454	521898.9158611135
21743.8947560008	521900.1704663288
22148.552337263594	521901.4484199606
22560.74066496859	521902.750156527
22980.599887588487	521904.07611863234
23408.272761782944	521905.4267571181
23843.904700937204	521906.8025312159
24287.643824604504	521908.2039087037
24739.641008868115	521909.63136606506
25200.049937640895	521911.0853886508
25669.02715491952	521912.56647084426
26146.73211801092	521914.0751162294
26633.327251749808	521915.6118377618
27128.978003724646	521917.1771579434
27633.85290053167	521918.771609
28148.123605075813	521920.39573306206
28671.9649749377	521922.0500823493
29205.555121827452	521923.7352193581
29749.075472144435	521925.45171705354
30302.71082866393	521927.20015906304
30866.649433372746	521928.98113987595
31441.083031472648	521930.7952650448
32026.206936576502	521932.6431513917
32622.220097116733	521934.52542721794
33229.325163989684	521936.44273251767
33847.72855945983	521938.3957191952
34477.64054734464	521940.38505128707
35119.275304507275	521942.41140518774
35772.850993678774	521944.4754698793
36438.58983763541	521946.5779471659
37116.71819475767	521948.7195519126
37807.46663599349	521950.90101228806
38511.07002325569	521953.1230700123
39227.76758927724	521955.3864806089
39957.803018952654	521957.6920136618
40701.42453219439	521960.0404530771
41458.88496832911	521962.4325973495
42230.44187206672	521964.86925983394
43016.357581068	521967.3512690218
43816.89931514195	521969.8794688229
44632.33926710398	521972.45471885253
45462.95469532399	521975.07789472345
46309.02801799737	521977.7498883436
47170.84690917022	521980.4716082197
48048.70439655134	521983.24397976586
48942.898961145314	521986.0679456182
49853.73463873893	521988.94446595554
50781.5211232767	521991.87451882585
51726.57387216025	521994.85910047864
52689.21421350677	521997.89922570385
53669.76945540476	522000.9959281768
54668.57299720181	522004.1502608096
55685.96444286409	522007.36329610954
56722.28971644549	522010.63612654305
57777.90117970507	522013.96986490785
58853.15775191451	522017.3656447109
59948.42503189409	522020.8246205538
61064.07542232036	522024.3479685258
62200.48825634718	522027.936886603
63358.04992658254	522031.5925950564
64537.15401646702	522035.31633686606
65738.20143409586	522039.1093781445
66961.60054853215	522042.9730085665
68207.76732865692	522046.9085418081
69477.1254846024	522050.9173159929
70770.10661181889	522055.0006941474
72087.15033782135	522059.16006466426
73428.70447166757	522063.39684177417
74795.2251562183	522067.7124660269
76187.17702322999	522072.1084047814
77605.0333513357	522076.5861527041
79049.2762269642	522081.14723227755
80520.3967082547	522085.79319431796
82018.89499202212	522090.52561850246
83545.28058382872	522095.34611390624
85100.07247122246	522100.2563195498
86683.79930019774	522105.2579049559
88296.99955494083	522110.35257071746
89940.22174092053	522115.54204907565
91614.0245713852	522120.82810450916
93318.97715733238	522126.2125343337
95055.6592010119	522131.6971693135
96824.66119303113	522137.28387428354
98626.5846131283	522142.9745487837
100462.04213468131	522148.77112770453
102331.6578330245	522154.6755819454
104236.06739764012	522160.6899190844
106175.9183482999	522166.816184061
108151.87025522892	522173.0564598711
110164.59496336569	522179.41286827595
112214.77682079803	522185.8875705228
114303.11291144787	522192.4827680801
116430.31329208757	522199.2007033862
118597.10123376705	522206.04366061144
120804.21346773289	522213.01396643504
123052.40043592616	522220.113990836
125342.42654613995	522227.3461478992
127675.07043192645	522234.71289663593
130051.12521734099	522242.21674182016
132471.39878661174	522249.86023484013
134936.71405883064	522257.64597456576
137447.90926775365	522265.57660823246
140005.8382468096	522273.6548323412
142611.37071941298	522281.88339357503
145265.39259467812	522290.26508973364
147968.80626863963	522298.802770684
150722.53093107554	522307.4993393295
153527.5028780421	522316.3577525973
156384.6758302248	522325.38102244335
159295.0212572123	522334.57221687655
162259.5287078087	522343.9344610021
165279.2061464897	522353.47093808395
168355.08029612005	522363.1848906269
171488.19698705408	522373.07962147956
174679.62151272458	522383.158494957
177930.43899185772	522393.4249379849
181241.75473742394	522403.88244126446
184614.69463245457	522414.5345604595
188050.40551285836	522425.38491740514
191550.05555735278	522436.4372013399
195114.83468466165	522447.6951701592
198745.9549580986	522459.162651694
202444.65099768018	522470.8435450113
206212.18039991445	522482.7418217408
210049.82416539153	522494.86152742483
213958.88713434216	522507.2067828939
217940.6984302958	522519.7817856678
221996.61191199525	522532.5908113831
226128.00663372796	522545.63821524655
230336.28731421314	522558.9284335159
234622.88481422624	522572.4659850087
238989.25662310526	522586.25547263824
243436.8873543108	522600.30158497894
247967.289250216	522614.6090978603
252582.00269627848	522629.1828759909
257282.5967447932	522644.02787461237
262070.66964838552	522659.14914118417
266947.8494034318	522674.5518170998
271915.7943036019	522690.2411394351
276976.1935036891	522706.2224427286
282130.76759394706	522722.5011607958
287381.2691851069	522739.08282857615
292729.4835042813	522755.9730840153
298177.22900196735	522773.1776699822
303726.35797033116	522790.7024362214
309378.7571730137	522808.55334134225
315136.34848664823	522826.7364548449
321001.08955431683	522845.25795918365
326974.9744511768	522864.12415186985
333060.03436245886	522883.34144761204
339258.33827409917	522902.916380498
345571.9936762143	522922.8556062157
352003.14727966755	522943.1659043168
358553.9857459817	522963.85418052145
365226.7364308176	522984.9274690666
372023.6681413066	523006.3929350972
378947.09190746717	523028.25787710317
385999.3617679763	523050.52972940035
393182.87557057705	523073.2160646584
400500.07578736113	523096.32459647587
407953.4503452449	523119.8631820025
415545.53347188793	523143.83982461103
423278.90655735444	523168.26267661824
431156.19903182285	523193.14004205697
439180.0892596086	523218.4803794996
447353.3054498463	523244.2923049338
455678.6265841069	523270.58459469245
464158.8833612772	523297.36618843727
472796.9591600391	523324.64619219874
481595.7910192351	523352.43388147204
490558.37063650455	523380.73870437103
499687.7453854889	523409.5702848403
508987.01935196744	523438.93842592806
518459.3543892913	523468.85311311856
528107.971193433	523499.32451772783
537936.1503980698	523530.36300036183
547947.2336900292	523561.979114439
558144.6249454955	523594.1836097788
568531.7913873753	523626.98743625666
579112.2647641759	523660.4017475271
589889.6425508494	523694.43790481595
600867.5891719693	523729.1074807833
612049.837247669	523764.4222634587
623440.1888627864	523800.3942602487
635042.5168595962	523837.03570201976
646860.7661546321	523874.359047257
658898.9550799957	523912.3769862999
671161.1767496273	523951.1024456573
683651.6004510239	523990.5485924027
696374.4730628222	524030.72883865115
709334.1204987989	524071.65684611915
722534.9491787221	524113.34653077024
735981.4475265756	524155.8120675464
749678.1874966876	524199.0678951878
763629.8261282241	524243.12872114184
777841.1071286482	524288.009526564
792316.8624866261	524333.725571412
807062.014114949	524380.2923996333
822081.5755240541	524427.7258444515
837380.653526649	524476.0420337488
852964.4499741016	524525.2573955503
868838.2635251193	524575.3886636092
885007.4914473438	524626.4528830966
901477.6314524917	524678.4674163978
918254.2835656282	524731.4499490142
935343.1520292377	524785.418495578
952750.04724273	524840.3914059763
970480.8877380306	524896.3873715912
988541.7021919574	524953.4254316541
1006938.6314760271	525011.5249797201
1025677.9307444209	525070.7057702618
1044765.9715608052	525130.9879253852
1064209.2440647245	525192.3919416731
1084014.359178331	525254.9386971522
1104188.0508541602	525318.6494583935
1124737.1783647507	525383.5458877423
1145668.7286348727	525449.6500506838
1166989.8186171474	525516.9844233455
1188707.6977119034	525585.5719001399
1210829.7502320395	525655.4358015481
1233363.4979137748	525726.5998820491
1256316.6024741214	525799.0883381974
1279696.8682159416	525872.9258168489
1303512.244681509	525948.137423542
1327770.8293554292	526024.7487310333
1352480.870417874	526102.7857879929
1377650.769549055	526182.275127861
1403289.084785873	526263.2437778695
1429404.533431761	526345.7192682321
1456005.9950206485	526429.7296415041
1483102.5143361029	526515.3034621176
1510703.3044866556	526602.4698260934
1538817.7500383463	526691.2583709348
1567455.410205595	526781.6992857036
1596626.022101425	526873.8233212852
1626339.5040481905	526967.6618008445
1656605.9589499151	527063.2466304756
1687435.6777273756	527160.6103100505
1718839.1428171457	527259.7859442693
1750827.0317357269	527360.807253916
1783410.2207100063	527463.708587325
1816599.7883753285	527568.5249320577
1850407.019542302	527675.2919268011
1884843.4090337954	527784.0458734838
1919920.6655932867	527894.8237496193
1955650.715865947	528007.6632208793
1992045.7084538713	528122.6026538996
2029118.018046678	528239.6811293262
2066880.2496290822	528358.938455102
2105345.242766708	528480.4151800029
2144526.0759716653	528604.1526074241
2184436.0711494284	528730.1928094244
2225088.7981283693	528858.5786410302
2266498.079273693	528989.353754808
2308677.994187172	529122.5626157053
2351642.884494346	529258.2505161702
2395407.3587208795	529396.4635915508
2439986.29725955	529537.2488357822
2485394.8574297987	529680.6541173641
2531648.478631358	529826.7281956375
2578762.8875937983	529975.5207373628
2626754.1037238385	530127.0823336077
2675638.4445520453	530281.4645169477
2725432.531281028	530438.7197789889
2776153.294436804	530598.9015882144
2827817.979625338	530762.0644081658
2880444.1533962977	530928.2637159593
2934049.7092157872	531097.5560211508
2988652.8735503824	531269.9988849479
3044272.212064306	531445.6509397825
3100926.6359319235	531624.5719092459
3158635.408267819	531806.8226283954
3217418.1506763715	531992.4650644393
3277294.849923382	532181.5623378062
3338285.8647317644	532374.1787436065
3400411.9327037027	532570.3797734936
3463694.1773717343	532770.2321379316
3528154.115380883	532973.8037888779
3593813.6638046256	533181.1639428872
3660695.147596906	533392.3831046463
3728821.30718283	533607.5330909458
3798215.306190736	533826.6870550995
3868900.7393279755	534049.9195118163
3940901.6404034477	534277.3063625371
4014242.490499326	534508.924921241
4088948.226294856	534744.8539407337
4165044.248545185	534985.1736394238
4242556.430717777	535229.9657285984
4321511.127789762	535479.3134402054
4401935.185208879	535733.3015551533
4483855.948021182	535992.0164321382
4567301.270168747	536255.5460370055
4652299.523960189	536523.9799726604
4738879.609717651	536797.4095095338
4827070.965603188	537075.9276166138
4916903.577628021	537359.6289930582
5008407.989848212	537648.6101003918
5101615.314749834	537942.9691953046
5196557.243827658	538242.8063630607
5293266.058360566	538548.2235515278
5391774.640387494	538859.324605841
5492116.483887789	539176.2153037104
5594325.706169377	539499.0033913882
5698437.059469136	539827.798620302
5804485.942768984	540162.7127843724
5912508.413831869	540503.8597580236
6022541.201461928	540851.3555349028
6134621.717992506	541205.3182673182
6248788.072006888	541565.8683064127
6365079.081295578	541933.1282430844
6483534.286054714	542307.2229496691
6604193.962330305	542688.279622398
6727099.135712337	543076.4278246452
6852291.595284058	543471.799530982
6979813.907830667	543874.5291720486
7109709.432312424	544284.7536802622
7242022.334607315	544702.612536376
7376797.602527731	545128.2478169032
7514081.061116962	545561.8042424254
7653919.388230155	546003.4292267987
7796360.130405221	546453.2729272763
7941451.71902934	546911.4882955636
8089243.486805938	547378.2311298226
8239785.684528511	547853.6601276463
8393129.498166373	548337.9369400166
8549327.066268368	548831.2262262676
8708431.497690724	549333.6957100721
8870496.889654404	549845.5162364681
9035578.34613892	550366.8618299499
9203731.99661823	550897.9097536363
9375015.015145289	551438.8405695435
9549485.639791965	551989.8381999774
9727203.192450536	552551.0899900692
9908228.099003788	553122.786771475
10092621.909870485	553705.1229272604
10280447.320933098	554298.2964579929
10471768.194855202	554902.5090490642
10666649.582795387	555517.9661392659
10865157.746525373	556144.8769906398
11067360.180959744	556783.4547596306
11273325.63710487	557433.9165695601
11483124.145435112	558096.4835844522
11696827.039703846	558771.3810842312
11914506.981197748	559458.838541319
12136237.983442418	560159.0896986583
12362095.43736769	560872.3726491875
12592156.13694151	561598.9299167953
12826498.3052806	562339.0085387815
13065201.621247198	563092.8601498515
13308347.24654076	563860.7410676761
13556017.853293689	564642.9123800409
13808297.652180923	565439.6400336198
14065272.421052365	566251.1949243998
14327029.534098294	567077.8529897882
14593657.991557576	567919.8953024342
14865248.449978571	568777.6081657971
15141893.25304352	569651.2832114922
15423686.462966274	570541.2174984487
15710723.89247449	571447.713613913
16003103.137387017	572371.079776332
16300923.60979741	573311.6299401498
16604286.571875297	574269.6839025564
16913295.17029647	575245.5674122222
17228054.471313924	576239.6122800551
17548671.49648152	577252.1564920212
17875255.259042356	578283.5443240623
18207916.800994623	579334.1264591545
18546769.230846975	580404.2601065435
18891927.762076642	581494.3091232002
19243509.75230332	582604.6441375352
19601634.743191857	583735.6426754172
19966424.501097932	584887.6892885353
20338003.0584698	586061.175685151
20716496.75602067	585706.1349911663
21102034.285685964	584414.4470795552
21494746.734379806	583098.7206361208
21894767.628566206	581758.5082996953
22302232.979659364	580393.3543836438
22717281.330269028	579002.7947209255
23140053.801306542	577586.3565062718
23570694.139967278	576143.5581354281
24009348.768606517	574673.9090414023
24456166.83452444	573176.909527667
24911300.26067791	571652.0505982576
25374903.797335718	570098.8137847082
25847135.07469564	568516.6709697661
26328154.6564802	566905.0842078269
26818126.094530128	565263.5055420268
27317215.98441379	563591.3768179317
27825594.022071257	561888.1294937585
28343433.061513092	560153.1844470649
28870909.173592348	558385.951777841
29408201.705870606	556585.8306079376
29955493.34359816	554752.2088767608
30512970.17182871	552884.4631331653
31080821.738690637	550981.9583234732
31659241.119835205	549044.0475755504
32248424.98408439	547070.0719788616
32848573.66030047	545059.3603604344
33459891.20549975	543011.229056654
34082585.47423452	540924.9816808084
34716868.189265594	538799.9088863109
35362955.01355039	536635.2881255139
36021065.62357074	534430.3834040351
36691423.78402494	532184.4450305122
37374257.42391064	529896.709361698
38069798.71402284	527566.3985428155
38778284.145894535	525192.7202430771
39499954.61220647	522774.86738628487
40235055.48869293	520312.0178764158
40983836.717572615	517750.2095024842
41746552.89253135	513708.3486349146
42523463.34528678	509591.26804885274
43314832.23376403	505397.5678925379
44120928.631911896	501125.82226273144
44942026.62119142	496774.57871989114
45778405.38376617	492342.3577943286
46630349.29742727	487827.65248317237
47498148.03228505	483228.927737971
48382096.649259575	478544.61994276143
49282495.700405136	473773.13638242
50199651.33110079	468912.8547011243
51133875.38414321	463962.12235073355
52085485.50577665	458919.2560289049
53054805.25369574	453782.5411067537
54042164.20705915	448550.2310458585
55047898.078549676	443220.54680442135
56072348.82852027	437791.6762323733
57115864.78126435	432261.77345522406
58178800.74344935	426628.95824644674
59261518.124755524	420891.3153881769
60364385.060758635	415046.89402002044
61487776.53810017	409228.06252876396
62632074.521986924	406069.88935565087
63797668.086062826	402852.9420424045
64984953.54469889	399576.12679227575
66194334.58774388	396238.32945277245
67426222.41778335	392838.4151368348
68681035.88995308	389375.22783696145
69959201.65435374	385847.5900321559
71261154.30111745	382254.30228755414
72587336.50817245	378594.1428466061
73938199.19175874	374865.8672156635
75314201.65974376	371068.20774084114
76715811.76779303	367199.87317699793
78143506.07844542	363259.5482487013
79597770.02314977	359245.8932030193
81079098.06731695	355157.5433539892
82587993.87844272	352066.32837515854
84124970.49736118	350268.7070642822
85690550.51268348	348437.63171493454
87285266.23848371	346572.47974176705
88909659.89529167	344672.6169730119
90564283.79445294	342737.3974348575
92249700.52592175	340766.16313180886
93966483.1495469	338758.2438229632
95715215.38991855	336712.9567941205
97496491.83484097	334629.60662565293
99310918.137498	332507.48495605594
101159111.22238298	330345.8702410961
103041699.49505854	327767.05397286295
104959323.05582266	324412.5243449985
106912633.91734771	320995.5663499663
108902296.22637327	317515.01818523067
110928986.48952228	313969.696426914
112993393.80332194	310358.3956274175
115096220.0885031	306679.88790555706
117238180.32865998	302932.92252907273
119420002.8133535	299116.2254893635
121642429.3857368	295228.4990683123
123906215.69479132	292446.7377012232
126212131.45225461	291034.42842264177
128560960.69432965	289595.8358280731
130953502.04826704	288130.4707805343
133390569.00390586	286637.8350401206
135872990.19027063	285117.42109459685
138401609.65731302	283568.71198683913
140977287.16289678	281991.18113906385
143600898.46512637	280458.55673666624
146273335.620113	279606.6104976017
148995507.28528506	278738.8093940644
151768339.02834037	277854.8583643285
154592773.64194787	276954.45685551973
157469771.464309	276037.2987214233
160400310.70568198	275103.07211839163
163385387.7809857	274151.45939931326
166426017.64859018	271699.45920072624
169523234.15541214	268945.6755254648
172678090.38843596	266140.643467434
175891659.03277326	263283.40928551095
179165032.73638958	260373.00148928678
182499324.48161504	257408.430508751
185895667.96356884	255731.73427640527
189355217.9756299	255576.06123092334
192879150.80207777	255417.49108357634
196468664.61804405	255255.96991880552
200124979.89690349	255091.44281767448
203849339.82524642	254923.85383919612
207643010.7255779	254199.9033017813
211507282.48687947	253278.53899311915
215443469.00318778	252340.0279378972
219452908.62033114	251384.05103224408
223536964.59097967	250410.28323371155
227697025.53816846	248635.58267746214
231934505.92744276	246263.42839247617
236250846.54779404	243847.12791261033
240647515.00154218	241385.85966966575
245126006.20333397	238878.78680592042
249687842.8884332	239140.9724644604
254334576.13046482	239853.69263059096
259067785.8688001	240579.67664028678
263889081.44575077	241319.17133593373
268800102.15376073	240861.387520969
273802517.7927863	239282.680518495
278898029.23804396	237674.59351007885
284088369.01832956	236036.5797288105
289375301.90509474	234350.8463217711
294760625.51248586	232616.65345862176
300246170.90855557	230850.18697120587
305833803.23784316	229050.8462418848
311525422.35554785	229472.8727422561
317322963.47349733	230610.38449817107
323228397.81813806	231769.06554141807
329243733.30077755	231999.98262437712
335371015.2002929	229546.3719229204
341612326.8585518	227047.0991088131
347969790.3887688	224501.31440236847
354445567.3970436	223809.60089145615
361041859.71733445	223154.43529985915
367760910.1601031	222487.07696512234
374605003.2748982	223186.22845708663
381576466.1271244	224097.11534475704
388677669.0892668	225024.95399239985
395911026.64684665	222157.81608726384
403278998.21937054	219004.09308950722
410784088.99656343	216428.5725347789
418428850.7901576	217152.83115810264
426215882.9015325	217890.56835764332
434147833.00551015	218213.28892806676
442227398.0505897	218134.61650951544
450457325.17594445	218054.4799838683
458840412.6454752	214990.5663434653
467379510.7992464	211845.88069847584
476077523.0226378	211637.47856348916
484937406.7335233	213601.03399619897
493962174.38783056	214610.8601088572
503154894.5038046	212982.2781818296
512518692.7053333	211296.77554772794
522056752.7846986	209154.92249149835
531772317.78509665	206973.20918544373
541668691.1033136	209122.43686512503
551749237.6129117	211631.505668475
562017384.8083189	209065.6579204176
572476623.970219	205784.68622661117
583130511.3526219	205183.41391310928
593982669.3920338	204856.0956566707
605036787.9391212	206734.34746961726
616296625.5132942	207599.0845890119
627766010.5806513	203374.58304404948
639448842.8556937	201474.813026705
651349094.6272783	203279.67550200448
663470812.1092337	203971.17723485973
675818116.816111	204098.2154458125
688395206.964551	200127.86094466684
701206358.9007177	198968.9768287993
714255928.5543104	202464.4971211756
727548352.9196218	201272.8752478104
741088151.564157	198966.5465226068
754879928.1653447	196668.34293896318
768928372.0758306	199301.00361277233
783238259.9179205	200270.73018926947
797814457.2076613	195710.5070811505
812661920.0091945	195902.5578015023
827785696.619849	197596.7444712613
843190929.2866251	198344.40896345192
858882855.9546258	192734.12129970995
874866812.0479896	195474.86463574215
891148232.2840202	196585.1196618648
907732652.5210242	194585.3698903178
924625711.6405734	191655.75341815274
941833153.4647961	197068.6726339775
959360828.7093127	193549.09979695498
977214696.9725724	191287.99191292477
995400828.7621539	194304.0236023317
1013925407.5588143	193081.52235312914
1032794731.9189525	190610.32313635704
1052015217.6161569	193006.60755443622
1071593399.8226712	192555.84495619673
1091535935.3313932	189349.45905381264
1111849604.81927	193091.25660105055
1132541315.1528127	190702.85213759827
1153618101.7364762	189597.2963964987
1175087130.9048076	192493.553394723
1196955702.3590453	188772.73342114693
1219231251.6491094	191625.68250596774
1241921352.7017846	189403.959232706
1265033720.3959012	189660.61932656603
1288576213.185518	192822.97697846385
1312556835.7718453	186151.3492076193
1336983741.8249452	192261.17865928193
1361865236.7560828	188271.38128756447
1387209780.541618	192434.07513913698
1413025990.5995336	187672.0896494705
1439322644.7194095	190308.75118924154
1466108684.046983	189419.82159695143
1493393216.1242533	191485.05076036017
1521185517.9861016	191142.44985416313
1549495039.3146317	192049.2732617115
1578331405.6521196	190580.55490575332
1607704421.673822	192623.66413196913
1637624074.521689	188620.21085045245
1668100537.2000558	194432.4095315239
1699144172.034626	187469.99667327202
1730765534.1957276	196416.7129255209
1762975375.287204	189549.15063739812
1795784647.002097	196060.91672877697
1829204504.84629	196219.83836486455
1863246311.9315598	191939.09732550388
1897921642.8391035	202875.12554508695
1933242287.5550432	197689.3551693264
1969220255.4791734	202095.06723618848
2005867779.50823	212387.22457468588
2043197320.1952705	202632.7067840405
2081221569.9863415	206782.03377192476
2119953457.536069	217447.5206289808
2159406152.1035676	214269.54111987626
2199593068.0300703	216808.81379346852
2240527869.3000183	233063.56937074225
2282224474.186901	242018.6519283539
2324697059.9856453	243006.73683711374
2367960067.833079	250778.46891177504
2412028207.618002	296980.5271114214
2456916462.98279	435476.8450128888
2502640096.417922	783354.1819686324
2549214654.4514203	-104728.66688362927
2596655972.9348726	12004.60398406724
2644980182.4277143	127868.79408447117
2694203713.6818824	155859.73709725655
2744343303.2283683	191746.8406694957
2795415999.067865	203690.89176987842
2847439166.467248	187071.38585670694
2900430493.8639855	189030.87819249328
2954407998.8803797	185091.33786247502
3009390034.449724	187126.0627948986
3065395295.056536	195633.1168968398
3122442823.092858	152088.9792910121
3180552015.3329134	140404.27808580094
3239742629.5281954	113897.65564898755
3300034791.1252885	110546.64098734359
3361449000.1087756	106229.85989204113
3424006137.9714255	93983.65230439878
3487727474.8141704	87887.98082664386
3552634676.5781393	75832.13946695806
3618749812.411284	74616.6366049669
3686095362.172169	72338.45625071165
3754694224.0733366	79431.74539211288
3824569722.4669914	84771.49335498584
3895745615.7755013	84397.23283848223
3968246104.569486	85250.27098995811
4042095839.7963185	89932.76351111781
4117319931.1616793	94022.576118976
4193943955.6671777	97335.06325634026
4271993966.3067765	104916.36061911758
4351496500.925055	107671.55227153754
4432478591.24041	113732.80981320897
4514967772.036102	117098.56216219568
4598992090.5224285	123631.05044545404
4684580115.873045	128108.1216785536
4771760948.93875	136792.02836995985
4860564232.142149	138544.51733600753
4951020159.556352	143325.0970385287
5043159487.171349	146516.2804099264
5137013543.351338	149410.726103935
5232614239.486668	154346.45645406024
5329994080.844104	156980.8570598663
5429186177.618943	155839.40723934022
5530224256.192889	155776.4078829611
5633142670.601352	158157.16069201205
5737976414.21414	159908.9772567867
5844761131.63365	158258.15916895008
5953533130.81437	156178.01177817126
6064329395.40805	156681.97229909134
6177187597.338489	155575.4547444925
6292146109.610351	153876.3445734556
6409244019.35647	150282.09108174464
6528521141.127848	148342.39209667157
6650018030.431105	147023.0894882748
6773775997.517745	144920.19783356166
6899837121.430025	143933.90526826764
7028244264.308367	142024.45996918043
7159041085.964889	140809.117634154
7292272058.728298	139813.2946546397
7427982482.564911	143965.0605368541
7566218500.481063	131894.14100615864
7707027114.212319	121219.57769709933
7850456200.20451	122150.31927665675
7996554525.89233	122419.17674357782
8145371766.280737	111593.8493198743
8296958520.834915	110440.98789133306
8451366330.684739	110768.6063250673
8608647696.149244	111248.69931549914
8768856094.587408	104501.05656565333
8932045998.58096	99699.81401038037
9098272894.455568	92441.96409964598
9267593301.146902	88725.40188216545
9440064789.417603	86169.65964519375
9615746001.432076	85905.56296551146
9794696670.695385	84032.22161612885
9976977642.36321	82355.4486147371
10162650893.929974	76590.53330533153
10351779556.301762	71751.4794580918
10544427935.261663	65842.55992178588
10740661533.334324	59649.64776181126
10940547072.057436	54372.66380813342
11144152514.667904	49774.68657780537
11351547089.20999	45043.30557407114
11562801312.07373	41628.386323895604
11777987011.97118	39404.08424935295
11997177354.358856	36895.52263385201
12220446866.31491	34784.61020594352
12447871461.87906	35921.90020697726
12679528467.864313	26079.522078204827
12915496650.148827	21009.125530920293
13155856240.457052	17292.51733827749
13400688963.639534	12548.869401737395
13650078065.460138	7133.243707110286
13904108340.90067	559.88250798433
14162866162.991974	-2701.335157515046
14426439512.18159	-8724.531333293606
14694918006.248203	-15293.119320371317
14968392930.772556	-20289.146411673126
15246957270.1757	-22776.85981758415
15530705739.334585	-26492.890698439856
15819734815.786015	-30505.09447846834
16114142772.530231	-33421.51117731837
16414029711.444664	-36460.536067275585
16719497597.319849	-38374.12565775396
17030650292.528427	-39506.1506197947
17347593592.339325	-40322.44987284659
17670435260.889503	-45931.0476904972
17999285067.824764	-48989.336769574984
18334254825.622852	-51037.702876475465
18675458427.61074	-52534.76527173606
19023011886.689457	-51899.297328609435
19377033374.77993	-54429.659603446446
19737643263.002556	-57477.22192759948
20104964162.60493	-59209.182543420764
20479120966.650833	0.0
20860240892.48505	0.0
21248453524.988873	0.0
21643890860.6402	0.0
22046687352.39403	0.0
22456979955.397717	0.0
22874908173.55704	0.0
23300614106.969296	0.0
23734242500.238663	0.0
24175940791.691235	0.0
24625859163.50544	0.0
25084150592.775414	0.0
25550970903.525124	0.0
26026478819.690044	0.0
26510836019.085308	0.0
27004207188.3777	0.0
27506760079.080673	0.0
28018665564.59201	0.0
28540097698.292374	0.0
29071233772.725693	0.0
29612254379.880314	0.0
30163343472.591972	0.0
30724688427.0901	0.0
31296480106.707504	0.0
31878912926.77636	0.0
32472184920.731255	0.0
33076497807.442425	0.0
33692057059.802742	0.0
34319071974.590427	0.0
34957755743.632645	0.0
35608325526.29274	0.0
36271002523.30648	0.0
36946012051.9931	0.0
37633583622.865326	0.0
38333951017.66589	0.0
39047352368.85556	0.0
39774030240.58037	0.0
40514231711.14655	0.0
41268208457.02952	0.0
42036216838.44701	0.0
42818517986.52407	0.0
43615377892.080055	0.0
44427067496.06892	0.0
45253862781.70167	0.0
46096044868.284195	0.0
46953900106.80053	0.0
47827720177.27486	0.0
48717802187.94641	0.0
49624448776.28913	0.0
50547968211.91225	0.0
51488674501.37487	0.0
52446887494.95119	0.0
53422932995.38363	0.0
54417142868.658875	0.0
55429855156.84652	0.0
56461414193.03661	0.0
57512170718.41614	0.0
58582482001.52548	0.0
59672711959.7331	0.0
60783231282.972115	0.0
61914417559.77835	0.0
63066655405.67406	0.0
64240336593.94204	0.0
65435860188.83229	0.0
66653632681.24893	0.0
67894068126.96098	0.0
69157588287.38525	0.0
70444622772.99051	0.0
71755609189.36922	0.0
73090993286.02888	0.0
74451229107.95128	0.0
75836779149.97191	0.0
77248114514.03416	0.0
78685715069.36844	0.0
80150069615.65381	0.0
81641676049.21455	0.0
83161041532.30962	0.0
84708682665.5742	0.0
86285125663.66887	0.0
87890906534.19963	0.0
89526571259.96382	0.0
91192675984.59299	0.0
92889787201.64517	0.0
94618481947.21992	0.0
96379347996.15796	0.0
98172984061.88821	0.0
100000000000.0	0.0
