Frequency [GHz]	Zx real [Ohm/m]	Zy real [Ohm/m]
1.000000000000000166e-10	1.645908820816398190e+02	2.385614210136909321e+02
1.032794731918951654e-10	1.686966049837012918e+02	2.447971737979100624e+02
1.066664958279539403e-10	1.729369739676693882e+02	2.512374264230005281e+02
1.101645949633656381e-10	1.773164047157041239e+02	2.578888854064210818e+02
1.137774133221491146e-10	1.818394577210783325e+02	2.647584772040729035e+02
1.175087130904807540e-10	1.865108430372189900e+02	2.718533554231213429e+02
1.213623798344240958e-10	1.913354251824925711e+02	2.791809082713610906e+02
1.253424265461399975e-10	1.963182282058413932e+02	2.867487662508807489e+02
1.294529978227915867e-10	2.014644409185458755e+02	2.945648101040395090e+02
1.336983741824946476e-10	2.067794222975613820e+02	3.026371790200293503e+02
1.380829765218092491e-10	2.122687070660558959e+02	3.109742791105699666e+02
1.426113707194128486e-10	2.179380114569600266e+02	3.195847921635613034e+02
1.472882723907502473e-10	2.237932391655307640e+02	3.284776846838101392e+02
1.521185517986104510e-10	2.298404874971285210e+02	3.376622172302446643e+02
1.571072389247450498e-10	2.360860537166083475e+02	3.471479540593403499e+02
1.622595287078087593e-10	2.425364416059380801e+02	3.569447730847999196e+02
1.675807864530767868e-10	2.491983682368716018e+02	3.670628761638579363e+02
1.730765534195724819e-10	2.560787709657303139e+02	3.775127997209218620e+02
1.787525525904235329e-10	2.631848146575764531e+02	3.883054257196134813e+02
1.846146946324547531e-10	2.705238991473009378e+02	3.994519929946335424e+02
1.906690840512252406e-10	2.781036669453965260e+02	4.109641089552544599e+02
1.969220255479172543e-10	2.859320111964385660e+02	4.228537616726239321e+02
2.033800305846981002e-10	2.940170838985627597e+02	4.351333323634686963e+02
2.100498241653915480e-10	3.023673043924984540e+02	4.478156082831999356e+02
2.169383518385184289e-10	3.109913681289967258e+02	4.609137960418405555e+02
2.240527869300018610e-10	3.198982557237855531e+02	4.744415353566500926e+02
2.314005380130653023e-10	3.290972423094776786e+02	4.884129132557582693e+02
2.389892566231049743e-10	3.385979071941736152e+02	5.028424787476060374e+02
2.468268452255692806e-10	3.484101438368149957e+02	5.177452579714658896e+02
2.549214654451423314e-10	3.585441701496769724e+02	5.331367698448194687e+02
2.632815465648021228e-10	3.690105391387290297e+02	5.490330422238872643e+02
2.719157943036017723e-10	3.798201498929417426e+02	5.654506285941370152e+02
2.808331998823172083e-10	3.909842589339871779e+02	5.824066253081555260e+02
2.900430493863991314e-10	4.025144919381475006e+02	5.999186893888286249e+02
2.995549334359813486e-10	4.144228558426424911e+02	6.180050569163749969e+02
3.093787571730138678e-10	4.267217513489786711e+02	6.366845620183751180e+02
3.195247505759212065e-10	4.394239858363442295e+02	6.559766564825736168e+02
3.300034791125284578e-10	4.525427866984946945e+02	6.759014300128809509e+02
3.408258547423451742e-10	4.660918151180175073e+02	6.964796311496603494e+02
3.520031472796679687e-10	4.800851802923208425e+02	7.177326888760950396e+02
3.635469961293320139e-10	4.945374541261593890e+02	7.396827349331257437e+02
3.754694224073336536e-10	5.094636864059980894e+02	7.623526268662056964e+02
3.877828414589456106e-10	5.248794204720137486e+02	7.857659718278622449e+02
4.005000757873611052e-10	5.408007094040584661e+02	8.099471511608624041e+02
4.136343684063274911e-10	5.572441327384339047e+02	8.349213457875725908e+02
4.271993966306778827e-10	5.742268137328899229e+02	8.607145624319574608e+02
4.412092863191189219e-10	5.917664371978240752e+02	8.873536607015222444e+02
4.556786265841064474e-10	6.098812679122503368e+02	9.148663810574003037e+02
4.706224849841281415e-10	6.285901696437130113e+02	9.432813737017097537e+02
4.860564232142136024e-10	6.479126247919573416e+02	9.726282284122689816e+02
5.019965133110081441e-10	6.678687546768042012e+02	1.002937505355725079e+03
5.184593543892912175e-10	6.884793404913644963e+02	1.034240766911199444e+03
5.354620899273606527e-10	7.097658449424056926e+02	1.066570610537574112e+03
5.530224256192902378e-10	7.317504346004105855e+02	1.099960702718657558e+03
5.711586478126431938e-10	7.544560029825977381e+02	1.134445814021568367e+03
5.898896425508497150e-10	7.779061943929460767e+02	1.170061855304853452e+03
6.092349152400710261e-10	8.021254285440450076e+02	1.206845915114038235e+03
6.292146109610343618e-10	8.271389259864114365e+02	1.244836298303556077e+03
6.498495354469890483e-10	8.529727343717557915e+02	1.284072565925272329e+03
6.711611767496282870e-10	8.796537555775430519e+02	1.324595576425143008e+03
6.931717276155404727e-10	9.072097737210980313e+02	1.366447528190906041e+03
7.159041085964887260e-10	9.356694840924245682e+02	1.409672003495111767e+03
7.393819919175865964e-10	9.650625230358697308e+02	1.454314013879256436e+03
7.636298261282244400e-10	9.954194988117485536e+02	1.500420047026272414e+03
7.886728615614152294e-10	1.026772023470067325e+03	1.548038115170190622e+03
8.145371766280743462e-10	1.059152745769538114e+03	1.597217805093387369e+03
8.412497049736117954e-10	1.092595385176162154e+03	1.648010329763472328e+03
8.688382635251186617e-10	1.127134766976788342e+03	1.700468581663599480e+03
8.973315814583522479e-10	1.162806858544212446e+03	1.754647187871728192e+03
9.267593301146878953e-10	1.199648806791578409e+03	1.810602566946194656e+03
9.571521538991863169e-10	1.237698976855088858e+03	1.868392987676832036e+03
9.885417021919573871e-10	1.276996992045302704e+03	1.928078629762813989e+03
1.020960662306046580e-09	1.310275145114611632e+03	1.980589850836029655e+03
1.054442793526168950e-09	1.340518305489931208e+03	2.029667491060210295e+03
1.089022962263730067e-09	1.371753282202140781e+03	2.080354619338756947e+03
1.124737178364752061e-09	1.404012601602122459e+03	2.132704018400941095e+03
1.161622632608501755e-09	1.437329856733713541e+03	2.186770201971486131e+03
1.199717735435884489e-09	1.471739742315621015e+03	2.242609471538109119e+03
1.239062156947916503e-09	1.507278090870549249e+03	2.300279974980719999e+03
1.279696868215940940e-09	1.543981910039177819e+03	2.359841767123361024e+03
1.321664183946605026e-09	1.581889421117843995e+03	2.421356872271933298e+03
1.365007806546013663e-09	1.621040098860048829e+03	2.484889348802818404e+03
1.409772871628966933e-09	1.661474712583255496e+03	2.550505355869682262e+03
1.456005995020649598e-09	1.703235368623760905e+03	2.618273222297895245e+03
1.503755321299737753e-09	1.746365554183873428e+03	2.688263517738339488e+03
1.553070573933460069e-09	1.790910182617045848e+03	2.760549126154683108e+03
1.604003107056820079e-09	1.836915640198111987e+03	2.835205321720638040e+03
1.656605958949914401e-09	1.884429834427359310e+03	2.912309847206268387e+03
1.710933907269014249e-09	1.933502243918698696e+03	2.991942994934936451e+03
1.767043526088946692e-09	1.984183969923924224e+03	3.074187690395230220e+03
1.824993244816152494e-09	2.036527789546680424e+03	3.159129578594898248e+03
1.884843409033795523e-09	2.090588210701578646e+03	3.246857113246764584e+03
1.946656343342262358e-09	2.146421528875678632e+03	3.337461648879451332e+03
2.010496416260498236e-09	2.204085885751442220e+03	3.431037535968850079e+03
2.076430107255774870e-09	2.263641329752226738e+03	3.527682219189426633e+03
2.144526075971667793e-09	2.325149878573329715e+03	3.627496338887611273e+03
2.214855233726359314e-09	2.388675583763744726e+03	3.730583835883025131e+03
2.287490817355702788e-09	2.454284597425842549e+03	3.837052059706599721e+03
2.362508465477946229e-09	2.522045241102454838e+03	3.947011880388354257e+03
2.439986297259550245e-09	2.592028076923098979e+03	4.060577803911225146e+03
2.520004993764092080e-09	2.664305981083407005e+03	4.177868091451155124e+03
2.602647881969005809e-09	2.738954219734317576e+03	4.299004882527655354e+03
2.688001021537606561e-09	2.816050527360006072e+03	4.424114322193028784e+03
2.776153294436799262e-09	2.895675187726218610e+03	4.553326692392758559e+03
2.867196497493770032e-09	2.977911117483281942e+03	4.686776547633804512e+03
2.961225437988034610e-09	3.062843952510831059e+03	4.824602855102099966e+03
3.058338032378433485e-09	3.150562137094226728e+03	4.966949139375200502e+03
3.158635408267817403e-09	3.241157016025450503e+03	5.113963631880691537e+03
3.262222009711669644e-09	3.334722929724455753e+03	5.265799425256104769e+03
3.369205705980266915e-09	3.431357312479969551e+03	5.422614632770963908e+03
3.479697903887691433e-09	3.531160793912104054e+03	5.584572552977087980e+03
3.593813663804627762e-09	3.634237303762385636e+03	5.751841839758524657e+03
3.711671819475765297e-09	3.740694180120346118e+03	5.924596677958230430e+03
3.833395101766601886e-09	3.850642281199396166e+03	6.103016964764400655e+03
3.959110266468459240e-09	3.964196100778330219e+03	6.287288497045277836e+03
4.088948226294862618e-09	4.081473887428729995e+03	6.477603164827602996e+03
4.223044187206674123e-09	4.202597767652375296e+03	6.674159151120093156e+03
4.361537789208003199e-09	4.327693873056939992e+03	6.877161138290109193e+03
4.504573251759458750e-09	4.456892471702352850e+03	7.086820521208383980e+03
4.652299523960189308e-09	4.590328103754644872e+03	7.303355627383753017e+03
4.804870439655131104e-09	4.728139721588529937e+03	7.526991944317188427e+03
4.962444877628916452e-09	4.870470834484591251e+03	7.757962354311793206e+03
5.125186927053329472e-09	5.017469658071804588e+03	7.996507376983382528e+03
5.293266058360561204e-09	5.169289268670965612e+03	8.242875419724090534e+03
5.466857299720180771e-09	5.326087762699762607e+03	8.497323036379872065e+03
5.646141419303669251e-09	5.488028421305531992e+03	8.760115194411300763e+03
5.831305113526221869e-09	5.655279880397053603e+03	9.031525550815769748e+03
6.022541201461928965e-09	5.828016306252538016e+03	9.311836737098556114e+03
6.220048825634711276e-09	6.006417576886587085e+03	9.601340653589360954e+03
6.424033659394191079e-09	6.190669469365080658e+03	9.900338773410969225e+03
6.634708121092347870e-09	6.380963853262969678e+03	1.020914245641640446e+04
6.852291595284060743e-09	6.577498890466467856e+03	1.052807327342158169e+04
7.077010661181889919e-09	6.780479241527739759e+03	1.085746334107114308e+04
7.309099328602911004e-09	6.990116278786877956e+03	1.119765566768603094e+04
7.548799281653435948e-09	7.206628306483215965e+03	1.154900451045314367e+04
7.796360130405233414e-09	7.430240788085080567e+03	1.191187574432883230e+04
8.052039670825474778e-09	7.661186581074808601e+03	1.228664724304057199e+04
8.316104153230961616e-09	7.899706179433449506e+03	1.267370927258343363e+04
8.588828559546249041e-09	8.146047964077672987e+03	1.307346489762115198e+04
8.870496889654407999e-09	8.400468461509746703e+03	1.348633040121508384e+04
9.161402457138517586e-09	8.663232610949782611e+03	1.391273571831795380e+04
9.461848194721997291e-09	8.934614040228620070e+03	1.435312488348402803e+04
9.772146969725725887e-09	9.214895350728442281e+03	1.480795649326174134e+04
1.009262190987047331e-08	9.492500835629478388e+03	1.526257442367509066e+04
1.042360673976401127e-08	9.749058249294112102e+03	1.569366109506138127e+04
1.076544612842315905e-08	1.001402939456170316e+04	1.613888513826963026e+04
1.111849604819270880e-08	1.028769019750459483e+04	1.659871018461875065e+04
1.148312414543511117e-08	1.057032563311672493e+04	1.707361507009251363e+04
1.185971012337669343e-08	1.086223002207054742e+04	1.756409433397238536e+04
1.224864613750930795e-08	1.116370733720607859e+04	1.807065873382300560e+04
1.265033720395903769e-08	1.147302203975798511e+04	1.859117715187599970e+04
1.306520162124721228e-08	1.178067766070242760e+04	1.911345478535380971e+04
1.349367140588306343e-08	1.209842276525909983e+04	1.965286037380879134e+04
1.393619274224142065e-08	1.242658823533827126e+04	2.020995562393273940e+04
1.439322644719406651e-08	1.276551580403374282e+04	2.078532066343782208e+04
1.486524844997857277e-08	1.311555841148453510e+04	2.137955464516903157e+04
1.535275028780422776e-08	1.347708057240687776e+04	2.199327637102822700e+04
1.585623961771137302e-08	1.385021537946005810e+04	2.262680696363496463e+04
1.637624074521687477e-08	1.421852028341036930e+04	2.325881618265536599e+04
1.691329517029648562e-08	1.459890364795017740e+04	2.391155197458386829e+04
1.746796215127245689e-08	1.499176158295648565e+04	2.458569406182255261e+04
1.804081928719382751e-08	1.539750318862355743e+04	2.528194445808751334e+04
1.863246311931559514e-08	1.581655098147684839e+04	2.600102819944644216e+04
1.924350975230330612e-08	1.624934133435799049e+04	2.674369409933052157e+04
1.987459549580983990e-08	1.669632493083899317e+04	2.751071552830666405e+04
2.052637752709252173e-08	1.713901671849390914e+04	2.827793529888991543e+04
2.119953457536071000e-08	1.759356477584549793e+04	2.906681066016174736e+04
2.189476762856620985e-08	1.806301961488221059e+04	2.988155697742395569e+04
2.261280066337277307e-08	1.854787009951318396e+04	3.072302268174272467e+04
2.335438139906479724e-08	1.904862112580842950e+04	3.159208402825365920e+04
2.412028207618007283e-08	1.956579414776914200e+04	3.248964600864450767e+04
2.491130026067788373e-08	2.009992772034076916e+04	3.341664329356291273e+04
2.572825967447932303e-08	2.063163580560499031e+04	3.434754739983205945e+04
2.657201105324503850e-08	2.117376589601453088e+04	3.529966035509335779e+04
2.744343303228365032e-08	2.173367499740426865e+04	3.628299759947902203e+04
2.834343306151309448e-08	2.231194616767304251e+04	3.729858312518023013e+04
2.927294835042816131e-08	2.290918158594724446e+04	3.834747450593755639e+04
3.023294684405776334e-08	2.352600317965625072e+04	3.943076399833893083e+04
3.122442823092858392e-08	2.416305327217278682e+04	4.054957967923424440e+04
3.224842498408442807e-08	2.480073140334023628e+04	4.167790207904608542e+04
3.330600343624588813e-08	2.544599697371280126e+04	4.282535157553286990e+04
3.439826489022924478e-08	2.611242385548226594e+04	4.401043137064747862e+04
3.552634676578139226e-08	2.680070602818293992e+04	4.523437553994543123e+04
3.669142378402493899e-08	2.751156023022195222e+04	4.649845863015931536e+04
3.789470919074667737e-08	2.824572670525027206e+04	4.780399698644001182e+04
3.913745601980383687e-08	2.900396997301102601e+04	4.915235012312483741e+04
4.042095839796305955e-08	2.976754096780785403e+04	5.051842646402009268e+04
4.174655289253134782e-08	3.053388971159541688e+04	5.189911236933304463e+04
4.311561990318228626e-08	3.132537065699194500e+04	5.332507749877504830e+04
4.452958509942655287e-08	3.214280800781167636e+04	5.479780677236282645e+04
4.598992090522439315e-08	3.298705299741210183e+04	5.631883380766712071e+04
4.749814803228499868e-08	3.385898477512036334e+04	5.788974251683567127e+04
4.905583706365045989e-08	3.475951132173019869e+04	5.951216875599057676e+04
5.066461008921269181e-08	3.567231490602363192e+04	6.116412229464946722e+04
5.232614239486661694e-08	3.658035394838374486e+04	6.282263276778106228e+04
5.404216420705915059e-08	3.751817188770999201e+04	6.453553364726377185e+04
5.581446249454960394e-08	3.848674531494524126e+04	6.630460865189286415e+04
5.764488282925879445e-08	3.948708284807051677e+04	6.813169999704333895e+04
5.953533130814369715e-08	4.052022618242306635e+04	7.001871031304940698e+04
6.148777653810024108e-08	4.158725117545956891e+04	7.196760462649719557e+04
6.350425168595962148e-08	4.267653874595960951e+04	7.396271195549222466e+04
6.558685659571428548e-08	4.374979875356243429e+04	7.595129303036756755e+04
6.773775997517751128e-08	4.485825603539397707e+04	7.800508908849260479e+04
6.995920165435375620e-08	4.600306487662675499e+04	8.012623883776001458e+04
7.225349491787214948e-08	4.718541741690620984e+04	8.231695112441459787e+04
7.462302891391107044e-08	4.840654489177781215e+04	8.457950723322153499e+04
7.707027114212294845e-08	4.966771891482669889e+04	8.691626326306842384e+04
7.959777002314985573e-08	5.096519372145985835e+04	8.932251599268932478e+04
8.220815755240541849e-08	5.223038057371152536e+04	9.170211055671380018e+04
8.490415204088747078e-08	5.353705888961016171e+04	9.415974328654127021e+04
8.768856094587425811e-08	5.488658937058298761e+04	9.669797342289863445e+04
9.056428379445295063e-08	5.628037734189583716e+04	9.931944413612656354e+04
9.353431520292386860e-08	5.771987421607969736e+04	1.020268852786280768e+05
9.660174799522647250e-08	5.920657900435058400e+04	1.048231162275842798e+05
9.976977642363202159e-08	6.074203987759543088e+04	1.077110488208949682e+05
1.030416994950587396e-07	6.223619622223901388e+04	1.105623255649030179e+05
1.064209244064724761e-07	6.377218787417052954e+04	1.134968402022314694e+05
1.099109700929497372e-07	6.535855196055681881e+04	1.165275914604032441e+05
1.135154708920999096e-07	6.699694043188198702e+04	1.196577353935997962e+05
1.172381803286598596e-07	6.868905941390337830e+04	1.228905315579532471e+05
1.210829750232039531e-07	7.043667098431513296e+04	1.262293464058652899e+05
1.250538587290391570e-07	7.224159500767705322e+04	1.296776567916417553e+05
1.291549665014884007e-07	7.400930890860002546e+04	1.330984736078770075e+05
1.333905690039058854e-07	7.580939937553410709e+04	1.365941506631837983e+05
1.377650769549053468e-07	7.766852332676113292e+04	1.402044675103945774e+05
1.422830457214352017e-07	7.958861674957277137e+04	1.439331837307521491e+05
1.469491800624817218e-07	8.157167912144488946e+04	1.477841821999582753e+05
1.517683390283405561e-07	8.361977549218108470e+04	1.517614731315822282e+05
1.567455410205594968e-07	8.573503863433974038e+04	1.558691982530724199e+05
1.618859690178197646e-07	8.782146353427364375e+04	1.599656835471572995e+05
1.671949759731990056e-07	8.992424068109135260e+04	1.641191258394322649e+05
1.726780903884356132e-07	9.209597784072418290e+04	1.684087791582230711e+05
1.783410220710008120e-07	9.433893653830555559e+04	1.728391105076288222e+05
1.841896680799711039e-07	9.665545246507943375e+04	1.774147333859505306e+05
1.902301188668944219e-07	9.904793791065784171e+04	1.821404125899289793e+05
1.964686646180446931e-07	1.015188842750440526e+05	1.870210691765370721e+05
2.029118018046678038e-07	1.039753106858253886e+05	1.919168202837873541e+05
2.095662399480432992e-07	1.064231684578418790e+05	1.968379121063478233e+05
2.164389086064020114e-07	1.089513030692673492e+05	2.019203898159776581e+05
2.235369645909794139e-07	1.115623471775295475e+05	2.071695460195789055e+05
2.308677994187169850e-07	1.142590197773508553e+05	2.125908468936781283e+05
2.384390470093720426e-07	1.170441290321564011e+05	2.181899378765951842e+05
2.462585916350547006e-07	1.199205751983382797e+05	2.239726495472868555e+05
2.543345761304648365e-07	1.228049048173861374e+05	2.298108875832574267e+05
2.626754103723835758e-07	1.256439067722489999e+05	2.356235205073793768e+05
2.712897800372467241e-07	1.285760130351390835e+05	2.416267771699913719e+05
2.801866556459195443e-07	1.316042769368784211e+05	2.478269090254941548e+05
2.893753019050950594e-07	1.347318519414551265e+05	2.542303725430603663e+05
2.988652873550382326e-07	1.379619949298633437e+05	2.608438359300378652e+05
3.086664943337274455e-07	1.412980695916364202e+05	2.676741860758473631e+05
3.187891292677645596e-07	1.446752160036576679e+05	2.746199327929234132e+05
3.292437333007768907e-07	1.479547743653477228e+05	2.814623481306222384e+05
3.400411932703706463e-07	1.513418849643219728e+05	2.885291586449989118e+05
3.511927530450727317e-07	1.548400749473694013e+05	2.958277233157166629e+05
3.627100252330649086e-07	1.584529871331125905e+05	3.033656424582040054e+05
3.746050032748993774e-07	1.621843838054338121e+05	3.111507656381956767e+05
3.868900739327976195e-07	1.660381506313070422e+05	3.191911998458311427e+05
3.995780301895269929e-07	1.699803222444796993e+05	3.274333719076849520e+05
4.126820845702951630e-07	1.737526457654998812e+05	3.354579369900674792e+05
4.262158829015325345e-07	1.776486816251036362e+05	3.437456655330931535e+05
4.401935185208874400e-07	1.816724869362695317e+05	3.523051879119041259e+05
4.546295469532399562e-07	1.858282518639091868e+05	3.611454175324824755e+05
4.695390010680058238e-07	1.901203039882690064e+05	3.702755601135697216e+05
4.849374067335232931e-07	1.945531128114293388e+05	3.797051232729854528e+05
5.008407989848212921e-07	1.991312944115933205e+05	3.894439264283273951e+05
5.172657387216018967e-07	2.034591814590181457e+05	3.988305808495033416e+05
5.342293299538352136e-07	2.079200894943311578e+05	4.085101244710955070e+05
5.517492376129122323e-07	2.125272918127773446e+05	4.185071061308556236e+05
5.698437059469141914e-07	2.172855860961535654e+05	4.288319361241465085e+05
5.885315775191450570e-07	2.221999273649443930e+05	4.394953661491758539e+05
6.078323128297229089e-07	2.272754331382034579e+05	4.505085005032125046e+05
6.277660105806500796e-07	2.325173887626496435e+05	4.618828076459773001e+05
6.483534286054720147e-07	2.375149206377371156e+05	4.729110109257475124e+05
6.696160054853222944e-07	2.425974638024714077e+05	4.841646310896289651e+05
6.915758828738524922e-07	2.478466876077594643e+05	4.957873107099022018e+05
7.142559285543126448e-07	2.532680583005245717e+05	5.077911529925021459e+05
7.376797602527731619e-07	2.588672213917921181e+05	5.201886580647573574e+05
7.618717702322991504e-07	2.646500075356083107e+05	5.329927359923210461e+05
7.868571506936852863e-07	2.706224386007557623e+05	5.462167202229889808e+05
8.126619200091945450e-07	2.763708041706159711e+05	5.591260356617658399e+05
8.393129498166364485e-07	2.821309500398803502e+05	5.721437523997989483e+05
8.668379930019773693e-07	2.880799983487413847e+05	5.855883816684526391e+05
8.952657125996391396e-07	2.942241441020643688e+05	5.994739239497216186e+05
9.246257116405743783e-07	3.005697854682387551e+05	6.138148388676545583e+05
9.549485639791965964e-07	3.071235304418703890e+05	6.286260602457930800e+05
9.862658461312820294e-07	3.138922037249775021e+05	6.439230116584199714e+05
1.018610170155975315e-06	3.204766960044426960e+05	6.589736975501432316e+05
1.052015217616159169e-06	3.269675538446267019e+05	6.739479026783287991e+05
1.086515774652537176e-06	3.336712776276030927e+05	6.894131828493913636e+05
1.122147768207980340e-06	3.405948482349014375e+05	7.053856427377167856e+05
1.158948303439811928e-06	3.477454754841880058e+05	7.218819151661656797e+05
1.196955702359042833e-06	3.551306056371668237e+05	7.389191784265667666e+05
1.236209543736769070e-06	3.627579291536996607e+05	7.565151741682263091e+05
1.276750704319264407e-06	3.702664906647307798e+05	7.739853039336536312e+05
1.318621401394748678e-06	3.775357669246169971e+05	7.911032086124760099e+05
1.361865236756082925e-06	3.850434371506909374e+05	8.087824903862546198e+05
1.406527242105236574e-06	3.927973194091643672e+05	8.270415594663226511e+05
1.452653925946781372e-06	4.008054881576361367e+05	8.458994298219622578e+05
1.500293322019216825e-06	4.090762826533751213e+05	8.653757389804762788e+05
1.549495039314631713e-06	4.176183156373592210e+05	8.854907684766156599e+05
1.600310313738701654e-06	4.261395114959682105e+05	9.056713844676307635e+05
1.652792061464893799e-06	4.342264578432433191e+05	9.251050599110872718e+05
1.706994934038407828e-06	4.425786134280207916e+05	9.451760575309128035e+05
1.762975375287203917e-06	4.512046757161458372e+05	9.659052781370253069e+05
1.820791680099462520e-06	4.601136274045267492e+05	9.873143079758054810e+05
1.880504055128583443e-06	4.693147457752068876e+05	1.009425441208793083e+06
1.942174681489024486e-06	4.788176123562075663e+05	1.032261703128579422e+06
2.005867779508234000e-06	4.884379318242209265e+05	1.055449483905200846e+06
2.071649675602067297e-06	4.973698095235763467e+05	1.077343256229841150e+06
2.139588871343421664e-06	5.065946057576155290e+05	1.099955028948563850e+06
2.209756114795903333e-06	5.161219267111570225e+05	1.123308348691809457e+06
2.282224474186896537e-06	5.259616936012750957e+05	1.147427534295450896e+06
2.357069413996727979e-06	5.361241530087002320e+05	1.172337702125068521e+06
2.434368873543112862e-06	5.466198875480290735e+05	1.198064792230714811e+06
2.514203348142796913e-06	5.574202810644912533e+05	1.224551662213764852e+06
2.596655972934872394e-06	5.672083882608378772e+05	1.249006902231029235e+06
2.681812609453013329e-06	5.773174938086819602e+05	1.274264145288672065e+06
2.769761935036891063e-06	5.877581247629087884e+05	1.300349692861403571e+06
2.860595535175745131e-06	5.985411534103440354e+05	1.327290708973741857e+06
2.954407998880380251e-06	6.096778085915457923e+05	1.355115248487106990e+06
3.051297017182871440e-06	6.211796873938892968e+05	1.383852286314582685e+06
3.151363484866476280e-06	6.330587672281194245e+05	1.413531747593753505e+06
3.254711605531848180e-06	6.438666207902118331e+05	1.440969045651341090e+06
3.361449000108768764e-06	6.548507741866662400e+05	1.468914020699267741e+06
3.471686818926559579e-06	6.661951499491133727e+05	1.497775443712370936e+06
3.585539857459816780e-06	6.779115614734785631e+05	1.527583369355990086e+06
3.703126675869923221e-06	6.900122095728367567e+05	1.558368837930150097e+06
3.824569722466998750e-06	7.025096951826596633e+05	1.590163907693200978e+06
3.949995461220647668e-06	7.154170324827176519e+05	1.623001688245475525e+06
4.079534503452449404e-06	7.273173838034677319e+05	1.653653084301180206e+06
4.213321743847289341e-06	7.391417837351211347e+05	1.684245967392313993e+06
4.351496500925044872e-06	7.513539616926345043e+05	1.715842135883046780e+06
4.494202662119142613e-06	7.639666347524120938e+05	1.748474492249102332e+06
4.641588833612781958e-06	7.769929370439662598e+05	1.782177017994065536e+06
4.793808495089106764e-06	7.904464334270664258e+05	1.816984809035823913e+06
4.951020159556351225e-06	8.043411336174240569e+05	1.852934112253490835e+06
5.113387538414320594e-06	8.173468613148685545e+05	1.886886029550733278e+06
5.281079711934330620e-06	8.299466416451022960e+05	1.919984930449454347e+06
5.454271305329836335e-06	8.429596283935036045e+05	1.954169300929960795e+06
5.633142670601352205e-06	8.563993725537830032e+05	1.989474738676191308e+06
5.817880074344935696e-06	8.702798695208587451e+05	2.025938008788593113e+06
6.008675891719681185e-06	8.846155736648706952e+05	2.063597082069217227e+06
6.205728806776500758e-06	8.994214133831558283e+05	2.102491174562397413e+06
6.409244019356456972e-06	9.135193761232235702e+05	2.139747137392729055e+06
6.619433458774388568e-06	9.267954908906781347e+05	2.175089675223741680e+06
6.836516004510238809e-06	9.405069922828573035e+05	2.211591262108259834e+06
7.060717714137765353e-06	9.546681586873984197e+05	2.249289908749269787e+06
7.292272058728313350e-06	9.692937367478371598e+05	2.288224872400581837e+06
7.531420165974376510e-06	9.843989567199276062e+05	2.328436697747112252e+06
7.778411071286482598e-06	9.999995483315784950e+05	2.369967259125851095e+06
8.033501977124735881e-06	1.015144464066553512e+06	2.410424872580247931e+06
8.296958520834915102e-06	1.028960409309885348e+06	2.447613655862016138e+06
8.569055051268345481e-06	1.043229444773678202e+06	2.486022035321899224e+06
8.850074914473438512e-06	1.057966429430249380e+06	2.525690007289612666e+06
9.140310748756224233e-06	1.073186709547925508e+06	2.566658879763774108e+06
9.440064789417603028e-06	1.088906134671792854e+06	2.608971315427748952e+06
9.749649183484097127e-06	1.105141074128517881e+06	2.652671376076162793e+06
1.006938631476026946e-05	1.121249204174837330e+06	2.696098692883951124e+06
1.039960913954120295e-05	1.135429043246920686e+06	2.734593425921231508e+06
1.074066153333432437e-05	1.150073906340025831e+06	2.774350583408758976e+06
1.109289864895222712e-05	1.165199043792260112e+06	2.815411566217951942e+06
1.145668728634872662e-05	1.180820206072477857e+06	2.857819132950700819e+06
1.183240627458378028e-05	1.196953660181936575e+06	2.901617444465782493e+06
1.222044686631488820e-05	1.213616206593843177e+06	2.946852109865507111e+06
1.262121314522546164e-05	1.230559189933241811e+06	2.992865183672535699e+06
1.303512244681508904e-05	1.244887425896100234e+06	3.031984139464728534e+06
1.346260579298911035e-05	1.259685552516232245e+06	3.072385990925075486e+06
1.390410834090069648e-05	1.274968979731773259e+06	3.114112810273091309e+06
1.436008984651260800e-05	1.290753622845651815e+06	3.157208049475458916e+06
1.483102514336102853e-05	1.307055919098884799e+06	3.201716585494448431e+06
1.531740463702079875e-05	1.323892844787407666e+06	3.247684767020288389e+06
1.581973481578601704e-05	1.341281932940224651e+06	3.295160462736070156e+06
1.633853877809860416e-05	1.355715980670196004e+06	3.334662006636955775e+06
1.687435677727375848e-05	1.370406267335873796e+06	3.374871978053577244e+06
1.742774678408917511e-05	1.385578318014563993e+06	3.416400624703272711e+06
1.799928506782476860e-05	1.401247932027923642e+06	3.459291192186805420e+06
1.858956679635688644e-05	1.417431426832124824e+06	3.503588344332811423e+06
1.919920665593282809e-05	1.434145655009940267e+06	3.549338209708215203e+06
1.982883949127071257e-05	1.451408021820080699e+06	3.596588429653936997e+06
2.047912096665083489e-05	1.466002685024548322e+06	3.636510853975070175e+06
2.115072824868794552e-05	1.480290747619050322e+06	3.675586943860986270e+06
2.184436071149428344e-05	1.495047383395979879e+06	3.715944523639152292e+06
2.256074066496859061e-05	1.510287959087238647e+06	3.757625619427037891e+06
2.330061410696924993e-05	1.526028345372583950e+06	3.800673635577378795e+06
2.406475150015422205e-05	1.542284933406456839e+06	3.845133399877009448e+06
2.485394857429798490e-05	1.559074651886817999e+06	3.891051210228029173e+06
2.566902715491951889e-05	1.573577079952959903e+06	3.930603675732467324e+06
2.651083601908536550e-05	1.587143782146690413e+06	3.967538794014371932e+06
2.738025177927857720e-05	1.601155400701889535e+06	4.005685189598728437e+06
2.827817979625344298e-05	1.615626526531356620e+06	4.045082585999948438e+06
2.920555512182745176e-05	1.630572229052965762e+06	4.085772009454448707e+06
3.016334347259197422e-05	1.646008071882112650e+06	4.127795831643078942e+06
3.115254223555484670e-05	1.661950129038783256e+06	4.171197813814591616e+06
3.217418150676372115e-05	1.676067798494987655e+06	4.209479526356435381e+06
3.322932516398975161e-05	1.688581129650496645e+06	4.243253311123798601e+06
3.431907197459042598e-05	1.701504832146662520e+06	4.278134698108493350e+06
3.544455673970434785e-05	1.714852364001591690e+06	4.314160010828315280e+06
3.660695147596898513e-05	1.728637624585481826e+06	4.351366764021077193e+06
3.780746663599348950e-05	1.742874969094654545e+06	4.389793702710372396e+06
3.904735236885563870e-05	1.757579223500243155e+06	4.429480842552450486e+06
4.032789982193704951e-05	1.770984666707884986e+06	4.465505183566957712e+06
4.165044248545185317e-05	1.782114710963074351e+06	4.495143256661077961e+06
4.301635758106790800e-05	1.793609762035858119e+06	4.525753302416911349e+06
4.442706749606882658e-05	1.805481790226969402e+06	4.557367196417337283e+06
4.588404126454761567e-05	1.817743158399942098e+06	4.590017859596420079e+06
4.738879609717651733e-05	1.830406634855106473e+06	4.623739292521434836e+06
4.894289896114532395e-05	1.843485406625780510e+06	4.658566610799151473e+06
5.054796821191235987e-05	1.855824136153185507e+06	4.691295779491365887e+06
5.220567527846975100e-05	1.865260390662570018e+06	4.715931087334158830e+06
5.391774640387505993e-05	1.875006104608909227e+06	4.741374303493396379e+06
5.568596444286408510e-05	1.885071426631476497e+06	4.767651923105731606e+06
5.751217071841613668e-05	1.895466838191452203e+06	4.794791310208722949e+06
5.939826693920350535e-05	1.906203164486724418e+06	4.822820726236199960e+06
6.134621717992506365e-05	1.917291585724644363e+06	4.851769359448144212e+06
6.335804992658254750e-05	1.928193499734117649e+06	4.880158889928062446e+06
6.543586018883229940e-05	1.935663380816273391e+06	4.899088776532428339e+06
6.758181168161109969e-05	1.943378234645985300e+06	4.918639463693239726e+06
6.979813907830652742e-05	1.951346095038836123e+06	4.938831310398320667e+06
7.208715033782136410e-05	1.959575259277238511e+06	4.959685343303044327e+06
7.445122910795143767e-05	1.968074296750756679e+06	4.981223278626308776e+06
7.689283720758306707e-05	1.976852057879787171e+06	5.003467544764584862e+06
7.941451719029339520e-05	1.985917683331893291e+06	5.026441305647600442e+06
8.201889499202211654e-05	1.991233222866829019e+06	5.039251308584042825e+06
8.470868266557401581e-05	1.996693493792338762e+06	5.052401597114747390e+06
8.748668120479914808e-05	2.002332832839056151e+06	5.065983145832474343e+06
9.035578346138921401e-05	2.008157112498010043e+06	5.080010097799440846e+06
9.331897715733240167e-05	2.014172397847000975e+06	5.094497059895806946e+06
9.637934799615796556e-05	2.020384952866427368e+06	5.109459118030441925e+06
9.954008287621519404e-05	2.026801246962248115e+06	5.124911852850558236e+06
1.028044732093309733e-04	2.030276940334399231e+06	5.132560283723724075e+06
1.061759183482999177e-04	2.033332922509349184e+06	5.139051877697840333e+06
1.096579291267809898e-04	2.036489124800476013e+06	5.145756361756063998e+06
1.132541315152812739e-04	2.039748833899622085e+06	5.152680717571632937e+06
1.169682703970384685e-04	2.043115444284808589e+06	5.159832155779884197e+06
1.208042134677328878e-04	2.046592461755052442e+06	5.167218123487009667e+06
1.247659552630868559e-04	2.050183507081110729e+06	5.174846312025052495e+06
1.288576213185518274e-04	2.051617102489487734e+06	5.176900559675854631e+06
1.330834724654076035e-04	2.052204890694275731e+06	5.176736729546143673e+06
1.374479092677536609e-04	2.052811955255664652e+06	5.176567526651248336e+06
1.419554766050101292e-04	2.053438928336602403e+06	5.176392774792776443e+06
1.466108684046983103e-04	2.054086462831649231e+06	5.176212291993951425e+06
1.514189325304352018e-04	2.054755233046869980e+06	5.176025890310124494e+06
1.563846758302247630e-04	2.055445935402013827e+06	5.175833375633046962e+06
1.615132693503089671e-04	2.054680874992637662e+06	5.172004873743508011e+06
1.668100537200059119e-04	2.052828016640887596e+06	5.165441749017880298e+06
1.722805447131392292e-04	2.050914394296207931e+06	5.158663388376325369e+06
1.779304389918577296e-04	2.048938015219740104e+06	5.151662733214680105e+06
1.837656200388172322e-04	2.046896821321289986e+06	5.144432493443750776e+06
1.897921642839099502e-04	2.044788687016145326e+06	5.136965139897825196e+06
1.960163474319185771e-04	2.042611417011613725e+06	5.129252896494217217e+06
2.024446509976801894e-04	2.039547941719362047e+06	5.119417402119346894e+06
2.090837690555749911e-04	2.035371929114996688e+06	5.106936205753658898e+06
2.159406152103567479e-04	2.031058965296780458e+06	5.094045691899131984e+06
2.230223297965936195e-04	2.026604558986370685e+06	5.080732437098448165e+06
2.303362873142131230e-04	2.022004071615152527e+06	5.066982577675607055e+06
2.378901041078890991e-04	2.017252712493898580e+06	5.052781795299070887e+06
2.456916462982790305e-04	2.012345533824012382e+06	5.038115302071456797e+06
2.537490379733572054e-04	2.006949376968914410e+06	5.022324260741967708e+06
2.620706696483850184e-04	2.000648858976190211e+06	5.004588354619349353e+06
2.706652070033241614e-04	1.994141717184943613e+06	4.986270804210097529e+06
2.795415999067858812e-04	1.987421175423094071e+06	4.967352534645763226e+06
2.887090917359234942e-04	1.980480235295815160e+06	4.947813845502696931e+06
2.981772290019673471e-04	1.973311668897796422e+06	4.927634390287135728e+06
3.079558712914223133e-04	1.965908011286512017e+06	4.906793155247509480e+06
3.180552015332919840e-04	1.958215453323741676e+06	4.885274186401319690e+06
3.284857366030047169e-04	1.950055107677170774e+06	4.863076384603271261e+06
3.392583382740992125e-04	1.941627145682755392e+06	4.840150611846067943e+06
3.503842245290676185e-04	1.932922790934109362e+06	4.816472994517254643e+06
3.618749812411276696e-04	1.923932979204954347e+06	4.792018876075666398e+06
3.737425742391064479e-04	1.914648349010139937e+06	4.766762791375469416e+06
3.859993617679771628e-04	1.905059231857119594e+06	4.740678440148208290e+06
3.986581073580439268e-04	1.895177524934913497e+06	4.713824182548142970e+06
4.117319931161679482e-04	1.885468434107651236e+06	4.688030404099702835e+06
4.252346334528677710e-04	1.875440936249532504e+06	4.661390725601870567e+06
4.391800892596086085e-04	1.865084589287338778e+06	4.633877405989292078e+06
4.535828825510190908e-04	1.854388608702859841e+06	4.605461794435819611e+06
4.684580115873045679e-04	1.843341856302503264e+06	4.576114300519139506e+06
4.838209664925957392e-04	1.831932828618601197e+06	4.545804363406967372e+06
4.996877453854878855e-04	1.820149644930350594e+06	4.514500420032722875e+06
5.160748710385908026e-04	1.809113447477463633e+06	4.485645442075307481e+06
5.329994080844092930e-04	1.797833222418869613e+06	4.456205713751661591e+06
5.504789807854968417e-04	1.786183065403494285e+06	4.425800517429878004e+06
5.685317913873753860e-04	1.774150844611985376e+06	4.394398190845775418e+06
5.871766390733249843e-04	1.761724030365230050e+06	4.361966033379718661e+06
6.064329395408061141e-04	1.748889682076644851e+06	4.328470272004008293e+06
6.263207452198691922e-04	1.735634434776581125e+06	4.293876026113558561e+06
6.468607661546321112e-04	1.723411160299969604e+06	4.262304441779802553e+06
6.680743915695614441e-04	1.711228655081249308e+06	4.230949234990129247e+06
6.899837121430011690e-04	1.698646627869780408e+06	4.198565742599527352e+06
7.126115430111745839e-04	1.685651976448913570e+06	4.165120242257374339e+06
7.359814475265771296e-04	1.672231168918319512e+06	4.130577905697605107e+06
7.601177617955324041e-04	1.658370229602624197e+06	4.094902762470506132e+06
7.850456200204509452e-04	1.644054724497925257e+06	4.058057662485102192e+06
8.107909806731678154e-04	1.630830013438676251e+06	4.024243840794133488e+06
8.373806535266489033e-04	1.618080218949094415e+06	3.991790025611715391e+06
8.648423275731726865e-04	1.604912298367205076e+06	3.958271896260642912e+06
8.932045998580959026e-04	1.591312539359903429e+06	3.923654548843079712e+06
9.224970052592174194e-04	1.577266779901793925e+06	3.887901934797209688e+06
9.527500472427299482e-04	1.562760393527657725e+06	3.850976823358303402e+06
9.839952296278227113e-04	1.547778274101269897e+06	3.812840762788683642e+06
1.016265089392995313e-03	1.533753579507412156e+06	3.777284377609732561e+06
1.049593230558226731e-03	1.520741272438320797e+06	3.744454568362487946e+06
1.084014359178331072e-03	1.507302230247250525e+06	3.710548114322027657e+06
1.119564319483879432e-03	1.493422458270276897e+06	3.675529707210988272e+06
1.156280131207375458e-03	1.479087502892222954e+06	3.639362880826515611e+06
1.194200028133532475e-03	1.464282436495474540e+06	3.602009973066402599e+06
1.233363497913774571e-03	1.448991841915203491e+06	3.563432086709905881e+06
1.273811323186478358e-03	1.434375708604331594e+06	3.526638389148395043e+06
1.315585624045705277e-03	1.421365726688220166e+06	3.494046065467769280e+06
1.358729901902709343e-03	1.407929085902900435e+06	3.460384885269424878e+06
1.403289084785873256e-03	1.394051794085134054e+06	3.425619795690397266e+06
1.449309574126215073e-03	1.379719400202443823e+06	3.389714594318489544e+06
1.496839293077255632e-03	1.364916979304613080e+06	3.352631891493092291e+06
1.545927736419478674e-03	1.349629116981686093e+06	3.314333071369705256e+06
1.596626022101425152e-03	1.334628510646947892e+06	3.276794221876546741e+06
1.648986944471064796e-03	1.321840900814808207e+06	3.244939022195470054e+06
1.703065029252842687e-03	1.308633924746340141e+06	3.212039139780629892e+06
1.758916590327732569e-03	1.294993829438246088e+06	3.178060314541828819e+06
1.816599788375328683e-03	1.280906410861173645e+06	3.142967162838399410e+06
1.876174691439119486e-03	1.266356999168437440e+06	3.106723140632667579e+06
1.937703337477988952e-03	1.251330443419658113e+06	3.069290505435031839e+06
2.001249798969035112e-03	1.236142956392445136e+06	3.031469514985817019e+06
2.066880249629082268e-03	1.223752267645909684e+06	3.000740544306882657e+06
2.134663033324245458e-03	1.210955229583640583e+06	2.969003825272387825e+06
2.204668735239407457e-03	1.197738516088763718e+06	2.936226309045171831e+06
2.276970255381679901e-03	1.184088364017971558e+06	2.902373862960313447e+06
2.351642884494346396e-03	1.169990558869366068e+06	2.867411234981302638e+06
2.428764382460450386e-03	1.155430419980265433e+06	2.831302016990536358e+06
2.508415059277541159e-03	1.140392785239594057e+06	2.794008606875959784e+06
2.590677858688006548e-03	1.128375669509016676e+06	2.764305015271560755e+06
2.675638444552045497e-03	1.116124336936248699e+06	2.734028309580953792e+06
2.763385290053172599e-03	1.103471225196107058e+06	2.702758687443834729e+06
2.854009769829237483e-03	1.090403158048507757e+06	2.670463586431523785e+06
2.947606255124858923e-03	1.076906527142102830e+06	2.637109376239216886e+06
3.044272212064299925e-03	1.062967277843314689e+06	2.602661323665286414e+06
3.144108303147265162e-03	1.048570894600620028e+06	2.567083556442061905e+06
3.247218492073131874e-03	1.036690535271335626e+06	2.537786689647987019e+06
3.353710152002929105e-03	1.025080707792878035e+06	2.509174385505740996e+06
3.463694177371734288e-03	1.013090139134638594e+06	2.479623748519564979e+06
3.577285099367869762e-03	1.000706342991697020e+06	2.449104006315394770e+06
3.694601205199302477e-03	9.879164235741081648e+05	2.417583377347401809e+06
3.815764661271252300e-03	9.747070621779541252e+05	2.385029037802486215e+06
3.940901640403448279e-03	9.610645033159938175e+05	2.351407087419398595e+06
4.070142453219439092e-03	9.494069644473250955e+05	2.322715846901617479e+06
4.203621683844710293e-03	9.385000959807100007e+05	2.295893894990104716e+06
4.341478330055092809e-03	9.272355396866565570e+05	2.268192324356108438e+06
4.483855948021190328e-03	9.156015652887533652e+05	2.239582288139436860e+06
4.630902801799736956e-03	9.035860578193197725e+05	2.210033993454849813e+06
4.782772017727485517e-03	8.911765050035554450e+05	2.179516670367417857e+06
4.939621743878315659e-03	8.783599842299645534e+05	2.147998539850451052e+06
5.101615314749833284e-03	8.670005706695141271e+05	2.120086250066089910e+06
5.268921421350676766e-03	8.568296781094777398e+05	2.095116238463473972e+06
5.441714286865887221e-03	8.463252338545590173e+05	2.069327342024338664e+06
5.620173848083187887e-03	8.354762991663420107e+05	2.042692705639994703e+06
5.804485942768972118e-03	8.242715765734195011e+05	2.015184593495669309e+06
5.994842503189409637e-03	8.126993981068350840e+05	1.986774360187972197e+06
6.191441755977847815e-03	8.007477131497206865e+05	1.957432420895194635e+06
6.394488428556937588e-03	7.897499645258771488e+05	1.930444708094026893e+06
6.604193962330305243e-03	7.803253192956057610e+05	1.907337066847216571e+06
6.820776732865678482e-03	7.705915953515770379e+05	1.883471616700439481e+06
7.044462277299037498e-03	7.605386565402302658e+05	1.858823505513971904e+06
7.275483529196232965e-03	7.501560342955676606e+05	1.833367066128835781e+06
7.514081061116961897e-03	7.394329167377763661e+05	1.807075789638454793e+06
7.760503335133571261e-03	7.283581374143412104e+05	1.779922297783762915e+06
8.015006961565396618e-03	7.177735342403961113e+05	1.753976559328451287e+06
8.277856966198472027e-03	7.090878121014026692e+05	1.732702343110549962e+06
8.549327066268385539e-03	7.001172440333383856e+05	1.710730444674996659e+06
8.829699955494081307e-03	6.908524885903216200e+05	1.688037983720500022e+06
9.119267598459298088e-03	6.812838979762560921e+05	1.664601329592418158e+06
9.418331534647961592e-03	6.714015079981599702e+05	1.640396076675128890e+06
9.727203192450536648e-03	6.611950276900143363e+05	1.615397018977388041e+06
1.004620421346811079e-02	6.510632825887869112e+05	1.590583185777527280e+06
1.037566678745184892e-02	6.430960297847022302e+05	1.571084235379690537e+06
1.071593399822671176e-02	6.348674930607773131e+05	1.550945822130855871e+06
1.106736018095974550e-02	6.263691036809058860e+05	1.530146975018252619e+06
1.143031129114480994e-02	6.175920118995787343e+05	1.508666035290368367e+06
1.180516528568803167e-02	6.085270777462561382e+05	1.486480633902743459e+06
1.219231251649109671e-02	5.991648615075111156e+05	1.463567668224094203e+06
1.259215613694151040e-02	5.895146423527235165e+05	1.439949925495625241e+06
1.300511252173409960e-02	5.822360208358927630e+05	1.422147353787458967e+06
1.343161170046018073e-02	5.747186988776782528e+05	1.403760951512655243e+06
1.387209780541618330e-02	5.669548483610964613e+05	1.384771572104297811e+06
1.432702953409829491e-02	5.589363844481635606e+05	1.365159441088933498e+06
1.479688062686396362e-02	5.506549571608044207e+05	1.344904135494560935e+06
1.528214036025870790e-02	5.421019426856498467e+05	1.323984562583284685e+06
1.578331405652119712e-02	5.332684343936836813e+05	1.302378937886523781e+06
1.630092360979738114e-02	5.263257238385349046e+05	1.285404808641466545e+06
1.683550802961200632e-02	5.194822626234498457e+05	1.268674681754549500e+06
1.738762400216250711e-02	5.124143719324182021e+05	1.251395894841406029e+06
1.795784647002096959e-02	5.051146916609416949e+05	1.233550454743561335e+06
1.854676923084701279e-02	4.975756203318681801e+05	1.215119778221732005e+06
1.915500555573523833e-02	4.897893071796407457e+05	1.196084672604287043e+06
1.978318882784162180e-02	4.817476439749480342e+05	1.176425315801066346e+06
2.043197320195270367e-02	4.751354112452095142e+05	1.160264591624734923e+06
2.110203428568596662e-02	4.689244325981633156e+05	1.145086448096668115e+06
2.179406984302958289e-02	4.625097665714329924e+05	1.129410541420570575e+06
2.250880052095457357e-02	4.558847332920072949e+05	1.113220547587446170e+06
2.324697059985645492e-02	4.490424338222278166e+05	1.096499607246792642e+06
2.400934876860652198e-02	4.419757429756276542e+05	1.079230308150234865e+06
2.479672892502160150e-02	4.346773018971592537e+05	1.061394667019376997e+06
2.560993100258462246e-02	4.284042310677445494e+05	1.046067184099867824e+06
2.644980182427714502e-02	4.227822900355739403e+05	1.032332610403740080e+06
2.731721598441373688e-02	4.169759789543883526e+05	1.018147615045224782e+06
2.821307675939470697e-02	4.109792514578573173e+05	1.003497426566655398e+06
2.913831704832788722e-02	4.047858628906864324e+05	9.883667890843692003e+05
3.009390034449724305e-02	3.983893638057853677e+05	9.727399464020887390e+05
3.108082173869057552e-02	3.917830932481759810e+05	9.566006256033051759e+05
3.210010895543168735e-02	3.858533165040054009e+05	9.421153316668863408e+05
3.315282342319423453e-02	3.807763911330848932e+05	9.297151850687008118e+05
3.424006137971426222e-02	3.755329693556523998e+05	9.169083789870718028e+05
3.536295501355046084e-02	3.701175909666910884e+05	9.036815771332579898e+05
3.652267364308168368e-02	3.645246166952247731e+05	8.900210058585047955e+05
3.772042493416994519e-02	3.587482223318954348e+05	8.759124398109347094e+05
3.895745615775501186e-02	3.527823926639625570e+05	8.613411871220736066e+05
4.023505548869293208e-02	3.471959639342272421e+05	8.476972827641043114e+05
4.155455334718879262e-02	3.426205603875906090e+05	8.365241928517612396e+05
4.291732378422148664e-02	3.378951077082215925e+05	8.249846844510379015e+05
4.432478591240391480e-02	3.330146850750363665e+05	8.130667409658350516e+05
4.577840538376615892e-02	3.279742102899446618e+05	8.007579517190096667e+05
4.727969591600390820e-02	3.227684344855315867e+05	7.880454990285875974e+05
4.883022086877885498e-02	3.173919366591826547e+05	7.749161448601509910e+05
5.043159487171348238e-02	3.121453644774008426e+05	7.621043587248710683e+05
5.208548550577655339e-02	3.080293123122893739e+05	7.520545380725632422e+05
5.379361503980698012e-02	3.037782753198586870e+05	7.416751362461295212e+05
5.555776222398878250e-02	2.993878267088836292e+05	7.309553447193186730e+05
5.737976414214139564e-02	2.948533945127077750e+05	7.198840005031591281e+05
5.926151812475564939e-02	2.901702568282535649e+05	7.084495745214482304e+05
6.120498372476690374e-02	2.853335368988988339e+05	6.966401596050214721e+05
6.321218475812448445e-02	2.804203335408489220e+05	6.846440652358230436e+05
6.528521141127847927e-02	2.767233341788361431e+05	6.756185455650140066e+05
6.742622241778348235e-02	2.729050927138416446e+05	6.662970363961714320e+05
6.963744730628236568e-02	2.689616330436008284e+05	6.566698308330568252e+05
7.192118872221178738e-02	2.648888486706417170e+05	6.467269036443722434e+05
7.427982482564911282e-02	2.606824984260072233e+05	6.364579008240440162e+05
7.671581176779301847e-02	2.563382020527427376e+05	6.258521288091480965e+05
7.923168624866261389e-02	2.518514356445405574e+05	6.148985433442299254e+05
8.183006815867406580e-02	2.484334019781451498e+05	6.065548541711153230e+05
8.451366330684703665e-02	2.450086365965447039e+05	5.981948250310035655e+05
8.728526623848370525e-02	2.414715569523689046e+05	5.895606309764061589e+05
9.014776314524917955e-02	2.378184797294863965e+05	5.806432808424519608e+05
9.310413487069084393e-02	2.340456008184001839e+05	5.714334886014274089e+05
9.615746001432116941e-02	2.301489913548622571e+05	5.619216636928290827e+05
9.931091813749780284e-02	2.261245936285752978e+05	5.520979010362946428e+05
1.025677930744420957e-01	2.229030543364635378e+05	5.442344784838539781e+05
1.059314763518370006e-01	2.198349616562945885e+05	5.367457885840235977e+05
1.094054707205743548e-01	2.166662516991769953e+05	5.290115091065040324e+05
1.129933938033223922e-01	2.133936247484868218e+05	5.210235860069330665e+05
1.166989818617144986e-01	2.100136728742784471e+05	5.127737011107234866e+05
1.205260936870841404e-01	2.065228763844560017e+05	5.042532634509793716e+05
1.244787146187906202e-01	2.029176001595662383e+05	4.954534003223518375e+05
1.285609606943296512e-01	1.998902977311962168e+05	4.880646177431284450e+05
1.327770829355431892e-01	1.971446893316255591e+05	4.813636024160257075e+05
1.371314717753943091e-01	1.943090394406369014e+05	4.744428290876867250e+05
1.416286616299197443e-01	1.913803951716569136e+05	4.672950908533721813e+05
1.462733356201129931e-01	1.883557067989897332e+05	4.599129444598364062e+05
1.510703304486655796e-01	1.852318245820025622e+05	4.522887025543382624e+05
1.560246414366371071e-01	1.820054954851629445e+05	4.444144256794639514e+05
1.611414277253016558e-01	1.791685559624942834e+05	4.374907320872876444e+05
1.664260176485901910e-01	1.767138713043011667e+05	4.315002069066117983e+05
1.718839142817145671e-01	1.741786859207970556e+05	4.253132240585818654e+05
1.775208011717636092e-01	1.715603598122760595e+05	4.189233407666636631e+05
1.833425482562292541e-01	1.688561664009497326e+05	4.123239029651936144e+05
1.893552179756291254e-01	1.660632896916423342e+05	4.055080383702093968e+05
1.955650715865947520e-01	1.631788213393701299e+05	3.984686493230359629e+05
2.019785756819878764e-01	1.605270484977008891e+05	3.919972858638637699e+05
2.086024089248504632e-01	1.583343065489866422e+05	3.866464087463932810e+05
2.154434690031886424e-01	1.560696542158968514e+05	3.811200510483240942e+05
2.225088798128364853e-01	1.537307332166540145e+05	3.754124579310591216e+05
2.298059988758848760e-01	1.513151079302611470e+05	3.695176858276103740e+05
2.373424250023866422e-01	1.488202628601843317e+05	3.634295962533056736e+05
2.451260062033339959e-01	1.462436000148550665e+05	3.571418494135130313e+05
2.531648478631358112e-01	1.437707485614135512e+05	3.511075139851931599e+05
2.614673211801087360e-01	1.418134544276258384e+05	3.463315447541447356e+05
2.700420718837769907e-01	1.397919713574337948e+05	3.413989488925104379e+05
2.788980292380439652e-01	1.377041942918760760e+05	3.363045898719291436e+05
2.880444153396297668e-01	1.355479491371468466e+05	3.310431627129690023e+05
2.974907547214443726e-01	1.333209905006167537e+05	3.256091884608197142e+05
3.072468842708997450e-01	1.310209993526073376e+05	3.199970084798174794e+05
3.173229634734973104e-01	1.287200225390199193e+05	3.143824579159675050e+05
3.277294849923382269e-01	1.269740467223795276e+05	3.101224519788562320e+05
3.384772855945983316e-01	1.251708120968954609e+05	3.057227402890641242e+05
3.495775574363279015e-01	1.233084408752816526e+05	3.011787412338846480e+05
3.610418597173329913e-01	1.213849936887217336e+05	2.964857229478511726e+05
3.728821307182829670e-01	1.193984675673180463e+05	2.916387983852359466e+05
3.851107002325568907e-01	1.173467938543129421e+05	2.866329202309583197e+05
3.977403024058037140e-01	1.152278360519046400e+05	2.814628756445922190e+05
4.107840889965651554e-01	1.136535015323071857e+05	2.776219642553835292e+05
4.242556430717768223e-01	1.120458923637898115e+05	2.736998853024116834e+05
4.381689931514186065e-01	1.103855620835602313e+05	2.696491828216116410e+05
4.525386278170167031e-01	1.086707817168936017e+05	2.654656386388703249e+05
4.673795107992463338e-01	1.068997655878022779e+05	2.611448962461849442e+05
4.827070965603187935e-01	1.050706694595332519e+05	2.566824562650405860e+05
4.985373463873883915e-01	1.031815886140838847e+05	2.520736717610107735e+05
5.148867450137487589e-01	1.017031899115075648e+05	2.484670876513113035e+05
5.317723177850967042e-01	1.002707269560069399e+05	2.449726334167374007e+05
5.492116483887790057e-01	9.879128676189684484e+04	2.413635794923376234e+05
5.672228971644548423e-01	9.726332872323080665e+04	2.376361676120061311e+05
5.858248200152549323e-01	9.568526171030328260e+04	2.337865162583075871e+05
6.050367879391213011e-01	9.405544241273688385e+04	2.298106166204835754e+05
6.248788072006887795e-01	9.237217362823024450e+04	2.257043284199000336e+05
6.453715401646701322e-01	9.098762376296512957e+04	2.223269762122384564e+05
6.665363268124920859e-01	8.971181290458119474e+04	2.192149925695779966e+05
6.883952069645510319e-01	8.839416217111727747e+04	2.160009522576203453e+05
7.109709432312424360e-01	8.703329943508676661e+04	2.126815083552557626e+05
7.342870447166758296e-01	8.562780757044948405e+04	2.092532041799926956e+05
7.583677914997191127e-01	8.417622297689714469e+04	2.057124696883652650e+05
7.832382599179205096e-01	8.267703405574157659e+04	2.020556177582887176e+05
8.089243486805955952e-01	8.138359410071339516e+04	1.989008127224649070e+05
8.354528058382855171e-01	8.024776921139599290e+04	1.961306125742943259e+05
8.628512566366886016e-01	7.907469524932641070e+04	1.932695644549022836e+05
8.911482322840202919e-01	7.786315064114965207e+04	1.903146890294275072e+05
9.203731996618230715e-01	7.661187375233988860e+04	1.872629092565203900e+05
9.505565920101212152e-01	7.531956157340522623e+04	1.841110471840851533e+05
9.817298406188821325e-01	7.398486836300697178e+04	1.808558206399392802e+05
1.013925407558814440e+00	7.277929813634222955e+04	1.779156564063949918e+05
1.047176819485520438e+00	7.176846770841623947e+04	1.754506437869461079e+05
1.081518702552289213e+00	7.072448736759088933e+04	1.729047917394655815e+05
1.116986818467825104e+00	6.964626997135953570e+04	1.702754491565826174e+05
1.153618101736475943e+00	6.853269272466855182e+04	1.675598779885712720e+05
1.191450698119774998e+00	6.738259601070113422e+04	1.647552503920978052e+05
1.230524004359261570e+00	6.619478218331832613e+04	1.618586457854654873e+05
1.270878709202059476e+00	6.507347078802400210e+04	1.591243127220141760e+05
1.312556835771845343e+00	6.417417139383286849e+04	1.569316236830842390e+05
1.355601785329366038e+00	6.324537971709446720e+04	1.546670259949412139e+05
1.400058382468096108e+00	6.228612856630875467e+04	1.523281614327109710e+05
1.445972921792019639e+00	6.129541903119008930e+04	1.499125944341676659e+05
1.493393216124253353e+00	6.027221944245764462e+04	1.474178095634748752e+05
1.542368646296630619e+00	5.921546429751314281e+04	1.448412088917522051e+05
1.592950212572119773e+00	5.817454198680340778e+04	1.423032667791721469e+05
1.645190587753660783e+00	5.737469939910243556e+04	1.403534295036839612e+05
1.699144172034625866e+00	5.654862618816044414e+04	1.383396478374605358e+05
1.754867149648152269e+00	5.569546212772017316e+04	1.362598247413499921e+05
1.812417547374239657e+00	5.481431878063488693e+04	1.341117944043636962e+05
1.871855294965575345e+00	5.390427857369989943e+04	1.318933199883224443e+05
1.933242287555043237e+00	5.296439384214286838e+04	1.296020912985377363e+05
1.996642450109793465e+00	5.199982658788164554e+04	1.272506998325009481e+05
2.062121803999144465e+00	5.128862593054745957e+04	1.255173166777069564e+05
2.129748535745523252e+00	5.055410163831541286e+04	1.237270876870386710e+05
2.199593068030070597e+00	4.979548881883175636e+04	1.218781486165481037e+05
2.271728133026902796e+00	4.901199749530275585e+04	1.199685740849060967e+05
2.346228848142262624e+00	4.820281178385779640e+04	1.179963755684196367e+05
2.423172794237601124e+00	4.736708904393334524e+04	1.159594993302940275e+05
2.502640096417921622e+00	4.650395900079450803e+04	1.138558242819870211e+05
2.584713507469558191e+00	4.584252248449706531e+04	1.122440623922847299e+05
2.669478494034318139e+00	4.518955339872809418e+04	1.106529924378845753e+05
2.757023325609582631e+00	4.451517036683997867e+04	1.090097437708655489e+05
2.847439166467247595e+00	4.381867112421039201e+04	1.073126052043354575e+05
2.940820170587066684e+00	4.309933037563701509e+04	1.055598094334867055e+05
3.037263579703306071e+00	4.235639904005588323e+04	1.037495311952245247e+05
3.136869824566873799e+00	4.158910347049009579e+04	1.018798853674395941e+05
3.239742629528195472e+00	4.097024520981718524e+04	1.003722216084355023e+05
3.345989120549975215e+00	4.038989844553218427e+04	9.895850516199669801e+04
3.455719936762142730e+00	3.979051936469244538e+04	9.749842626368755009e+04
3.569049345675222806e+00	3.917148380757879931e+04	9.599046446932801337e+04
3.686095362172154388e+00	3.853214714532123617e+04	9.443304947217824520e+04
3.806979871402284221e+00	3.787184360861898313e+04	9.282455946771037998e+04
3.931828755705770284e+00	3.718988559444544808e+04	9.116331946475167933e+04
4.060772025700369880e+00	3.661227156877892412e+04	8.975650221985591634e+04
4.193943955667178258e+00	3.609656935222200991e+04	8.850066381343633111e+04
4.331483223376394243e+00	3.556395481972303969e+04	8.720364052314452420e+04
4.473533054498463279e+00	3.501387333641463192e+04	8.586408170175497071e+04
4.620241371751312442e+00	3.444575207832754677e+04	8.448059240792828496e+04
4.771760948938751135e+00	3.385899943588401948e+04	8.305173195359778765e+04
4.928249570040502903e+00	3.325300439782891772e+04	8.157601240371815220e+04
5.089870193519674402e+00	3.271508480549839078e+04	8.026626163046456350e+04
5.256791122018420026e+00	3.225690798573746360e+04	7.915091872641579539e+04
5.429186177618942288e+00	3.178370538000099987e+04	7.799899845083107357e+04
5.607234882852038638e+00	3.129498422166605451e+04	7.680930125861651322e+04
5.791122647641747001e+00	3.079023558396046428e+04	7.558058826591870456e+04
5.981040962380932413e+00	3.026893384999479167e+04	7.431157996001989522e+04
6.177187597338488878e+00	2.973053616541483643e+04	7.300095486692620034e+04
6.379766808606282424e+00	2.923060702663592383e+04	7.178411179007681494e+04
6.588989550799956518e+00	2.882360722382901804e+04	7.079376010913345090e+04
6.805073696735220778e+00	2.840325997159799226e+04	6.977093011030807975e+04
7.028244264308338707e+00	2.796912754391723502e+04	6.871455667587270727e+04
7.258733650817245753e+00	2.752075785965331306e+04	6.762353975784857175e+04
7.496781874966876202e+00	2.705768401179336433e+04	6.649674323247879511e+04
7.742636826811278183e+00	2.657942378123417438e+04	6.533299371713231812e+04
7.996554525892363152e+00	2.611567847339616492e+04	6.420464590059009788e+04
8.258799387844256046e+00	2.575419841886284848e+04	6.332546379254140629e+04
8.529644499741017682e+00	2.538086372284701793e+04	6.241744914295121998e+04
8.809371904473991322e+00	2.499528561555930719e+04	6.147965639634922991e+04
9.098272894455567084e+00	2.459706257760927838e+04	6.051110898802690645e+04
9.396648314954710202e+00	2.418577992188572534e+04	5.951079832709784387e+04
9.704808877380287413e+00	2.376100936172485672e+04	5.847768274620807642e+04
1.002307548283864236e+01	2.333158142789754129e+04	5.743326737228994898e+04
1.035177955630176250e+01	2.301058300597520793e+04	5.665293884809369774e+04
1.069126339173477191e+01	2.267905752685953121e+04	5.584701965913770982e+04
1.104188050854162562e+01	2.233665975853195050e+04	5.501467056643158139e+04
1.140399601970030830e+01	2.198303314718246111e+04	5.415502480836727773e+04
1.177798701197118092e+01	2.161780944591431762e+04	5.326718719812187919e+04
1.216424293857368077e+01	2.124060833127263322e+04	5.235023319146091671e+04
1.256316602474121602e+01	2.085103700719675180e+04	5.140320792396950856e+04
1.297517168657589615e+01	2.055860602646229745e+04	5.069267634698248003e+04
1.340068896363947992e+01	2.026425887685688940e+04	4.997752270753181801e+04
1.384016096573130383e+01	1.996025869138902272e+04	4.923891579619440017e+04
1.429404533431761060e+01	1.964628890133542518e+04	4.847608646920620231e+04
1.476281471909391030e+01	1.932202255618637355e+04	4.768824035893949622e+04
1.524695727017576097e+01	1.898712198317781440e+04	4.687455704669321858e+04
1.574697714643083479e+01	1.864123843565798234e+04	4.603418920835499739e+04
1.626339504048190676e+01	1.836766872356460226e+04	4.536979205614497914e+04
1.679674872092653359e+01	1.810638122696948267e+04	4.473531500658181903e+04
1.734759359233932585e+01	1.783652487696975368e+04	4.408003045226951508e+04
1.791650327363903017e+01	1.755781866031515892e+04	4.340325601666790317e+04
1.850407019542298315e+01	1.726997234800126535e+04	4.270428694488122710e+04
1.911090621689136171e+01	1.697268619304113963e+04	4.198239536976558156e+04
1.973764326300255334e+01	1.666565061832588617e+04	4.123682955396945908e+04
2.038493398252463962e+01	1.641037784166847996e+04	4.061715497760564904e+04
2.105345242766708225e+01	1.617848966066240610e+04	4.005437224596007582e+04
2.174389475600075627e+01	1.593899676892509342e+04	3.947313320550164644e+04
2.245697995539771696e+01	1.569164977200673275e+04	3.887283258653047960e+04
2.319345059274427712e+01	1.543619109663347626e+04	3.825284526968937280e+04
2.395407358720879643e+01	1.517235472248498081e+04	3.761252563499930693e+04
2.473964100886816908e+01	1.489986590517581681e+04	3.695120688954713842e+04
2.555097090352501965e+01	1.466222983128500346e+04	3.637459563213393994e+04
2.638890814457507972e+01	1.445649067933403239e+04	3.587551082991620206e+04
2.725432531281027693e+01	1.424400436704959793e+04	3.536005867540492181e+04
2.814812360507581346e+01	1.402454962311734562e+04	3.482770240566939174e+04
2.907123377272581166e+01	1.379789791968949430e+04	3.427788765478251298e+04
3.002461709085543262e+01	1.356381323440878259e+04	3.371004187653528061e+04
3.100926635931923414e+01	1.332205180462792669e+04	3.312357374821905978e+04
3.202620693657650008e+01	1.310132602272783697e+04	3.258818779165723754e+04
3.307649780744242918e+01	1.291885286711752633e+04	3.214568153549761701e+04
3.416123268585532458e+01	1.273039555328656934e+04	3.168866340529478111e+04
3.528154115380876732e+01	1.253575783237038377e+04	3.121665748802990493e+04
3.643858983763541204e+01	1.233473701957541198e+04	3.072917226324410512e+04
3.763358362286533065e+01	1.212712378311470275e+04	3.022570009119700626e+04
3.886776690892667574e+01	1.191270192622143259e+04	2.970571668423896699e+04
4.014242490499325555e+01	1.170811886775605490e+04	2.920959536769013357e+04
4.145888496832903058e+01	1.154635793119866867e+04	2.881732727603809690e+04
4.281851798652406416e+01	1.137929208809190641e+04	2.841219485747992439e+04
4.422273980505897129e+01	1.120674736544764164e+04	2.799377622986345523e+04
4.567301270168746896e+01	1.102854408488023000e+04	2.756163567552441236e+04
4.717084690917022272e+01	1.084449667549953119e+04	2.711532318755451342e+04
4.871780218794621931e+01	1.065441348066783758e+04	2.665437400118961159e+04
5.031548945038046838e+01	1.046518555247402765e+04	2.619547937847873982e+04
5.196557243827657402e+01	1.032187887763012804e+04	2.584779954487877694e+04
5.366976945540476152e+01	1.017387249880252602e+04	2.548871764434227953e+04
5.542985515684674169e+01	1.002101229045897890e+04	2.511785974914073813e+04
5.724766239702167070e+01	9.863139072561747525e+03	2.473483966868607968e+04
5.912508413831869092e+01	9.700088444806375264e+03	2.433925854737329064e+04
6.106407542232037144e+01	9.531690615424549833e+03	2.393070444923485047e+04
6.306665540567406225e+01	9.357770224372412486e+03	2.350875192897356828e+04
6.513490946272808912e+01	9.230184498490842088e+03	2.319882593273153543e+04
6.727099135712350630e+01	9.099181044941002256e+03	2.288058970571036480e+04
6.947712548460225435e+01	8.963881368251555614e+03	2.255191700693717939e+04
7.175560918936922405e+01	8.824144574936339268e+03	2.221246557511860374e+04
7.410881515641570161e+01	8.679825150945138375e+03	2.186188192459403945e+04
7.653919388230156073e+01	8.530772810133446910e+03	2.149980097723534709e+04
7.904927622696436629e+01	8.376832337762944007e+03	2.112584568227507407e+04
8.164167604921453858e+01	8.257769394060729610e+03	2.083602256804407443e+04
8.431909292866251349e+01	8.141961954643788886e+03	2.055398199416160787e+04
8.708431497690725109e+01	8.022356641296948510e+03	2.026269197526840071e+04
8.994022174092053490e+01	7.898828903762819209e+03	1.996184917829492042e+04
9.288978720164516290e+01	7.771250107191701318e+03	1.965114032244495320e+04
9.593608287093125853e+01	7.639487398188508450e+03	1.933024185296257929e+04
9.908228099003788714e+01	7.503403566466623488e+03	1.899881960420028554e+04
1.023316578330244937e+02	7.392708757730566504e+03	1.872844358872031444e+04
1.056875971184805252e+02	7.290518476332576938e+03	1.847843405801918561e+04
1.091535935331393290e+02	7.184976892051417053e+03	1.822022553178153612e+04
1.127332563710484834e+02	7.075974099807469429e+03	1.795354912614676505e+04
1.164303132920875612e+02	6.963396590213450509e+03	1.767812713928005542e+04
1.202486142037412122e+02	6.847127131372192707e+03	1.739367276218947154e+04
1.241921352701784684e+02	6.727044646797872701e+03	1.709988978005902754e+04
1.282649830528062580e+02	6.624539016863780489e+03	1.684816076298190819e+04
1.324713987866115019e+02	6.534597893961760747e+03	1.662643811492942405e+04
1.368157627967470660e+02	6.441707176045667438e+03	1.639744413207367688e+04
1.413025990599533657e+02	6.345770131937756560e+03	1.616094035293911838e+04
1.459365799155757486e+02	6.246686858187231337e+03	1.591668049577002421e+04
1.507225309310758803e+02	6.144354175036403831e+03	1.566441020206650683e+04
1.556654359271059036e+02	6.038665518975111809e+03	1.540386677170990151e+04
1.607704421673822139e+02	5.944166032025101231e+03	1.516986300041857248e+04
1.660428657187529780e+02	5.865304618901711365e+03	1.497304133673055003e+04
1.714881969870540956e+02	5.783856966876189290e+03	1.476976495934603372e+04
1.771121064345090304e+02	5.699738260937063387e+03	1.455982218765973630e+04
1.829204504846290149e+02	5.612860904587304503e+03	1.434299439905769577e+04
1.889192776207664224e+02	5.523134428626217414e+03	1.411905580125584129e+04
1.951148346846616732e+02	5.430465396939953280e+03	1.388777319717276987e+04
2.015135733815558865e+02	5.343805353759276841e+03	1.367046477314268304e+04
2.081221569986341819e+02	5.275046344397259418e+03	1.349545477258082428e+04
2.149474673437976264e+02	5.204032401756211584e+03	1.331470536596742932e+04
2.219966119119952452e+02	5.130689575903733385e+03	1.312802833101961369e+04
2.292769312865648885e+02	5.054941491739244157e+03	1.293522927275525763e+04
2.367960067833078881e+02	4.976709269461205622e+03	1.273610742106089492e+04
2.445616683452449251e+02	4.895911442426137000e+03	1.253045542162101265e+04
2.525820026962779821e+02	4.816962481135170492e+03	1.232870804527584733e+04
2.608653617622545084e+02	4.757521969223036649e+03	1.217265286879177256e+04
2.694203713681882277e+02	4.696132121657617972e+03	1.201147990463033420e+04
2.782559402207126027e+02	4.632729010498747812e+03	1.184502131631664088e+04
2.873812691851068735e+02	4.567246611306594787e+03	1.167310376322359298e+04
2.968058608665596125e+02	4.499616734387533143e+03	1.149554822006472023e+04
3.065395295056523537e+02	4.429768953785190206e+03	1.131216979046720371e+04
3.165924111983520675e+02	4.358466539649302831e+03	1.112473754684075720e+04
3.269749744511767631e+02	4.307765997192328541e+03	1.098494231497819055e+04
3.376980310825094875e+02	4.255402744037332013e+03	1.084056253596314491e+04
3.487727474814170705e+02	4.201322252032719007e+03	1.069144786080080121e+04
3.602106562357066082e+02	4.145468204790764503e+03	1.053744300984130678e+04
3.720236681413065867e+02	4.087782439042920032e+03	1.037838761108037761e+04
3.842240846055060501e+02	4.028204884071837114e+03	1.021411603315682260e+04
3.968246104569486192e+02	3.966673499157089282e+03	1.004445721287335982e+04
4.098383671757252955e+02	3.922273422109997682e+03	9.913470678459758346e+03
4.232789065573544462e+02	3.878579479648517918e+03	9.783183382901184814e+03
4.371602248248502747e+02	3.833452606057531739e+03	9.648623350412326545e+03
4.514967772036101792e+02	3.786845808744788883e+03	9.509650457730989729e+03
4.663034929742735812e+02	3.738710554008573581e+03	9.366119986290166707e+03
4.815957910192341274e+02	3.688996716497439593e+03	9.217882471516259102e+03
4.973895958790057534e+02	3.637652527012459814e+03	9.064783547184990312e+03
5.137013543351338285e+02	3.599239055508196543e+03	8.939637624393382794e+03
5.305480525369574707e+02	3.564146318559568044e+03	8.820722248763675452e+03
5.479472336900292930e+02	3.527902724710406801e+03	8.697907075269149573e+03
5.659170163246230914e+02	3.490470531917188509e+03	8.571064211084309136e+03
5.844761131633625837e+02	3.451810760396172554e+03	8.440061569172677991e+03
6.036438506075865007e+02	3.411883152032076850e+03	8.304762730738881146e+03
6.234401888627863855e+02	3.370646128455516646e+03	8.165026803169701452e+03
6.438857427240425295e+02	3.338943503534206229e+03	8.044368445415729184e+03
6.650018030431132274e+02	3.312738843566606192e+03	7.933961382394740212e+03
6.868103588995293194e+02	3.285674808800345545e+03	7.819933549340034915e+03
7.093341204987989386e+02	3.257723216269276691e+03	7.702166204068985280e+03
7.325965428215230304e+02	3.228854958754443487e+03	7.580536710280965963e+03
7.566218500481062392e+02	3.199039974473444090e+03	7.454918409850729404e+03
7.814350607844559136e+02	3.168247215775781569e+03	7.325180490933768851e+03
8.070620141149491928e+02	3.144234457666856997e+03	7.207232493325413088e+03
8.335293965098187527e+02	3.127580221329227243e+03	7.102194669335930485e+03
8.608647696149245121e+02	3.110379813775590264e+03	6.993712158067362907e+03
8.890965989529167928e+02	3.092615323467334747e+03	6.881671991923845781e+03
9.182542835656300895e+02	3.074268251461743148e+03	6.765957498567498988e+03
9.483681866285909337e+02	3.055319492148233167e+03	6.646448179422407520e+03
9.794696670695386729e+02	3.035749313352837362e+03	6.523019584194122217e+03
1.011591112223829782e+03	3.020582029774879629e+03	6.405497275002602692e+03
1.044765971560805156e+03	3.014145597078998435e+03	6.302329875215868014e+03
1.079028791516185947e+03	3.007498083298341044e+03	6.195779128210352610e+03
1.114415251466786003e+03	3.000632566085319922e+03	6.085734078021040659e+03
1.150962200885031052e+03	2.993541896075812474e+03	5.972080129911749282e+03
1.188707697711903165e+03	2.986218689444217489e+03	5.854698931042683398e+03
1.227691047988360424e+03	2.978655320214351832e+03	5.733468247224378501e+03
1.267952846786436567e+03	2.973071255286035921e+03	5.613536873024841043e+03
1.309535020482665232e+03	2.975263260151548366e+03	5.508522224686686968e+03
1.352480870417874030e+03	2.977527151228990988e+03	5.400063649108707068e+03
1.396835117988739739e+03	2.979865286007411214e+03	5.288048203620334789e+03
1.442643951218158691e+03	2.982280099289080681e+03	5.172359241626390940e+03
1.489955072852856802e+03	2.984774105724956826e+03	5.052876291137872613e+03
1.538817750038343092e+03	2.987349902433301395e+03	4.929474929319215335e+03
1.589282865622976715e+03	2.989687861938609331e+03	4.803846522990398626e+03
1.641402971144466619e+03	2.988608481009284333e+03	4.693826548282955628e+03
1.695232341554121376e+03	2.987493702071743883e+03	4.580198497999253050e+03
1.750827031735726905e+03	2.986342364257798181e+03	4.462844046268021884e+03
1.808244934877948026e+03	2.985153268628896058e+03	4.341640986752785466e+03
1.867545842761074027e+03	2.983925176927617485e+03	4.216463105392974285e+03
1.928791508020777655e+03	2.982656810288224278e+03	4.087180048971786618e+03
1.992045708453871384e+03	2.981346847904916558e+03	3.953657189373601796e+03
2.057374313432916097e+03	2.948567647800328814e+03	3.836976823181418695e+03
2.124845352498878583e+03	2.913032613660044262e+03	3.717604988799608236e+03
2.194529086203311635e+03	2.876332217601394404e+03	3.594318387110557524e+03
2.266498079273692838e+03	2.838428241892681399e+03	3.466988634369916326e+03
2.340827276178294142e+03	2.799281215461938245e+03	3.335483136522839686e+03
2.417594079169133238e+03	2.758850372793974657e+03	3.199664951127998393e+03
2.496878428884322147e+03	2.717093611479464016e+03	3.059392644753433160e+03
2.578762887593798041e+03	2.641398889711791526e+03	2.938244356954400246e+03
2.663332725174980624e+03	2.555673254003036618e+03	2.818621684829197875e+03
2.750676007908067731e+03	2.467136269052631178e+03	2.695076019240220376e+03
2.840883690183307408e+03	2.375695737415864642e+03	2.567478706668503946e+03
2.934049709215781604e+03	2.281256438057556352e+03	2.435696874437436236e+03
3.030271082866393044e+03	2.183720027194166960e+03	2.299593292346546150e+03
3.129648010670750864e+03	2.082984935884175229e+03	2.159026229767775021e+03
3.232283978181380917e+03	1.982613648369547263e+03	2.042353395689900708e+03
3.338285864731764832e+03	1.880716121386687973e+03	1.935575641029996859e+03
3.447764054734457204e+03	1.775476892323235916e+03	1.825296138531128236e+03
3.560832552629274687e+03	1.666786370955276652e+03	1.711400049311639350e+03
3.677609101601030943e+03	1.554531373076923956e+03	1.593768768379580251e+03
3.798215306190736101e+03	1.438595002636588788e+03	1.472279801124071810e+03
3.922776758927723677e+03	1.318856530008005166e+03	1.346806635756307514e+03
4.051423171114639445e+03	1.220846100795391067e+03	1.246076143618874994e+03
4.184288507901576850e+03	1.141576830588876419e+03	1.166738472470243551e+03
4.321511127789762213e+03	1.059707945916527933e+03	1.084798943665218530e+03
4.463233926710398009e+03	9.751541931188464787e+02	1.000172229979467716e+03
4.609604486828438894e+03	8.878275226654235439e+02	9.127702059052105596e+02
4.760775230226357962e+03	7.976369974651179291e+02	8.225018558822763453e+02
4.916903577628021594e+03	7.044886981692260406e+02	7.292731795195610403e+02
5.078152112327669784e+03	6.294723887132256550e+02	6.537717767643857769e+02
5.244688749495119737e+03	5.833488887837395396e+02	6.065522618771437919e+02
5.416686911033157230e+03	5.357127810389024489e+02	5.577841956578320151e+02
5.594325706169366640e+03	4.865144599109171395e+02	5.074167937806582813e+02
5.777790117970495885e+03	4.357026930306708437e+02	4.553976064614623169e+02
5.967271195973309659e+03	3.832245678772587780e+02	4.016724638394916838e+02
6.162966255132942024e+03	3.290254366778310100e+02	3.461854195679258623e+02
6.365079081295578362e+03	2.826373975568541255e+02	2.985448610818583006e+02
6.573820143409572665e+03	2.608848708181369034e+02	2.757105089062683874e+02
6.789406812696099223e+03	2.384189757964608418e+02	2.521273102725342312e+02
7.012063589007177143e+03	2.152163177702295229e+02	2.277707069618152786e+02
7.242022334607316225e+03	1.912527347942207996e+02	2.026153353750650297e+02
7.479522515621828461e+03	1.665032725386963932e+02	1.766350001208057563e+02
7.724811451403416868e+03	1.409421583033636978e+02	1.498026467367183727e+02
7.978144572076612349e+03	1.169742643090130088e+02	1.246262421117623944e+02
8.239785684528511410e+03	1.079574623534817590e+02	1.150371148909147507e+02
8.510007247122248373e+03	9.864495679505252212e+01	1.051335148135226376e+02
8.789090653419963928e+03	8.902705011334089136e+01	9.490512882655997373e+01
9.077326525210242835e+03	7.909372676038103123e+01	8.434130566319132072e+01
9.375015015145270809e+03	6.883464273099792763e+01	7.343104475114218133e+01
9.682466119303113373e+03	5.823911479113584022e+01	6.216298475731511530e+01
1.000000000000000000e+04	4.729610935294616780e+01	5.052539175674380800e+01
