# Frequency (Hz)	Real Part (Ohm/m)
1000.0	11571231.41837911
1018.6101701559753	11635990.255212178
1037.566678745186	11701954.26501782
1056.875971184804	11769145.87627011
1076.5446128423157	11837587.934840862
1096.5792912678098	11907303.711767437
1116.9868184678226	11978316.911165172
1137.7741332214914	12050651.678287026
1158.9483034398106	12124332.607733205
1180.5165285688054	12199384.75181363
1202.4861420374123	12275833.629065959
1224.8646137509306	12353705.232932186
1247.6595526308697	12433026.04059669
1270.8787092020582	12503067.601036971
1294.529978227916	12564087.128103925
1318.6214013947485	12626242.238952424
1343.1611700460153	12689554.06698988
1368.1576279674719	12754044.138920002
1393.619274224142	12819734.38206211
1419.5547660501015	12886647.131806685
1445.9729217920194	12954805.139209606
1472.882723907502	13024231.57872779
1500.2933220192183	13094950.056098733
1528.2140360258693	13166984.616366716
1556.654359271062	13240359.752058402
1585.6239617711371	13314562.137153227
1615.132693503091	13368958.090986421
1645.1905877536624	13424366.362776242
1675.807864530767	13480805.791932117
1706.9949340384078	13538295.568468096
1738.7624002162504	13596855.239527637
1771.1210643450886	13656504.716029875
1804.0819287193826	13717264.27943953
1837.6562003881704	13779154.588662842
1871.8552949655793	13842196.687071811
1906.690840512252	13906412.009659156
1942.1746814890264	13971822.390326476
1978.3188827841643	14038450.069307977
2015.1357338155585	14094649.630177625
2052.6377527092523	14141762.130924238
2090.8376905557498	14189751.403326219
2129.748535745521	14238633.764253264
2169.3835183851843	14288425.834234787
2209.756114795903	14339144.543111086
2250.880052095462	14390807.135789663
2292.7693128656488	14443431.178108685
2335.438139906479	14497034.562809562
2378.9010410788933	14551635.515620658
2423.1727942376006	14607252.601454247
2468.2684522556924	14663904.730718778
2514.2033481427966	14720558.912875758
2560.9931002584594	14758089.213818228
2608.6536176225477	14796317.960047241
2657.2011053245064	14835258.149748428
2706.652070033241	14874923.02300586
2757.0233256095826	14915326.066303825
2808.3319988231724	14956481.017112385
2860.5955351757416	14998401.868558254
2913.831704832789	15041102.87418262
2968.0586086656026	15084598.552787477
3023.2946844057765	15128903.693372224
3079.5587129142264	15174033.360162038
3136.8698245668766	15220002.897729892
3195.2475057592133	15255636.790096968
3254.711605531848	15283149.005974218
3315.282342319423	15311173.228870308
3376.9803108250912	15339718.987322984
3439.8264890229243	15368795.987197697
3503.8422452906757	15398414.114987707
3569.0493456752292	15428583.441175586
3635.4699612933177	15459314.223657314
3703.126675869927	15490616.911230054
3772.0424934169973	15522502.14714486
3842.240846055061	15554980.772725506
3913.745601980384	15588063.83105464
3986.581073580439	15620420.648534935
4060.7720257003657	15636675.749663897
4136.343684063274	15653233.36099077
4213.321743847289	15670099.112281814
4291.732378422157	15687278.738074193
4371.602248248501	15704778.079625783
4452.958509942655	15722603.086901266
4535.828825510186	15740759.820595179
4620.241371751313	15759254.45419261
4706.224849841281	15778093.276068265
4793.808495089106	15797282.69162456
4883.02208687788	15816829.225469552
4973.895958790063	15836739.523635361
5066.461008921268	15847950.696729306
5160.7487103859075	15852943.485828957
5256.791122018419	15858029.191583304
5354.620899273607	15863209.543187104
5454.271305329836	15868486.302015716
5555.7762223988775	15873861.262224004
5659.170163246242	15879336.251356348
5764.488282925873	15884913.130968047
5871.766390733255	15890593.797258258
5981.040962380945	15896380.181714732
6092.349152400711	15902274.251770528
6205.7288067765	15908278.011472972
6321.218475812449	15913160.686201012
6438.8574272404185	15906935.99569072
6558.685659571435	15900595.462630862
6680.743915695614	15894136.931171885
6805.073696735206	15887558.205343494
6931.717276155407	15880857.048308026
7060.717714137772	15874031.181599889
7192.118872221193	15867078.284350852
7325.96542821523	15859995.992500933
7462.302891391108	15852781.89799459
7601.17761795533	15845433.547961967
7742.636826811269	15837948.443884868
7886.728615614156	15830324.040747259
8033.501977124735	15817072.331332834
8183.00681586739	15800071.508570332
8335.293965098195	15782754.297603428
8490.415204088747	15765114.810393805
8648.423275731726	15747147.049325744
8809.37190447399	15728844.905166887
8973.31581458352	15710202.154991014
9140.310748756232	15691212.460062189
9310.413487069076	15671869.363679534
9483.681866285926	15652166.288981851
9660.174799522645	15632096.536711449
9839.952296278227	15611653.282936309
10023.075482838643	15590168.673502784
10209.606623060476	15563615.009748708
10399.609139541202	15536567.177793905
10593.1476351837	15509015.981084075
10790.287915161836	15480952.051915474
10991.097009294961	15452365.848249797
11195.643194838794	15423247.65046979
11403.99601970033	15393587.55807446
11616.22632608502	15363375.486312814
11832.40627458378	15332601.16275492
12052.609368708414	15301254.123799175
12276.910479883603	15269323.711114576
12505.385872903913	15236799.068016771
12738.113231864783	15202634.22319487
12975.171686575868	15167239.636995202
13216.641839466038	15131186.35152376
13462.60579298911	15094462.10827501
13713.147177539455	15057054.420610555
13968.351179887397	15018950.56951352
14228.30457214352	14980137.599263974
14493.09574126215	14940602.313033825
14762.81471909391	14900331.268399762
15037.553212997384	14859310.772772703
15317.404637020798	14817526.878742145
15602.46414366368	14774965.379333898
15892.828656229764	14731902.310187189
16188.596901781993	14689699.299229331
16489.86944471065	14646710.883056464
16796.74872092653	14602922.44514388
17109.339072690134	14558319.096950877
17427.746784089173	14512885.67285848
17752.08011717636	14466606.725012949
18082.44934877952	14419466.518073376
18418.96680799711	14371449.02386147
18761.746914391195	14322537.91591182
19110.90621689136	14272716.563920707
19466.56343342263	14221968.028091632
19828.83949127071	14170275.053375619
20197.857568198782	14121100.055209182
20573.743134329114	14072799.138804825
20956.623994804308	14023599.334127493
21346.630333242454	13973483.91271347
21743.8947560008	13922435.834779497
22148.55233726359	13870437.743429039
22560.74066496859	13817471.958750764
22980.599887588487	13763520.471807182
23408.272761782944	13708564.938511403
23843.904700937208	13652586.673389982
24287.643824604504	13595566.64322962
24739.64100886812	13537485.460605672
25200.049937640895	13479749.324485675
25669.027154919517	13427723.355919415
26146.732118010917	13374729.175225612
26633.327251749808	13320748.763811823
27128.978003724646	13265763.767756533
27633.852900531667	13209755.491568629
28148.123605075813	13152704.891830714
28671.964974937695	13094592.57072419
29205.55512182745	13035398.769433709
29749.075472144435	12975103.361429028
30302.71082866393	12913685.845621768
30866.649433372742	12851125.339394769
31441.08303147265	12787400.571501844
32026.206936576502	12729825.002529692
32622.220097116733	12674542.954976575
33229.325163989684	12618232.099111937
33847.72855945983	12560873.288638018
34477.640547344636	12502447.020941239
35119.275304507275	12442933.430461047
35772.850993678774	12382312.281935416
36438.58983763541	12320562.963520687
37116.71819475767	12257664.479783231
37807.466635993485	12193595.444560876
38511.070023255685	12128334.073691301
39227.76758927723	12061858.177605227
39957.803018952654	11996666.261828465
40701.42453219439	11940439.039911477
41458.88496832911	11883165.419827221
42230.441872066716	11824825.92792775
43016.35758106799	11765400.72815721
43816.89931514194	11704869.61530739
44632.33926710397	11643212.008147707
45462.95469532399	11580406.942427373
46309.02801799736	11516433.063747324
47170.84690917023	11451268.620299494
48048.704396551344	11384891.45547099
48942.89896114532	11317279.000310555
49853.73463873894	11248408.265854923
50781.5211232767	11188348.12475104
51726.57387216024	11131280.276255745
52689.21421350677	11073150.385389524
53669.76945540476	11013938.687363133
54668.57299720181	10953625.049561247
55685.96444286408	10892188.964697143
56722.28971644549	10829609.543839991
57777.90117970507	10765865.509312434
58853.1577519145	10700935.187455893
59948.42503189408	10634796.501261316
61064.07542232036	10567426.962862767
62200.48825634718	10498803.665891284
63358.04992658254	10432306.20851473
64537.15401646702	10376401.081751889
65738.20143409586	10319455.551067397
66961.60054853215	10261450.254367247
68207.76732865692	10202365.469225554
69477.1254846024	10142181.106178747
70770.10661181889	10080876.701894915
72087.15033782135	10018431.412216045
73428.70447166759	9954824.005070815
74795.22515621828	9890032.853255427
76187.17702322999	9824035.927080156
77605.0333513357	9756810.786878994
79049.2762269642	9688334.575379929
80520.39670825469	9630232.955595335
82018.8949920221	9575234.665144205
83545.28058382872	9519212.847149499
85100.07247122246	9462148.453589462
86683.79930019773	9404022.081955427
88296.99955494082	9344813.968654733
89940.22174092053	9284503.982290892
91614.0245713852	9223071.616818722
93318.9771573324	9160495.98457203
95055.65920101192	9096755.80916161
96824.66119303115	9031829.418241031
98626.5846131283	8965694.736137798
100462.04213468132	8902316.596122194
102331.65783302448	8849831.816928664
104236.06739764012	8796370.28706374
106175.9183482999	8741913.829031233
108151.87025522892	8686443.927048644
110164.59496336569	8629941.720751628
112214.77682079801	8572387.998781238
114303.11291144785	8513763.192251869
116430.31329208757	8454047.368097628
118597.10123376705	8393220.222294865
120804.21346773289	8331261.072958617
123052.40043592616	8268148.8533105
125342.42654613995	8203862.104515813
127675.07043192645	8150532.283305512
130051.12521734099	8100030.475389352
132471.39878661174	8048588.820234696
134936.71405883064	7996189.827124505
137447.90926775365	7942815.679836533
140005.8382468096	7888448.2305856
142611.37071941295	7833068.993853156
145265.39259467812	7776659.1401020195
147968.80626863963	7719199.489374099
150722.53093107554	7660670.504769031
153527.5028780421	7601052.285801406
156384.67583022476	7540324.56163439
159295.0212572123	7482737.854741127
162259.5287078087	7435444.171409022
165279.2061464897	7387270.344582796
168355.08029612005	7338199.994642281
171488.19698705408	7288216.4371397495
174679.62151272455	7237302.6771271005
177930.43899185772	7185441.403377335
181241.75473742394	7132614.982498576
184614.69463245454	7078805.452938543
188050.40551285836	7023994.518877372
191550.0555573528	6968163.544006921
195114.83468466165	6911293.545194158
198745.9549580986	6853365.186026712
202444.65099768018	6806229.990514081
206212.18039991445	6761450.587196221
210049.8241653915	6715837.831563139
213958.88713434213	6669376.214786442
217940.6984302958	6622049.939415804
221996.61191199525	6573842.91400768
226128.00663372793	6524738.747653987
230336.2873142131	6474720.74440909
234622.88481422624	6423771.897612942
238989.25662310526	6371874.884108664
243436.8873543108	6319012.058352493
247967.289250216	6265165.446414064
252582.00269627848	6214617.9743036
257282.59674479323	6173259.031980736
262070.66964838552	6131130.392703767
266947.8494034318	6088217.732281422
271915.7943036019	6044506.459946764
276976.1935036891	5999981.713396228
282130.76759394706	5954628.353736235
287381.2691851069	5908430.960335818
292729.4835042813	5861373.825583468
298177.22900196735	5813440.949546314
303726.3579703311	5764616.034530048
309378.75717301364	5714882.479537479
315136.34848664823	5664223.374624031
321001.08955431683	5623700.496018611
326974.97445117676	5585003.829934094
333060.03436245886	5545587.01230928
339258.33827409917	5505436.641001462
345571.9936762143	5464539.064451775
352003.1472796675	5422880.377043541
358553.9857459817	5380446.414374154
365226.7364308175	5337222.748439103
372023.6681413066	5293194.682726236
378947.09190746717	5248347.247218809
385999.36176797637	5202665.19330554
393182.87557057705	5156132.98859586
400500.07578736113	5112878.027267942
407953.45034524484	5077502.971824576
415545.53347188793	5041469.580580127
423278.90655735444	5004765.60179333
431156.19903182285	4967378.555715902
439180.0892596086	4929295.730349347
447353.3054498463	4890504.177122701
455678.6265841068	4850990.706489888
464158.8833612772	4810741.883445154
472796.9591600391	4769744.02295497
481595.79101923504	4727983.1853050385
490558.37063650455	4685445.171360585
499687.7453854889	4642115.517738523
508987.0193519675	4607986.744454885
518459.3543892913	4575182.50090533
528107.971193433	4541767.764801484
537936.1503980698	4507731.174773027
547947.2336900292	4473061.158012609
558144.6249454955	4437745.926340976
568531.7913873753	4401773.472198828
579112.2647641759	4365131.564564171
589889.6425508494	4327807.744793594
600867.5891719692	4289789.322386211
612049.837247669	4251063.370668774
623440.1888627863	4211616.722400414
635042.5168595961	4175297.5751624396
646860.7661546321	4145540.537413269
658898.9550799957	4115229.7161282455
671161.1767496272	4084354.805301548
683651.6004510238	4052905.307130807
696374.4730628222	4020870.528447792
709334.1204987989	3988239.577082577
722534.9491787221	3955001.3581601013
735981.4475265755	3921144.5703278035
749678.1874966878	3886657.7019130043
763629.8261282243	3851529.0270088627
777841.1071286482	3815746.6014874014
792316.8624866261	3779298.258938388
807062.0141149492	3750996.2038063705
822081.575524054	3723587.2783443797
837380.6535266489	3695668.268115752
852964.4499741016	3667229.680356183
868838.2635251193	3638261.845639409
885007.4914473438	3608754.91458951
901477.6314524917	3578698.8545319904
918254.2835656281	3548083.4460825827
935343.1520292377	3516898.2796725375
952750.0472427299	3485132.752009255
970480.8877380306	3452776.062471067
988541.7021919573	3419817.2094348907
1006938.6314760271	3389755.231399472
1025677.9307444209	3365038.411453523
1044765.9715608053	3339861.6072826628
1064209.2440647245	3314216.2585022026
1084014.359178331	3288093.6454172274
1104188.0508541602	3261484.886057823
1124737.1783647507	3234380.9331591004
1145668.7286348727	3206772.5710850293
1166989.8186171474	3178650.4126950367
1188707.6977119034	3150004.8961522514
1210829.7502320393	3120826.2816724004
1233363.4979137746	3091104.648212163
1256316.6024741214	3060829.8900959133
1279696.8682159416	3037634.467505933
1303512.2446815087	3014985.1356649133
1327770.829355429	2991914.2959044133
1352480.8704178738	2968414.1038903296
1377650.769549055	2944476.569304162
1403289.084785873	2920093.553126235
1429404.533431761	2895256.76486832
1456005.9950206485	2869957.759754798
1483102.514336103	2844187.9358513355
1510703.3044866556	2817938.531140138
1538817.7500383465	2791200.620540775
1567455.410205595	2763965.1128755426
1596626.022101425	2739352.4842289374
1626339.5040481905	2719019.9091382185
1656605.9589499151	2698308.9413653505
1687435.6777273756	2677212.5389581365
1718839.1428171454	2655723.5289124455
1750827.0317357269	2633834.604733318
1783410.220710006	2611538.3239506907
1816599.7883753285	2588827.1055888482
1850407.019542302	2565693.227588845
1884843.4090337954	2542128.824182894
1919920.6655932867	2518125.8832199317
1955650.715865947	2493676.2434414104
1992045.7084538713	2468771.5917063523
2029118.0180466783	2449932.372671221
2066880.2496290822	2431374.402902232
2105345.242766708	2412471.066158091
2144526.0759716653	2393215.9351006304
2184436.0711494284	2373602.46277781
2225088.7981283693	2353623.9803977152
2266498.079273693	2333273.6950610685
2308677.994187172	2312544.6874515815
2351642.884494346	2291429.909483323
2395407.358720879	2269922.181904264
2439986.29725955	2248014.1918552923
2485394.857429798	2225698.4903837345
2531648.478631358	2205715.8902012035
2578762.8875937983	2189114.282578526
2626754.1037238385	2172203.7162131243
2675638.4445520453	2154978.4413302303
2725432.531281028	2137432.6011507823
2776153.2944368036	2119560.229900063
2827817.979625338	2101355.2507792814
2880444.1533962977	2082811.473899372
2934049.709215787	2063922.5941763946
2988652.873550383	2044682.1891877172
3044272.2120643063	2025083.7169883281
3100926.6359319235	2005120.513886516
3158635.408267819	1984785.7921781167
3217418.1506763715	1969591.1886760327
3277294.849923382	1954485.1173769527
3338285.8647317644	1939097.9195206065
3400411.9327037027	1923424.3632939337
3463694.1773717343	1907459.11951893
3528154.1153808828	1891196.7598406936
3593813.6638046256	1874631.754881707
3660695.147596906	1857758.4723617975
3728821.30718283	1840571.1751831067
3798215.306190736	1823064.0194793951
3868900.7393279755	1805231.052629092
3940901.6404034477	1787066.2112313195
4014242.490499326	1770947.821503971
4088948.226294856	1757470.8562405375
4165044.248545185	1743743.0823603624
4242556.430717777	1729759.8322724155
4321511.127789762	1715516.351520999
4401935.1852088785	1701007.7971691834
4483855.948021181	1686229.2361521667
4567301.270168747	1671175.6435999593
4652299.523960189	1655841.9011288984
4738879.609717651	1640222.7951013232
4827070.965603188	1624313.0148528889
4916903.577628021	1608107.1508868902
5008407.989848212	1591599.6930349562
5101615.314749833	1579411.0800295589
5196557.243827657	1567177.5378304808
5293266.058360566	1554716.3273294664
5391774.640387494	1542023.2115806814
5492116.483887789	1529093.8747879993
5594325.706169377	1515923.9208376028
5698437.0594691355	1502508.871803243
5804485.942768984	1488844.1664237014
5912508.413831869	1474925.1585519186
6022541.201461928	1460747.1155752363
6134621.717992506	1446305.216806281
6248788.072006888	1431594.55184386
6365079.081295578	1418658.8315822992
6483534.286054714	1407767.7162475754
6604193.962330305	1396673.9154032816
6727099.135712336	1385373.6570376002
6852291.595284057	1373863.0989409268
6979813.907830667	1362138.327399483
7109709.432312423	1350195.3558646156
7242022.334607315	1338030.1235973134
7376797.60252773	1325638.4942875314
7514081.061116962	1313016.2546477844
7653919.388230155	1300159.112980591
7796360.130405221	1287062.6977192543
7941451.71902934	1273722.5559414679
8089243.486805938	1263986.7744230153
8239785.684528512	1254119.0268161374
8393129.498166373	1244067.6387472386
8549327.066268368	1233829.192636076
8708431.497690724	1223400.2073006493
8870496.889654402	1212777.1367735777
9035578.34613892	1201956.3690964181
9203731.99661823	1190934.225091567
9375015.01514529	1179706.9571113032
9549485.639791967	1168270.7477635401
9727203.192450536	1156621.708613876
9908228.099003786	1144755.8788634827
10092621.909870483	1134415.5073220844
10280447.320933098	1125645.1574361424
10471768.194855202	1116711.5898464958
10666649.582795387	1107611.767043906
10865157.746525371	1098342.5949905708
11067360.180959744	1088900.9220681167
11273325.63710487	1079283.53800602
11483124.14543511	1069487.1727900722
11696827.039703846	1059508.4955505456
11914506.981197748	1049344.1134296595
12136237.983442418	1038990.5704279727
12362095.437367693	1028444.3462293082
12592156.13694151	1017740.8985723521
12826498.3052806	1009951.2920453188
13065201.621247198	1002016.7196153692
13308347.24654076	993934.4834423825
13556017.853293689	985701.8354789767
13808297.652180923	977315.9765361376
14065272.421052363	968774.0553314682
14327029.534098294	960073.1675197212
14593657.991557576	951210.3547052884
14865248.449978571	942182.6034363194
15141893.25304352	932986.844180109
15423686.462966273	923619.9502794273
15710723.892474487	914078.736889421
16003103.137387017	905838.7617751571
16300923.609797413	898795.7939899602
16604286.571875297	891621.755375878
16913295.17029647	884314.206682482
17228054.471313924	876870.663264479
17548671.49648152	869288.5942369027
17875255.259042352	861565.4216145895
18207916.800994623	853698.5194356312
18546769.230846975	845685.2128685222
18891927.762076646	837522.777302687
19243509.75230332	829208.4374220838
19601634.743191857	820739.3662615687
19966424.501097932	812206.9921997724
20338003.0584698	805958.8426876431
20716496.75602067	799594.4140499333
21102034.285685964	793111.5423123295
21494746.734379806	786508.0232285901
21894767.628566206	779781.6115310742
22302232.979659364	772930.0201673283
22717281.330269028	765950.9195224638
23140053.80130654	758841.936627062
23570694.139967278	751600.6543503418
24009348.76860652	744224.6105783042
24456166.83452444	736711.297376591
24911300.26067791	729058.1601377581
25374903.797335718	722508.1090168825
25847135.07469564	716864.6529461263
26328154.656480197	711116.1711976257
26818126.094530128	705260.7092256469
27317215.98441379	699296.2761100272
27825594.022071257	693220.8438792424
28343433.061513092	687032.3468208718
28870909.173592344	680728.680779235
29408201.705870606	674307.702439957
29955493.34359816	667767.2286012163
30512970.171828706	661105.0354314368
31080821.738690637	654318.8577131557
31659241.119835205	647532.5880221854
32248424.98408439	642530.5808470474
32848573.66030047	637435.485467258
33459891.20549975	632245.5694954905
34082585.47423452	626959.0683043932
34716868.189265594	621574.1844265998
35362955.013550386	616089.0869435704
36021065.62357073	610501.9108630592
36691423.78402494	604810.7564849987
37374257.42391064	599013.6887555788
38069798.71402284	593108.7366093086
38778284.14589453	587093.8922988335
39499954.61220647	580967.110712278
40235055.48869293	575770.5735030103
40983836.717572615	571256.3233075953
41746552.89253134	566658.062147917
42523463.34528677	561974.2265656355
43314832.23376403	557203.2240061845
44120928.631911896	552343.4322772883
44942026.62119142	547393.1989973945
45778405.38376616	542350.8410338502
46630349.29742726	537214.6439306169
47498148.03228505	531982.8613253373
48382096.649259575	526653.7143555549
49282495.700405136	521225.39105387876
50199651.33110079	515837.5909096741
51133875.38414321	511839.32709915075
52085485.50577665	507766.6549187847
53054805.25369574	503618.18961615296
54042164.20705915	499392.52066835307
55047898.078549676	495088.21130241186
56072348.82852027	490703.7980067664
57115864.78126434	486237.79003365454
58178800.74344935	481688.66889224545
59261518.124755524	477054.8878323346
60364385.060758635	472334.8713184334
61487776.53810017	467527.0144940694
62632074.521986924	462629.68263611785
63797668.08606282	458513.38524585654
64984953.54469889	454907.316360481
66194334.587743886	451234.1379195544
67426222.41778335	447492.60100282903
68681035.88995308	443681.43344743806
69959201.65435374	439799.33941534883
71261154.30111745	435844.99895276077
72587336.50817245	431817.06754130934
73938199.19175874	427714.17564091383
75314201.65974376	423534.9282241207
76715811.76779301	419277.9043017773
78143506.07844542	414941.6564398809
79597770.02314977	410670.2543134734
81079098.06731695	407478.1890856429
82587993.87844272	404226.71898077393
84124970.49736118	400914.7384639962
85690550.51268347	397541.121426248
87285266.2384837	394104.72080138617
88909659.89529167	390604.3681761711
90564283.79445294	387038.8733929954
92249700.52592173	383407.0241452145
93966483.1495469	379707.5855649515
95715215.38991857	375939.2998032283
97496491.83484097	372100.8856022826
99310918.137498	368191.0378599287
101159111.22238298	364934.4865117181
103041699.49505854	362056.9991672635
104959323.05582266	359125.9612937063
106912633.91734771	356140.3763065886
108902296.22637327	353099.2290748455
110928986.48952228	350001.485575651
112993393.80332193	346846.09254283697
115096220.0885031	343631.9771087725
117238180.32865997	340358.0464395791
119420002.8133535	337023.1873635532
121642429.3857368	333626.2659926771
123906215.6947913	330166.1273370824
126212131.45225461	326783.6656724961
128560960.69432965	324237.6898016054
130953502.04826704	321644.3328865445
133390569.00390588	319002.7131580197
135872990.19027063	316311.9324368597
138401609.65731302	313571.0758286258
140977287.16289675	310779.21141253965
143600898.46512634	307935.3899246177
146273335.620113	305038.64443491295
148995507.28528506	302087.9900187462
151768339.02834037	299082.42342182243
154592773.64194784	296020.9227191148
157469771.46430898	292902.4469673972
160400310.70568198	290328.6565719243
163385387.78098568	288034.51388170564
166426017.64859018	285697.6768056594
169523234.15541214	283317.3507940011
172678090.38843593	280892.7265102392
175891659.03277326	278422.97955599264
179165032.73638958	275907.27019068546
182499324.48161504	273344.7430460263
185895667.9635688	270734.5268351758
189355217.9756299	268075.7340564974
192879150.80207777	265367.46069179894
196468664.61804405	262608.78589895455
200124979.8969035	259932.72216193285
203849339.82524642	257903.6167207904
207643010.7255779	255836.74928212384
211507282.48687947	253731.41708873434
215443469.00318778	251586.90430499098
219452908.62033114	249402.48177344006
223536964.59097964	247177.40676688438
227697025.53816846	244910.9227358469
231934505.92744273	242602.25905133653
236250846.547794	240250.6307428245
240647515.00154215	237855.2382313469
245126006.20333397	235415.26705764036
249687842.8884332	232929.88760521545
254334576.13046482	230897.3666499779
259067785.8688001	229069.5578253143
263889081.44575077	227207.73316741068
268800102.15376073	225311.25963582293
273802517.7927863	223379.49240911598
278898029.23804396	221411.77466561872
284088369.0183295	219407.43736009608
289375301.9050947	217365.7989962672
294760625.51248586	215286.16539509053
300246170.90855557	213167.82945873385
305833803.23784316	211010.07093015453
311525422.35554785	208812.15614820286
317322963.4734973	206696.53672473357
323228397.81813806	205080.35677135998
329243733.30077755	203434.09943405146
335371015.2002929	201757.20496757544
341612326.8585518	200049.10320974473
347969790.3887688	198309.21338755667
354445567.3970435	196536.94391972505
361041859.71733445	194731.69221553483
367760910.160103	192892.8444699557
374605003.2748981	191019.7754549404
381576466.1271245	189111.84830684128
388677669.0892668	187168.4143098709
395911026.6468467	185188.81267553
403278998.21937054	183584.80046912364
410784088.99656343	182129.3292882676
418428850.79015756	180646.7715410784
426215882.9015325	179136.6231419479
434147833.0055101	177598.3706241488
442227398.0505897	176031.490965251
450457325.17594445	174435.45140928714
458840412.64547515	172809.7092856108
467379510.7992463	171153.71182438306
476077523.0226378	169466.895968624
484937406.7335233	167748.6881827679
493962174.38783056	165998.50425765367
503154894.5038046	164326.96902293025
512518692.70533323	163040.3152053803
522056752.7846986	161729.71654135388
531772317.7850967	160394.72741318404
541668691.1033136	159034.89391018258
551749237.6129117	157649.75367430615
562017384.8083187	156238.8357429502
572476623.970219	154801.66038881557
583130511.3526218	153337.73895679688
593982669.3920338	151846.5736978333
605036787.9391212	150327.65759966942
616296625.5132942	148780.47421446603
627766010.5806513	147204.49748320153
639448842.8556936	145939.35168940548
651349094.6272782	144780.88178302618
663470812.1092337	143600.85255456835
675818116.816111	142398.8627813799
688395206.964551	141174.50377398665
701206358.9007177	139927.35923713408
714255928.5543104	138657.0051282416
727548352.9196217	137363.00951322404
741088151.5641569	136044.93241962988
754879928.1653446	134702.32568704523
768928372.0758306	133334.73281471492
783238259.9179205	131941.68880632616
797814457.2076613	130621.68193171416
812661920.0091946	129597.77455254573
827785696.619849	128554.81208282699
843190929.286625	127492.43990408075
858882855.9546258	126410.2967983188
874866812.0479896	125308.01482522578
891148232.2840202	124185.21919705335
907732652.5210242	123041.52815119026
924625711.6405733	121876.55282035808
941833153.4647961	120689.89710039129
959360828.7093127	119481.15751555965
977214696.9725724	118249.92308137976
995400828.7621539	116995.77516487786
1013925407.5588143	115998.37057399939
1032794731.9189526	115076.62925191685
1052015217.6161569	114137.73416699076
1071593399.8226712	113181.36608477536
1091535935.3313932	112207.19982981823
1111849604.81927	111214.90417509634
1132541315.1528125	110204.14172939479
1153618101.736476	109174.56882259173
1175087130.9048076	108125.83538880482
1196955702.3590453	107057.58484736689
1219231251.6491096	105969.45398158382
1241921352.7017846	104861.07281523632
1265033720.3959012	103819.10549989698
1288576213.185518	103004.5573679215
1312556835.7718453	102174.85035660969
1336983741.8249452	101329.70235663796
1361865236.7560828	100468.82600857959
1387209780.541618	99591.92860520078
1413025990.5995336	98698.71199193559
1439322644.7194095	97788.87246551135
1466108684.0469828	96862.10067068595
1493393216.1242533	95918.08149506288
1521185517.9861019	94956.49396195117
1549495039.3146317	93977.01112122816
1578331405.6521199	92979.29993817446
1607704421.673822	92193.2907307753
1637624074.521689	91460.12485029837
1668100537.2000556	90713.31462803337
1699144172.0346258	89952.60614045763
1730765534.1957276	89177.740738489
1762975375.2872038	88388.45495954194
1795784647.0020967	87584.48043794678
1829204504.8462899	86765.54381370389
1863246311.9315598	85931.36663953666
1897921642.8391032	85081.66528621796
1933242287.5550432	84216.15084613243
1969220255.4791734	83334.52903504424
2005867779.5082297	82512.33473313479
2043197320.1952705	81864.51901378884
2081221569.9863415	81204.64733367616
2119953457.536069	80532.4953293156
2159406152.1035676	79847.83446178307
2199593068.0300703	79150.43193900677
2240527869.3000183	78440.05063661425
2282224474.1869006	77716.44901730858
2324697059.9856453	76979.38104874265
2367960067.833079	76228.596119865
2412028207.618002	75463.8389557106
2456916462.98279	74684.8495306031
2502640096.4179215	73891.36297974465
2549214654.4514203	73272.1666306242
2596655972.934872	72689.14856806133
2644980182.4277143	72095.28044015028
2694203713.6818824	71490.36032532845
2744343303.2283683	70874.18254423903
2795415999.067865	70246.5375897972
2847439166.4672475	69607.21205595581
2900430493.8639855	68955.98856514457
2954407998.8803797	68292.64569435963
3009390034.449724	67616.9578998776
3065395295.056536	66928.69544056796
3122442823.0928583	66227.62429977875
3180552015.3329134	65579.05818264642
3239742629.5281954	65063.97322301479
3300034791.1252885	64539.30244463964
3361449000.108775	64004.867453803054
3424006137.9714255	63460.486536849814
3487727474.8141704	62905.97459840241
3552634676.5781393	62341.14309842686
3618749812.411284	61765.7999881273
3686095362.1721687	61179.749644646996
3754694224.0733366	60582.792804554694
3824569722.4669914	59974.7264960925
3895745615.775501	59355.34397016357
3968246104.5694857	58724.43463003547
4042095839.796318	58236.81101128766
4117319931.1616793	57773.30145123826
4193943955.6671777	57301.16589940742
4271993966.306777	56820.243824620215
4351496500.925055	56330.37170818946
4432478591.24041	55831.38298831726
4514967772.036101	55323.10800346244
4598992090.5224285	54805.373934653435
4684580115.873045	54278.00474672824
4771760948.938751	53740.82112848073
4860564232.142149	53193.64043169264
4951020159.556351	52636.27660903139
5043159487.171348	52124.82712323847
5137013543.351338	51715.372623702366
5232614239.486667	51298.29810625877
5329994080.844104	50873.46176107783
5429186177.618942	50440.71913922472
5530224256.192888	49999.92310354518
5633142670.601352	49550.923778637465
5737976414.21414	49093.5684998933
5844761131.633649	48627.70176158997
5953533130.81437	48153.16516401691
6064329395.408049	47669.79735961778
6177187597.338489	47177.43399813076
6292146109.610351	46675.90767070789
6409244019.35647	46292.023606553856
6528521141.127848	45923.610191396605
6650018030.431105	45548.340539895544
6773775997.517745	45166.08705632558
6899837121.430025	44776.719770383665
7028244264.308367	44380.1062929972
7159041085.964888	43976.11177131051
7292272058.728297	43564.598842833155
7427982482.56491	43145.42758873536
7566218500.481063	42718.4554862743
7707027114.212319	42283.53736033459
7850456200.204509	41840.52533406733
7996554525.892329	41437.324244842785
8145371766.280737	41111.91395129477
8296958520.834915	40780.44771681333
8451366330.684739	40442.81283930723
8608647696.149244	40098.89451928023
8768856094.587408	39748.57582079776
8932045998.58096	39391.73763172764
9098272894.455566	39028.25862324078
9267593301.146902	38658.015208557845
9440064789.417603	38280.88150092861
9615746001.432076	37896.72927082885
9794696670.695385	37505.42790236105
9976977642.36321	37106.84434884379
10162650893.929972	36804.73088478918
10351779556.301762	36511.973453734616
10544427935.261662	36213.7677570737
10740661533.334322	35910.01240165638
10940547072.057436	35600.60410738894
11144152514.667904	35285.43767211752
11351547089.20999	34964.40593585832
11562801312.07373	34637.399744361865
11777987011.97118	34304.30791199953
11997177354.358854	33965.017183959375
12220446866.314913	33619.41219773803
12447871461.879063	33267.37544391644
12679528467.864315	32949.61120887065
12915496650.148827	32691.05941718394
13155856240.457052	32427.6959326598
13400688963.639534	32159.4312088758
13650078065.460136	31886.174032935396
13904108340.900667	31607.8314944544
14162866162.991974	31324.308953970558
14426439512.181587	31035.510010765265
14694918006.248201	30741.336470086047
14968392930.772554	30441.688309759476
15246957270.1757	30136.4636461823
15530705739.334583	29825.558699680085
15819734815.786015	29508.867759221124
16114142772.530231	29271.193715690682
16414029711.444664	29038.618292847357
16719497597.31985	28801.71460181082
17030650292.528427	28560.402092773464
17347593592.339325	28314.598716882156
17670435260.889503	28064.220898340594
17999285067.824764	27809.18350599275
18334254825.62285	27549.399824377182
18675458427.61074	27284.781524242935
19023011886.689457	27015.238632516808
19377033374.77993	26740.67950171132
19737643263.002552	26461.010778763735
20104964162.604927	26210.66626128286
20479120966.650833	26005.2958837202
20860240892.485046	25796.103528486103
21248453524.988873	25583.01806792577
21643890860.6402	25365.96705068669
22046687352.394028	25144.876677084267
22456979955.397717	24919.671774009203
22874908173.55704	24690.275769367956
23300614106.96929	24456.61066604723
23734242500.23866	24218.59701539425
24175940791.69123	23976.153890203164
24625859163.505444	23729.198857199073
25084150592.775414	23477.647949009905
25550970903.525124	23290.746356288742
26026478819.690044	23106.0398984968
26510836019.085308	22917.896022096444
27004207188.377697	22726.25075614243
27506760079.080673	22531.038939179423
28018665564.59201	22332.194197086275
28540097698.292374	22129.6489205082
29071233772.725693	21923.334241868717
29612254379.880314	21713.18001195403
30163343472.591972	21499.114776061633
30724688427.090096	21281.0657497048
31296480106.707504	21058.95879386517
31878912926.77636	20861.808630406915
32472184920.731255	20698.73769524647
33076497807.442425	20532.63198223519
33692057059.802742	20363.435013640894
34319071974.590427	20191.089260671222
34957755743.632645	20015.536123913123
35608325526.29274	19836.715913408505
36271002523.30648	19654.567828359064
36946012051.993095	19469.02993645327
37633583622.865326	19280.039152808768
38333951017.6659	19087.53121852273
39047352368.85556	18891.440678823215
39774030240.58036	18691.700860813915
40514231711.14655	18544.797342499383
41268208457.02952	18398.163958727953
42036216838.44701	18248.801702733992
42818517986.52406	18096.65978974107
43615377892.080055	17941.68648985949
44427067496.06892	17783.82911049748
45253862781.70167	17623.033978445208
46096044868.284195	17459.246421625186
46953900106.80053	17292.410750503277
47827720177.27485	17122.470239153703
48717802187.94641	16949.36710597152
49624448776.28914	16773.04249402632
50547968211.912254	16617.857645011107
51488674501.37487	16488.429076040462
52446887494.95119	16356.591819378229
53422932995.38363	16222.301048936617
54417142868.658875	16085.51110440674
55429855156.84652	15946.175475733533
56461414193.036606	15804.2467873019
57512170718.41614	15659.676781828537
58582482001.525475	15512.416303953865
59672711959.7331	15362.415283528726
60783231282.972115	15209.622718589908
61914417559.77835	15053.986658018977
63066655405.67406	14895.454183878415
64240336593.94204	14780.05565389677
65435860188.83229	14663.702111918137
66653632681.24893	14545.183210725034
67894068126.96099	14424.458652614003
69157588287.38525	14301.487389934518
70444622772.99051	14176.227611132272
71755609189.36922	14048.636726532846
73090993286.02888	13918.671353860671
74451229107.95128	13786.287303488654
75836779149.97191	13651.439563413278
77248114514.03416	13514.082283949949
78685715069.36842	13374.168762143678
80150069615.6538	13252.085597364758
81641676049.21454	13149.411502239698
83161041532.30962	13044.826624733749
84708682665.57419	12938.295404861674
86285125663.66887	12829.78162086088
87890906534.19963	12719.248376875537
89526571259.96382	12606.658090411762
91192675984.59299	12491.972479558957
92889787201.64516	12375.152549973744
94618481947.21991	12256.158581621363
96379347996.15794	12134.950115270385
98172984061.88821	12011.485938736298
100000000000.0	11885.724072868714
