# Frequency (Hz)	Imaginary Part (Ohm/m)
1000.0	21438421.068023846
1018.6101701559753	21387141.566321738
1037.566678745186	21334907.74436743
1056.875971184804	21281701.842098676
1076.5446128423157	21227505.768935382
1096.5792912678098	21172301.097628735
1116.9868184678226	21116069.057995673
1137.7741332214914	21058790.53053681
1158.9483034398106	21000446.039935663
1180.5165285688054	20941015.748436768
1202.4861420374123	20880479.44910065
1224.8646137509306	20818816.55893328
1247.6595526308697	20756006.11188758
1270.8787092020582	20697217.881223883
1294.529978227916	20642319.227744743
1318.6214013947485	20586398.90098302
1343.1611700460153	20529437.887425084
1368.1576279674719	20471416.81971257
1393.619274224142	20412315.97005731
1419.5547660501015	20352115.243533596
1445.9729217920194	20290794.171245757
1472.882723907502	20228331.9033685
1500.2933220192183	20164707.202057716
1528.2140360258693	20099898.434229426
1556.654359271062	20033883.56420424
1585.6239617711371	19966916.39182641
1615.132693503091	19909576.423534185
1645.1905877536624	19851169.34867531
1675.807864530767	19791675.308214985
1706.9949340384078	19731074.073538437
1738.7624002162504	19669345.03957289
1771.1210643450886	19606467.217781685
1804.0819287193826	19542419.229027912
1837.6562003881704	19477179.29630527
1871.8552949655793	19410725.2373337
1906.690840512252	19343034.457017124
1942.1746814890264	19274083.93976085
1978.3188827841643	19203850.241646107
2015.1357338155585	19138808.90298779
2052.6377527092523	19078201.448558856
2090.8376905557498	19016466.079090282
2129.748535745521	18953581.803891253
2169.3835183851843	18889527.24163064
2209.756114795903	18824280.613067087
2250.880052095462	18757819.733643867
2292.7693128656488	18690122.005945858
2335.438139906479	18621164.41201622
2378.9010410788933	18550923.505530003
2423.1727942376006	18479375.403822172
2468.2684522556924	18406495.779767215
2514.2033481427966	18332911.43226217
2560.9931002584594	18270452.480489463
2608.6536176225477	18206831.156996503
2657.2011053245064	18142025.829847783
2706.652070033241	18076014.464533824
2757.0233256095826	18008774.616479144
2808.3319988231724	17940283.423410892
2860.5955351757416	17870517.597585466
2913.831704832789	17799453.41787035
2968.0586086656026	17727066.72167874
3023.2946844057765	17653332.896753978
3079.5587129142264	17578226.872801118
3136.8698245668766	17501723.112962753
3195.2475057592133	17431718.656260606
3254.711605531848	17366630.843794245
3315.282342319423	17300331.736062814
3376.9803108250912	17232798.790655304
3439.8264890229243	17164009.045642637
3503.8422452906757	17093939.111770283
3569.0493456752292	17022565.16450576
3635.4699612933177	16949862.935937937
3703.126675869927	16875807.706525743
3772.0424934169973	16800374.296693254
3842.240846055061	16723537.05826833
3913.745601980384	16645269.86576201
3986.581073580439	16566669.862643698
4060.7720257003657	16500595.298445638
4136.343684063274	16433291.07536487
4213.321743847289	16364734.309240352
4291.732378422157	16294901.690032916
4371.602248248501	16223769.473899592
4452.958509942655	16151313.475120451
4535.828825510186	16077509.057875216
4620.241371751313	16002331.127866779
4706.224849841281	15925754.12378891
4793.808495089106	15847752.008635124
4883.02208687788	15768298.260845795
4973.895958790063	15687365.865290577
5066.461008921268	15614308.953248007
5160.7487103859075	15546540.55075769
5256.791122018419	15477510.96676583
5354.620899273607	15407196.730470086
5454.271305329836	15335573.934272485
5555.7762223988775	15262618.225650605
5659.170163246242	15188304.798877422
5764.488282925873	15112608.386587113
5871.766390733255	15035503.251183888
5981.040962380945	14956963.176090904
6092.349152400711	14876961.456836382
6205.7288067765	14795470.891973764
6321.218475812449	14714136.524159525
6438.8574272404185	14646482.868090793
6558.685659571435	14577570.16597095
6680.743915695614	14507374.98673875
6805.073696735206	14435873.463276913
6931.717276155407	14363041.284297034
7060.717714137772	14288853.68607351
7192.118872221193	14213285.444023583
7325.96542821523	14136310.86413072
7462.302891391108	14057903.774208367
7601.17761795533	13978037.515001124
7742.636826811269	13896684.931120312
7886.728615614156	13813818.361810848
8033.501977124735	13740146.885655956
8183.00681586739	13671960.223828612
8335.293965098195	13602504.596622288
8490.415204088747	13531756.388375372
8648.423275731726	13459691.543934742
8809.37190447399	13386285.560476817
8973.31581458352	13311513.479176264
9140.310748756232	13235349.876719797
9310.413487069076	13157768.856661925
9483.681866285926	13078744.040619895
9660.174799522645	12998248.559304781
9839.952296278227	12916255.043385612
10023.075482838643	12834989.484290639
10209.606623060476	12768134.949676137
10399.609139541202	12700036.240796775
10593.1476351837	12630670.20335776
10790.287915161836	12560013.252158958
10991.097009294961	12488041.363075648
11195.643194838794	12414730.064890042
11403.99601970033	12340054.430970851
11616.22632608502	12263989.07079792
11832.40627458378	12186508.121329198
12052.609368708414	12107585.238207012
12276.910479883603	12027193.58680072
12505.385872903913	11945305.833082637
12738.113231864783	11873706.989696242
12975.171686575868	11807554.979997488
13216.641839466038	11740171.870142082
13462.60579298911	11671534.74914662
13713.147177539455	11601620.27965042
13968.351179887397	11530404.689980535
14228.30457214352	11457863.766069133
14493.09574126215	11383972.843220472
14762.81471909391	11308706.7977246
15037.553212997384	11232040.038315097
15317.404637020798	11153946.497467672
15602.46414366368	11074399.622536998
15892.828656229764	10996172.721222349
16188.596901781993	10932505.806375766
16489.86944471065	10867654.039410586
16796.74872092653	10801595.37002727
17109.339072690134	10734307.337566454
17427.746784089173	10665767.063372081
17752.08011717636	10595951.243012404
18082.44934877952	10524836.138356263
18418.96680799711	10452397.569501812
18761.746914391195	10378610.906555124
19110.90621689136	10303451.061255757
19466.56343342263	10226892.478446461
19828.83949127071	10148909.127384195
20197.857568198782	10081914.317147572
20573.743134329114	10020068.654738639
20956.623994804308	9957072.034028865
21346.630333242454	9892903.035488427
21743.8947560008	9827539.840966418
22148.55233726359	9760960.22627242
22560.74066496859	9693141.55362004
22980.599887588487	9624060.763929853
23408.272761782944	9553694.368989013
23843.904700937208	9482018.443465067
24287.643824604504	9409008.616771035
24739.64100886812	9334640.064779174
25200.049937640895	9262125.974557465
25669.027154919517	9203671.017704632
26146.732118010917	9144128.204158315
26633.327251749808	9083477.288720336
27128.978003724646	9021697.649425935
27633.852900531667	8958768.280532096
28148.123605075813	8894667.785375323
28671.964974937695	8829374.369096609
29205.55512182745	8762865.831230886
29749.075472144435	8695119.558158647
30302.71082866393	8626112.515417116
30866.649433372742	8555821.239868188
31441.08303147265	8484221.83172082
32026.206936576502	8423805.256229656
32622.220097116733	8368005.75514364
33229.325163989684	8311167.815847805
33847.72855945983	8253272.112830348
34477.640547344636	8194298.960928444
35119.275304507275	8134228.30863501
35772.850993678774	8073039.731281009
36438.58983763541	8010712.424090861
37116.71819475767	7947225.195108525
37807.466635993485	7882556.457992107
38511.070023255685	7816684.224674178
39227.76758927723	7749586.097885642
39957.803018952654	7684749.432250056
40701.42453219439	7632876.99332407
41458.88496832911	7580039.199483269
42230.441872066716	7526218.085308425
43016.35758106799	7471395.351040796
43816.89931514194	7415552.356360038
44632.33926710397	7358670.1140462505
45462.95469532399	7300729.283524151
46309.02801799736	7241710.164287058
47170.84690917023	7181592.689198499
48048.704396551344	7120356.4176691985
48942.89896114532	7057980.528707022
49853.73463873894	6994443.813837631
50781.5211232767	6941765.737822729
51726.57387216024	6893010.963813893
52689.21421350677	6843348.85516484
53669.76945540476	6792762.526223523
54668.57299720181	6741234.777093045
55685.96444286408	6688748.087783492
56722.28971644549	6635284.612254958
57777.90117970507	6580826.172349716
58853.1577519145	6525354.251611408
59948.42503189408	6468849.988989282
61064.07542232036	6411294.172425219
62200.48825634718	6352667.232321427
63358.04992658254	6296541.1383359805
64537.15401646702	6251857.327272846
65738.20143409586	6206341.942882613
66961.60054853215	6159979.509444162
68207.76732865692	6112754.26323057
69477.1254846024	6064650.147149291
70770.10661181889	6015650.805282535
72087.15033782135	5965739.57732611
73428.70447166759	5914899.492924721
74795.22515621828	5863113.265901875
76187.17702322999	5810363.2883824
77605.0333513357	5756631.624805567
79049.2762269642	5701900.005826803
80520.39670825469	5657271.663394271
82018.8949920221	5615808.040402536
83545.28058382872	5573572.772331648
85100.07247122246	5530551.498735376
86683.79930019773	5486729.591917151
88296.99955494082	5442092.151956479
89940.22174092053	5396624.001642807
91614.0245713852	5350309.681315125
93318.9771573324	5303133.443605487
95055.65920101192	5255079.248084752
96824.66119303115	5206130.75580867
98626.5846131283	5156271.323762446
100462.04213468132	5108983.287623077
102331.65783302448	5071410.386630168
104236.06739764012	5033138.247556528
106175.9183482999	4994153.857462493
108151.87025522892	4954443.96123538
110164.59496336569	4913995.0570826065
112214.77682079801	4872793.391940926
114303.11291144785	4830824.95680025
116430.31329208757	4788075.481940428
118597.10123376705	4744530.432079381
120804.21346773289	4700175.001430972
123052.40043592616	4654994.108670854
125342.42654613995	4608972.3918086765
127675.07043192645	4572017.8193655955
130051.12521734099	4537495.083078333
132471.39878661174	4502329.87279452
134936.71405883064	4466510.231963752
137447.90926775365	4430023.981522198
140005.8382468096	4392858.715751575
142611.37071941295	4355001.798061063
145265.39259467812	4316440.356690754
147968.80626863963	4277161.280335085
150722.53093107554	4237151.213684865
153527.5028780421	4196396.552886335
156384.67583022476	4154883.44091569
159295.0212572123	4115873.4548947415
162259.5287078087	4084853.441120322
165279.2061464897	4053256.139611317
168355.08029612005	4021070.8069447656
171488.19698705408	3988286.4997607567
174679.62151272455	3954892.07104161
177930.43899185772	3920876.1663217396
181241.75473742394	3886227.219827019
184614.69463245454	3850933.450542314
188050.40551285836	3814982.858205767
191550.0555573528	3778363.2192286323
195114.83468466165	3741062.082539083
198745.9549580986	3703066.7653487264
202444.65099768018	3672980.823121527
206212.18039991445	3644681.571081175
210049.8241653915	3615855.665145069
213958.88713434213	3586493.304194589
217940.6984302958	3556584.5047106394
221996.61191199525	3526119.0973791378
226128.00663372793	3495086.723633319
230336.2873142131	3463476.83213175
234622.88481422624	3431278.6751707257
238989.25662310526	3398481.305029943
243436.8873543108	3365073.570250181
247967.289250216	3331044.1118416325
252582.00269627848	3299354.6164396056
257282.59674479323	3274077.269808374
262070.66964838552	3248329.507455241
266947.8494034318	3222102.574863586
271915.7943036019	3195387.554593725
276976.1935036891	3168175.3632509243
282130.76759394706	3140456.7483969177
287381.2691851069	3112222.285403987
292729.4835042813	3083462.3742505005
298177.22900196735	3054167.2362567717
303726.3579703311	3024326.91076024
309378.75717301364	2993931.2517287075
315136.34848664823	2962969.9243105925
321001.08955431683	2938764.9358309517
326974.97445117676	2915817.2693617227
333060.03436245886	2892442.5429148204
339258.33827409917	2868632.8088313937
345571.9936762143	2844379.9715453014
352003.1472796675	2819675.784830556
358553.9857459817	2794511.8489974774
365226.7364308175	2768879.6080367556
372023.6681413066	2742770.346710275
378947.09190746717	2716175.1875878586
385999.36176797637	2689085.088028856
393182.87557057705	2661490.837107511
400500.07578736113	2636020.6092602345
407953.45034524484	2615605.1459320555
415545.53347188793	2594809.747357524
423278.90655735444	2573627.3428770644
431156.19903182285	2552050.730244905
439180.0892596086	2530072.5731802746
447353.3054498463	2507685.3988729566
455678.6265841068	2484881.5954424655
464158.8833612772	2461653.4093499347
472796.9591600391	2437992.942761801
481595.79101923504	2413892.1508644964
490558.37063650455	2389342.8391290884
499687.7453854889	2364336.6605250696
508987.0193519675	2345017.480927209
518459.3543892913	2326543.5567147518
528107.971193433	2307725.829629255
537936.1503980698	2288557.901440748
547947.2336900292	2269033.254847113
558144.6249454955	2249145.251258139
568531.7913873753	2228887.128538308
579112.2647641759	2208251.9987076214
589889.6425508494	2187232.8455995973
600867.5891719692	2165822.522475695
612049.837247669	2144013.7495953664
623440.1888627863	2121799.111740838
635042.5168595961	2101472.039140377
646860.7661546321	2085079.5284792061
658898.9550799957	2068381.950405345
671161.1767496272	2051373.6275623403
683651.6004510238	2034048.7769371565
696374.4730628222	2016401.507893912
709334.1204987989	1998425.8201709846
722534.9491787221	1980115.601840861
735981.4475265755	1961464.6272320256
749678.1874966878	1942466.5548121398
763629.8261282243	1923114.925031887
777841.1071286482	1903403.1581286285
792316.8624866261	1883324.5518892226
807062.0141149492	1867984.9347524366
822081.575524054	1853182.4466657962
837380.6535266489	1838104.4817571342
852964.4499741016	1822745.9133559156
868838.2635251193	1807101.5193833956
885007.4914473438	1791165.9805770623
901477.6314524917	1774933.8786820162
918254.2835656281	1758399.6946087142
935343.1520292377	1741557.8065564174
952750.0472427299	1724402.4881017185
970480.8877380306	1706927.9062514985
988541.7021919573	1689128.1194596416
1006938.6314760271	1672980.1621484442
1025677.9307444209	1659867.4575313432
1044765.9715608053	1646510.7232501113
1064209.2440647245	1632905.4178711795
1084014.359178331	1619046.9154441212
1104188.0508541602	1604930.5039287894
1124737.1783647507	1590551.3835931644
1145668.7286348727	1575904.6653813988
1166989.8186171474	1560985.3692514875
1188707.6977119034	1545788.4224819907
1210829.7502320393	1530308.6579472632
1233363.4979137746	1514540.8123605691
1256316.6024741214	1498479.524484512
1279696.8682159416	1486340.4553672182
1303512.2446815087	1474515.497508654
1327770.829355429	1462470.4751722543
1352480.8704178738	1450201.2929206414
1377650.769549055	1437703.7790996502
1403289.084785873	1424973.684419925
1429404.533431761	1412006.6805121081
1456005.9950206485	1398798.358455154
1483102.514336103	1385344.2272772451
1510703.3044866556	1371639.712428813
1538817.7500383465	1357680.1542271473
1567455.410205595	1343460.8062720476
1596626.022101425	1330670.660834404
1626339.5040481905	1320206.7683069124
1656605.9589499151	1309548.1409589888
1687435.6777273756	1298691.1547424926
1718839.1428171454	1287632.1181651265
1750827.0317357269	1276367.2710352924
1783410.220710006	1264892.7831835942
1816599.7883753285	1253204.753160521
1850407.019542302	1241299.2069099308
1884843.4090337954	1229172.0964178175
1919920.6655932867	1216819.2983359445
1955650.715865947	1204236.6125798682
1992045.7084538713	1191419.7609008492
2029118.0180466783	1181834.1068968456
2066880.2496290822	1172405.8524169535
2105345.242766708	1162802.1365169163
2144526.0759716653	1153019.6938298508
2184436.0711494284	1143055.1982198367
2225088.7981283693	1132905.261651002
2266498.079273693	1122566.4330355497
2308677.994187172	1112035.197060349
2351642.884494346	1101307.9729916996
2395407.358720879	1090381.1134578285
2439986.29725955	1079250.9032087629
2485394.857429798	1067913.5578530903
2531648.478631358	1057802.185194783
2578762.8875937983	1049464.7748465128
2626754.1037238385	1040972.2038729986
2675638.4445520453	1032321.5847086069
2725432.531281028	1023509.9760496115
2776153.2944368036	1014534.3818541233
2827817.979625338	1005391.750323408
2880444.1533962977	996078.9728642305
2934049.709215787	986592.8830319144
2988652.873550383	976930.2554537033
3044272.2120643063	967087.8047321073
3100926.6359319235	957062.1843278329
3158635.408267819	946849.9854219136
3217418.1506763715	939291.1457700707
3277294.849923382	931782.9488598487
3338285.8647317644	924135.0231275617
3400411.9327037027	916344.7681960586
3463694.1773717343	908409.53529472
3528154.1153808828	900326.6263588609
3593813.6638046256	892093.2931123505
3660695.147596906	883706.7361331704
3728821.30718283	875164.1039015872
3798215.306190736	866462.4918305922
3868900.7393279755	857598.9412783255
3940901.6404034477	848570.4385420955
4014242.490499326	840586.5334814446
4088948.226294856	833949.8671633356
4165044.248545185	827189.6913557765
4242556.430717777	820303.7075261548
4321511.127789762	813289.574365773
4401935.1852088785	806144.9069937794
4483855.948021181	798867.2761462863
4567301.270168747	791454.2073503874
4652299.523960189	783903.1800828197
4738879.609717651	776211.6269129498
4827070.965603188	768376.9326298245
4916903.577628021	760396.4333529717
5008407.989848212	752267.4156266454
5101615.314749833	746312.2390970096
5196557.243827657	740337.662908848
5293266.058360566	734251.8988412139
5391774.640387494	728052.8776687533
5492116.483887789	721738.4916574716
5594325.706169377	715306.5938480898
5698437.0594691355	708754.9973260497
5804485.942768984	702081.4744779406
5912508.413831869	695283.7562340896
6022541.201461928	688359.5312970469
6134621.717992506	681306.4453557282
6248788.072006888	674122.1002849169
6365079.081295578	667823.0233673354
6483534.286054714	662543.3815726404
6604193.962330305	657165.484745782
6727099.135712336	651687.5043438951
6852291.595284057	646107.577794618
6979813.907830667	640423.8078628004
7109709.432312423	634634.2620054258
7242022.334607315	628736.971714518
7376797.60252773	622729.931847838
7514081.061116962	616611.0999471053
7653919.388230155	610378.3955435434
7796360.130405221	604029.6994505009
7941451.71902934	597562.8530428968
8089243.486805938	592873.9468426974
8239785.684528512	588122.0305419957
8393129.498166373	583281.6802703701
8549327.066268368	578351.2502565762
8708431.497690724	573329.0641012825
8870496.889654402	568213.4142070842
9035578.34613892	563002.5611978965
9203731.99661823	557694.7333275495
9375015.01514529	552288.1258773772
9549485.639791967	546780.900542591
9727203.192450536	541171.1848072368
9908228.099003786	535457.071307521
10092621.909870483	530489.8705925132
10280447.320933098	526291.3858322664
10471768.194855202	522014.766556234
10666649.582795387	517658.5586677822
10865157.746525371	513221.28100929176
11067360.180959744	508701.4248585469
11273325.63710487	504097.4534157566
11483124.14543511	499407.80128102284
11696827.039703846	494630.87392208923
11914506.981197748	489765.0471321832
12136237.983442418	484808.66647776694
12362095.437367693	479760.0467360147
12592156.13694151	474636.40597782563
12826498.3052806	470927.1173535376
13065201.621247198	467148.798236794
13308347.24654076	463300.16395838384
13556017.853293689	459379.9059411847
13808297.652180923	455386.69125523017
14065272.421052363	451319.16216450074
14327029.534098294	447175.93566527846
14593657.991557576	442955.6030159103
14865248.449978571	438656.72925782314
15141893.25304352	434277.85272761906
15423686.462966273	429817.48456009565
15710723.892474487	425274.10818201647
16003103.137387017	421358.55454197415
16300923.609797413	418020.63130240364
16604286.571875297	414620.5887433772
16913295.17029647	411157.2708137898
17228054.471313924	407629.4999482285
17548671.49648152	404036.0766665873
17875255.259042352	400375.779166233
18207916.800994623	396647.36290657526
18546769.230846975	392849.5601859133
18891927.762076646	388981.0797104008
19243509.75230332	385040.6061549935
19601634.743191857	381026.79971622553
19966424.501097932	376983.4551909435
20338003.0584698	374034.7047583517
20716496.75602067	371031.0775784618
21102034.285685964	367971.55238566874
21494746.734379806	364855.0889084416
21894767.628566206	361680.6275156185
22302232.979659364	358447.08885612123
22717281.330269028	355153.3734919648
23140053.80130654	351798.36152443587
23570694.139967278	348380.9122133161
24009348.76860652	344899.86358901695
24456166.83452444	341354.0320574986
24911300.26067791	337742.2119978336
25374903.797335718	334656.4138326608
25847135.07469564	332003.06027246366
26328154.656480197	329300.3273510272
26818126.094530128	326547.2961100368
27317215.98441379	323743.03048920626
27825594.022071257	320886.5770080101
28343433.061513092	317976.96444148617
28870909.173592344	315013.2034900113
29408201.705870606	311994.2864429277
29955493.34359816	308919.18683591083
30512970.171828706	305786.8591019613
31080821.738690637	302596.23821589845
31659241.119835205	299406.062539624
32248424.98408439	297062.18785333575
32848573.66030047	294674.69326031127
33459891.20549975	292242.7669866644
34082585.47423452	289765.5821512582
34716868.189265594	287242.29648455716
35362955.013550386	284672.05204224674
36021065.62357073	282053.9749135222
36691423.78402494	279387.1749239508
37374257.42391064	276670.74533280166
38069798.71402284	273903.7625247445
38778284.14589453	271085.2856958107
39499954.61220647	268214.35653350945
40235055.48869293	265782.915090641
40983836.717572615	263673.92727206566
41746552.89253134	261525.69083132976
42523463.34528677	259337.4753448965
43314832.23376403	257108.53679592244
44120928.631911896	254838.1173212851
44942026.62119142	252525.4449538993
45778405.38376616	250169.73336024146
46630349.29742726	247770.18157298723
47498148.03228505	245325.97371867375
48382096.649259575	242836.27874029533
49282495.700405136	240300.25011473268
50199651.33110079	237783.58487897358
51133875.38414321	235920.64023597495
52085485.50577665	234023.02587617873
53054805.25369574	232090.0965902565
54042164.20705915	230121.1951614238
55047898.078549676	228115.65214198007
56072348.82852027	226072.78562568943
57115864.78126434	223991.90101592452
58178800.74344935	221872.2907894971
59261518.124755524	219713.23425609153
60364385.060758635	217513.99731322294
61487776.53810017	215273.83219663426
62632074.521986924	212991.97722604807
63797668.08606282	211076.39617529017
64984953.54469889	209400.18197779244
66194334.587743886	207692.7731488614
67426222.41778335	205953.58915109822
68681035.88995308	204182.03864320385
69959201.65435374	202377.5192789179
71261154.30111745	200539.41750221283
72587336.50817245	198667.10833867927
73938199.19175874	196759.95518302754
75314201.65974376	194817.30958263585
76715811.76779301	192838.51101706817
78143506.07844542	190822.88667349078
79597770.02314977	188837.75400909022
81079098.06731695	187357.11905326415
82587993.87844272	185848.92922897145
84124970.49736118	184312.67173542109
85690550.51268347	182747.8242285124
87285266.2384837	181153.854643232
88909659.89529167	179530.22101274584
90564283.79445294	177876.37128412566
92249700.52592173	176191.74313064336
93966483.1495469	174475.76376057524
95715215.38991857	172727.84972244597
97496491.83484097	170947.40670664894
99310918.137498	169133.8293433751
101159111.22238298	167624.82752891618
103041699.49505854	166292.6183145776
104959323.05582266	164935.61646007645
106912633.91734771	163553.3605701611
108902296.22637327	162145.38066293532
110928986.48952228	160711.19801006018
112993393.80332193	159250.3249739803
115096220.0885031	157762.2648421224
117238180.32865997	156246.51165800824
119420002.8133535	154702.55004922324
121642429.3857368	153129.85505218487
123906215.6947913	151527.89193364815
126212131.45225461	149962.15915802438
128560960.69432965	148785.39956761818
130953502.04826704	147586.74028100184
133390569.00390588	146365.7737411028
135872990.19027063	145122.08480614147
138401609.65731302	143855.25060847917
140977287.16289675	142564.84041083895
143600898.46512634	141250.4154598496
146273335.620113	139911.52883686544
148995507.28528506	138547.72530600798
151768339.02834037	137158.54115938162
154592773.64194784	135743.50405940847
157469771.46430898	134302.13287822792
160400310.70568198	133113.521930959
163385387.78098568	132054.7298548403
166426017.64859018	130976.23347802494
169523234.15541214	129877.6661001245
172678090.38843593	128758.65419639353
175891659.03277326	127618.81729072776
179165032.73638958	126457.76782629755
182499324.48161504	125275.1110337745
185895667.9635688	124070.4447971065
189355217.9756299	122843.35951679293
192879150.80207777	121593.4379706171
196468664.61804405	120320.25517178533
200124979.8969035	119085.39606397261
203849339.82524642	118150.1496643566
207643010.7255779	117197.49817010596
211507282.48687947	116227.11766944818
215443469.00318778	115238.67822255711
219452908.62033114	114231.84374937031
223536964.59097964	113206.2719153186
227697025.53816846	112161.61401492801
231934505.92744273	111097.51485325658
236250846.547794	110013.61262512364
240647515.00154215	108909.53879209248
245126006.20333397	107784.9179571638
249687842.8884332	106639.36773713616
254334576.13046482	105703.19350508614
259067785.8688001	104861.70044848206
263889081.44575077	104004.54706290929
268800102.15376073	103131.44190698126
273802517.7927863	102242.08811553734
278898029.23804396	101336.18329870596
284088369.0183295	100413.41943908829
289375301.9050947	99473.48278702913
294760625.51248586	98516.05375393927
300246170.90855557	97540.80680363138
305833803.23784316	96547.41034163434
311525422.35554785	95535.52660244722
317322963.4734973	94561.67021896095
323228397.81813806	93818.36212065254
329243733.30077755	93061.2209321563
335371015.2002929	92289.98921731021
341612326.8585518	91504.4047490212
347969790.3887688	90704.20042010519
354445567.3970435	89889.10415246854
361041859.71733445	89058.83880459765
367760910.160103	88213.12207732849
374605003.2748981	87351.66641786108
381576466.1271245	86474.17892198896
388677669.0892668	85580.36123450892
395911026.6468467	84669.90944777644
403278998.21937054	83932.60619672369
410784088.99656343	83263.80382256921
418428850.79015756	82582.5549224309
426215882.9015325	81888.62786434239
434147833.0055101	81181.78670562703
442227398.0505897	80461.79111267491
450457325.17594445	79728.3962792264
458840412.64547515	78981.35284313571
467379510.7992463	78220.40680158549
476077523.0226378	77445.2994247225
484937406.7335233	76655.7671676871
493962174.38783056	75851.54158100464
503154894.5038046	75083.55123453954
512518692.70533323	74492.77619605101
522056752.7846986	73891.0067335723
531772317.7850967	73278.03823900233
541668691.1033136	72653.6622964482
551749237.6129117	72017.66661136168
562017384.8083187	71369.83493835722
572476623.970219	70709.94700768571
583130511.3526218	70037.77845034072
593982669.3920338	69353.10072176998
605036787.9391212	68655.68102416841
616296625.5132942	67945.28222732434
627766010.5806513	67221.66278799242
639448842.8556936	66641.01350690151
651349094.6272782	66109.4455620238
663470812.1092337	65567.98504724234
675818116.816111	65016.447860148066
688395206.964551	64454.64647215459
701206358.9007177	63882.38986473685
714255928.5543104	63299.48346448216
727548352.9196217	62705.72907693361
741088151.5641569	62100.924819201915
754879928.1653446	61484.86505132278
768928372.0758306	60857.34030633728
783238259.9179205	60218.13721907039
797814457.2076613	59612.50892548718
812661920.0091946	59142.94717712334
827785696.619849	58664.6468047237
843190929.286625	58177.44518100817
858882855.9546258	57681.1766521749
874866812.0479896	57175.672481577094
891148232.2840202	56660.7607923498
907732652.5210242	56136.26650897067
924625711.6405733	55602.01129773216
941833153.4647961	55057.81350610566
959360828.7093127	54503.48810097861
977214696.9725724	53938.84660574023
995400828.7621539	53363.697036198355
1013925407.5588143	52906.43302495126
1032794731.9189526	52483.9190153178
1052015217.6161569	52053.54194807186
1071593399.8226712	51615.15549037316
1091535935.3313932	51168.6105861026
1111849604.81927	50713.75540518139
1132541315.1528125	50250.4352919468
1153618101.736476	49778.492712568346
1175087130.9048076	49297.76720148371
1196955702.3590453	48808.09530683944
1219231251.6491096	48309.31053491536
1241921352.7017846	47801.24329351447
1265033720.3959012	47323.65485953588
1288576213.185518	46950.41391204263
1312556835.7718453	46570.22688700735
1336983741.8249452	46182.96451674517
1361865236.7560828	45788.49512787732
1387209780.541618	45386.68459656139
1413025990.5995336	44977.396302887115
1439322644.7194095	44560.49108442472
1466108684.0469828	44135.82718890792
1493393216.1242533	43703.26022603637
1521185517.9861019	43262.643118382
1549495039.3146317	42813.826051380456
1578331405.6521199	42356.65642239311
1607704421.673822	41996.563276307956
1637624074.521689	41660.7059595256
1668100537.2000556	41318.598280929866
1699144172.0346258	40970.12392022373
1730765534.1957276	40615.16439236985
1762975375.2872038	40253.5990073042
1795784647.0020967	39885.3048288999
1829204504.8462899	39510.15663316811
1863246311.9315598	39128.026865679974
1897921642.8391032	38738.7855981972
1933242287.5550432	38342.30048449495
1969220255.4791734	37938.43671536229
2005867779.5082297	37561.811842941985
2043197320.1952705	37265.10778607048
2081221569.9863415	36962.88201621464
2119953457.536069	36655.031773356306
2159406152.1035676	36341.45238509576
2199593068.0300703	36022.03723106235
2240527869.3000183	35696.677706661925
2282224474.1869006	35365.26318615052
2324697059.9856453	35027.68098502033
2367960067.833079	34683.81632168538
2412028207.618002	34333.55227845524
2456916462.98279	33976.769761780975
2502640096.4179215	33613.34746176273
2549214654.4514203	33329.770895295216
2596655972.934872	33062.76954904189
2644980182.4277143	32790.79926230297
2694203713.6818824	32513.76756225041
2744343303.2283683	32231.580255121273
2795415999.067865	31944.14139419061
2847439166.4672475	31651.35324714864
2900430493.8639855	31353.11626287058
2954407998.8803797	31049.32903756823
3009390034.449724	30739.888280311785
3065395295.056536	30424.688777909607
3122442823.0928583	30103.623359134705
3180552015.3329134	29806.60319570676
3239742629.5281954	29570.71225106025
3300034791.1252885	29330.431335795613
3361449000.108775	29085.678751812662
3424006137.9714255	28836.371280595726
3487727474.8141704	28582.424154918295
3552634676.5781393	28323.75103002132
3618749812.411284	28060.263954255242
3686095362.1721687	27791.873339175265
3754694224.0733366	27518.487929080424
3824569722.4669914	27240.01476998556
3895745615.775501	26956.359178016017
3968246104.5694857	26667.42470721422
4042095839.796318	26444.09234291726
4117319931.1616793	26231.79924468107
4193943955.6671777	26015.55533576376
4271993966.306777	25795.287090906266
4351496500.925055	25570.919616532014
4432478591.24041	25342.376625282188
4514967772.036101	25109.580410077295
4598992090.5224285	24872.451817695786
4684580115.873045	24630.910221861144
4771760948.938751	24384.873495828277
4860564232.142149	24134.257984459317
4951020159.556351	23878.978475780114
5043159487.171348	23644.715052936812
5137013543.351338	23457.14010147934
5232614239.486667	23266.07434825825
5329994080.844104	23071.45282885873
5429186177.618942	22873.20936986723
5530224256.192888	22671.276566371573
5633142670.601352	22465.585759042748
5737976414.21414	22256.06701079002
5844761131.633649	22042.649082981432
5953533130.81437	21825.259411222043
6064329395.408049	21603.82408068106
6177187597.338489	21378.26780096011
6292146109.610351	21148.513880493814
6409244019.35647	20972.606321845662
6528521141.127848	20803.77683339774
6650018030.431105	20631.80539944246
6773775997.517745	20456.63354783927
6899837121.430025	20278.201718271197
7028244264.308367	20096.449241993625
7159041085.964888	19911.3143212063
7292272058.728297	19722.734008041305
7427982482.56491	19530.644183160206
7566218500.481063	19334.979533952835
7707027114.212319	19135.673532330205
7850456200.204509	18932.65841210432
7996554525.892329	18747.862363957884
8145371766.280737	18598.670453567218
8296958520.834915	18446.702056338294
8451366330.684739	18291.90550137861
8608647696.149244	18134.2281561916
8768856094.587408	17973.616408780916
8932045998.58096	17810.01564942183
9098272894.455566	17643.370252093435
9267593301.146902	17473.623555565042
9440064789.417603	17300.717844130886
9615746001.432076	17124.594327985993
9794696670.695385	16945.193123237135
9976977642.36321	16762.453231541716
10162650893.929972	16623.871655178267
10351779556.301762	16489.56807032906
10544427935.261662	16352.765072913251
10740661533.334322	16213.416148437655
10940547072.057436	16071.473916766514
11144152514.667904	15926.890116011655
11351547089.20999	15779.615586122987
11562801312.07373	15629.600252173444
11777987011.97118	15476.793107333067
11997177354.358854	15321.142195526158
12220446866.314913	15162.594593765587
12447871461.879063	15001.096394158474
12679528467.864315	14855.285404052987
12915496650.148827	14736.581152798683
13155856240.457052	14615.6677952303
13400688963.639534	14492.504219503435
13650078065.460136	14367.048548675304
13904108340.900667	14239.258126466031
14162866162.991974	14109.089502755107
14426439512.181587	13976.498418807954
14694918006.248201	13841.439792227387
14968392930.772554	13703.867701625146
15246957270.1757	13563.735371008088
15530705739.334583	13420.99515387386
15819734815.786015	13275.598517010661
16114142772.530231	13166.387443709042
16414029711.444664	13059.505173516221
16719497597.31985	12950.633806088455
17030650292.528427	12839.73632398772
17347593592.339325	12726.775020875217
17670435260.889503	12611.711488690758
17999285067.824764	12494.506604593622
18334254825.62285	12375.120517660325
18675458427.61074	12253.512635334915
19023011886.689457	12129.641609627124
19377033374.77993	12003.465323053513
19737643263.002552	11874.940874317152
20104964162.604927	11759.846605708184
20479120966.650833	11665.353598456368
20860240892.485046	11569.102060261039
21248453524.988873	11471.059264562124
21643890860.6402	11371.191875752707
22046687352.394028	11269.46593784451
22456979955.397717	11165.84686292255
22874908173.55704	11060.29941938488
23300614106.96929	10952.787719963451
23734242500.23866	10843.275209522055
24175940791.69123	10731.724652627132
24625859163.505444	10618.098120887378
25084150592.775414	10502.356980057713
25550970903.525124	10416.24912802038
26026478819.690044	10331.139978203915
26510836019.085308	10244.44693262754
27004207188.377697	10156.140514721625
27506760079.080673	10066.190699352617
28018665564.59201	9974.566902614095
28540097698.292374	9881.23797142795
29071233772.725693	9786.17217295196
29612254379.880314	9689.337183790294
30163343472.591972	9590.700079003276
30724688427.090096	9490.227320912481
31296480106.707504	9387.884747697593
31878912926.77636	9296.984736691185
32472184920.731255	9221.712690185477
33076497807.442425	9145.039818086309
33692057059.802742	9066.94005079103
34319071974.590427	8987.38683353726
34957755743.632645	8906.353117373941
35608325526.29274	8823.811349964437
36271002523.30648	8739.733466218466
36946012051.993095	8654.090878749626
37633583622.865326	8566.854468155412
38333951017.6659	8477.994573116242
39047352368.85556	8387.480980310336
39774030240.58036	8295.282914140882
40514231711.14655	8227.34033427153
41268208457.02952	8159.512887144715
42036216838.44701	8090.423159685628
42818517986.52406	8020.047660642478
43615377892.080055	7948.362461587329
44427067496.06892	7875.343188780091
45253862781.70167	7800.965014881266
46096044868.284195	7725.202650510291
46953900106.80053	7648.0303356469385
47827720177.27485	7569.421830872649
48717802187.94641	7489.350408448799
49624448776.28914	7407.788843229032
50547968211.912254	7335.936897855562
51488674501.37487	7275.916815546209
52446887494.95119	7214.7797492923
53422932995.38363	7152.50491183257
54417142868.658875	7089.071129051292
55429855156.84652	7024.456832778817
56461414193.036606	6958.640053458191
57512170718.41614	6891.5984126752855
58582482001.525475	6823.309115549877
59672711959.7331	6753.748942985147
60783231282.972115	6682.894243772909
61914417559.77835	6610.720926551965
63066655405.67406	6537.204451616818
64240336593.94204	6483.53533299145
65435860188.83229	6429.416440580006
66653632681.24893	6374.290386372134
67894068126.96099	6318.138426915411
69157588287.38525	6260.941469938612
70444622772.99051	6202.680067860067
71755609189.36922	6143.334411175327
73090993286.02888	6082.884321721669
74451229107.95128	6021.309245817319
75836779149.97191	5958.588247273022
77248114514.03416	5894.700000273461
78685715069.36842	5829.62278212629
80150069615.6538	5772.756906312086
81641676049.21454	5724.8301416293
83161041532.30962	5676.0114517007405
84708682665.57419	5626.284237645819
86285125663.66887	5575.631591675965
87890906534.19963	5524.036291345749
89526571259.96382	5471.480793697151
91192675984.59299	5417.94722929467
92889787201.64516	5363.417396149603
94618481947.21991	5307.872753531142
96379347996.15794	5251.294415662283
98172984061.88821	5193.663145298556
100000000000.0	5134.959347187043
