# Frequency (Hz)	Imaginary Part (Ohm)
1000.0	3.2826647382309314e-05
1018.6101701559753	3.3437556981453945e-05
1037.566678745186	3.405983571218861e-05
1056.875971184804	3.469369515598666e-05
1076.544612842316	3.533935083188881e-05
1096.5792912678098	3.59970222697816e-05
1116.9868184678226	3.666693308504033e-05
1137.7741332214914	3.734931105456038e-05
1158.9483034398106	3.804438819420386e-05
1180.5165285688056	3.875240083768768e-05
1202.4861420374123	3.9473589716939255e-05
1224.8646137509306	4.020820004394831e-05
1247.6595526308697	4.095648159414137e-05
1270.8787092020582	4.171868879130807e-05
1294.529978227916	4.249508079410818e-05
1318.6214013947485	4.3285921584188096e-05
1343.1611700460153	4.409148005593771e-05
1368.1576279674719	4.49120301079172e-05
1393.6192742241421	4.57478507359855e-05
1419.5547660501015	4.6599226128162045e-05
1445.9729217920196	4.7466445761253555e-05
1472.8827239075017	4.8349804499279505e-05
1500.2933220192183	4.9249602693728944e-05
1528.2140360258693	5.016614628568308e-05
1556.654359271062	5.109974690983891e-05
1585.6239617711371	5.205072200046794e-05
1615.1326935030913	5.301939489934771e-05
1645.1905877536624	5.400609496570108e-05
1675.8078645307671	5.501115768818219e-05
1706.994934038408	5.603492479894616e-05
1738.7624002162504	5.707774438984149e-05
1771.1210643450886	5.813997103076542e-05
1804.0819287193829	5.92219658902211e-05
1837.6562003881704	6.032409685811913e-05
1871.8552949655793	6.144673867086399e-05
1906.690840512252	6.259027303876814e-05
1942.1746814890264	6.375508877583831e-05
1978.3188827841643	6.494158193197562e-05
2015.1357338155585	6.615015592763762e-05
2052.6377527092523	6.73812216910049e-05
2090.83769055575	6.863519779770165e-05
2129.748535745521	6.991251061311564e-05
2169.3835183851843	7.12135944373668e-05
2209.756114795903	7.253889165297452e-05
2250.880052095462	7.388885287527192e-05
2292.7693128656488	7.52639371056202e-05
2335.438139906479	7.666461188747414e-05
2378.9010410788933	7.809135346535149e-05
2423.1727942376006	7.954464694676181e-05
2468.2684522556924	8.10249864671477e-05
2514.2033481427966	8.253287535789656e-05
2560.9931002584594	8.406882631747867e-05
2608.6536176225477	8.56333615857697e-05
2657.201105324507	8.722701312161879e-05
2706.652070033241	8.885032278371926e-05
2757.0233256095826	9.050384251484726e-05
2808.3319988231724	9.21881345295279e-05
2860.595535175742	9.390377150519403e-05
2913.8317048327885	9.565133677690325e-05
2968.058608665602	9.74314245356776e-05
3023.2946844057765	9.924464003053527e-05
3079.5587129142264	0.0001010915997742818
3136.8698245668766	0.00010297293175313057
3195.2475057592137	0.00010488927564022575
3254.711605531848	0.000106841283013137
3315.282342319423	0.0001088296175754038
3376.9803108250912	0.00011085495538220157
3439.8264890229248	0.00011291798507020706
3503.8422452906757	0.00011501940809174324
3569.0493456752297	0.0001171599389532798
3635.4699612933177	0.00011934030545837369
3703.126675869927	0.00012156124895512985
3772.0424934169973	0.00012382352458826734
3842.240846055061	0.00012612790155587742
3913.745601980384	0.00012847516337095803
3986.581073580439	0.00013086610812781794
4060.7720257003652	0.0001333015487734366
4136.343684063274	0.000135782313383875
4213.321743847289	0.0001383092454458307
4291.732378422157	0.0001408832041434318
4371.602248248502	0.00014350506465036974
4452.958509942656	0.0001461757184274672
4535.828825510186	0.00014889607352578386
4620.241371751313	0.0001516670548953651
4706.224849841282	0.0001544896046997332
4793.808495089107	0.00015736468263623425
4883.02208687788	0.0001602932662623454
4973.895958790063	0.00016327635132805434
5066.461008921268	0.00016631495211442602
5160.7487103859075	0.00016941010177846805
5256.791122018419	0.0001725628527044161
5354.620899273607	0.00017577427686155561
5454.271305329837	0.00017904546616870256
5555.7762223988775	0.00018237753286546758
5659.170163246243	0.0001857716098904306
5764.488282925873	0.00018922885126635068
5871.766390733255	0.00019275043249254706
5981.040962380944	0.000196337550944581
6092.349152400711	0.00019999142628137676
6205.7288067765	0.00020371330085991907
6321.218475812449	0.00020750444015766713
6438.857427240419	0.00021136613320283157
6558.685659571435	0.00021529969301265674
6680.743915695614	0.0002193064570398611
6805.073696735207	0.00022338778762738667
6931.7172761554075	0.00022754507247160907
7060.717714137772	0.0002317797250941691
7192.118872221193	0.00023609318532258667
7325.9654282152305	0.00024048691977981588
7462.302891391108	0.0002449624223829142
7601.17761795533	0.0002495212148509901
7742.63682681127	0.0002541648472226024
7886.728615614156	0.00025889489838279244
8033.501977124734	0.00026371297659991973
8183.006815867389	0.0002686207200724926
8335.293965098195	0.00027361979748617216
8490.415204088747	0.0002787119085811431
8648.423275731726	0.0002838987847300447
8809.37190447399	0.00028918218952665503
8973.31581458352	0.00029456391938553327
9140.310748756232	0.00030004580415281896
9310.413487069076	0.000305629707728399
9483.681866285928	0.0003113175286996555
9660.174799522645	0.0003171112009870034
9839.952296278227	0.00032301269450144693
10023.075482838643	0.00032902401581436867
10209.606623060476	0.0003351472088397866
10399.609139541202	0.0003413843555293048
10593.147635183701	0.0003477375765800028
10790.287915161836	0.0003542090321554927
10991.097009294961	0.00036080092262039945
11195.643194838794	0.0003675154892885084
11403.996019700331	0.0003743550151848336
11616.226326085018	0.00038132182582187573
11832.40627458378	0.00038841828999031775
12052.609368708414	0.0003956468205644402
12276.910479883603	0.0004030098753225256
12505.385872903913	0.00041050995778252574
12738.113231864785	0.00041814961805329055
12975.171686575868	0.00042593145370162786
13216.641839466038	0.0004338581106355068
13462.60579298911	0.00044193228400369407
13713.147177539457	0.00045015671911213123
13968.351179887397	0.0004585342123573732
14228.30457214352	0.0004670676121773896
14493.095741262152	0.00047575982002006555
14762.81471909391	0.0004846137913297258
15037.553212997384	0.000493632536552014
15317.404637020798	0.0005028191221574822
15602.46414366368	0.0005121766716842208
15892.828656229764	0.0005217083667998949
16188.596901781992	0.0005314174483835476
16489.86944471065	0.0005413072176275294
16796.74872092653	0.0005513810371599448
17109.339072690134	0.0005616423321879792
17427.746784089173	0.0005720945916625059
17752.08011717636	0.0005827413694643693
18082.44934877952	0.0005935862856127368
18418.96680799711	0.0006046330274959528
18761.746914391195	0.0006158853511252846
19110.90621689136	0.0006273470824120084
19466.563433422634	0.0006390221184682614
19828.839491270715	0.0006509144289320974
20197.857568198782	0.0006630280573172126
20573.743134329117	0.0006753671223877814
20956.623994804308	0.000687935819558879
21346.630333242454	0.0007007384223229709
21743.8947560008	0.0007137792837029409
22148.552337263594	0.0007270628377321724
22560.74066496859	0.0007405936009621641
22980.599887588487	0.000754376173998206
23408.272761782944	0.0007684152430636374
23843.904700937204	0.0007827155815932066
24287.643824604504	0.0007972820518560986
24739.641008868115	0.0008121196066091556
25200.049937640895	0.0008272332907808651
25669.02715491952	0.000842628243186696
26146.73211801092	0.0008583096982763406
26633.327251749808	0.0008742829879134969
27128.978003724646	0.000890553543188751
27633.85290053167	0.0009071268962662103
28148.123605075813	0.0009240086822644974
28671.9649749377	0.0009412046411727478
29205.555121827452	0.0009587206198022761
29749.075472144435	0.00097656257377455
30302.71082866393	0.0009947365695461591
30866.649433372746	0.001013248786471496
31441.083031472648	0.001032105518903776
32026.206936576502	0.001051313178335206
32622.220097116733	0.001070878295576955
33229.325163989684	0.0010908075229796904
33847.72855945983	0.0011111076366954722
34477.64054734464	0.0011317855389816884
35119.275304507275	0.0011528482605479193
35772.850993678774	0.0011743029629464482
36438.58983763541	0.0011961569410072546
37116.71819475767	0.0012184176253183625
37807.46663599349	0.0012410925847522864
38511.07002325569	0.0012641895290395554
39227.76758927724	0.001287716311390096
39957.803018952654	0.0013116809311633972
40701.42453219439	0.0013360915365884087
41458.88496832911	0.0013609564275339874
42230.44187206672	0.0013862840583309724
43016.357581068	0.0014120830406467403
43816.89931514195	0.0014383621464132527
44632.33926710398	0.0014651303108096268
45462.95469532399	0.0014923966353001803
46309.02801799737	0.0015201703907290315
47170.84690917022	0.0015484610204722872
48048.70439655134	0.001577278143648881
48942.898961145314	0.0016066315583911977
49853.73463873893	0.001636531245176527
50781.5211232767	0.0016669873702205417
51726.57387216025	0.001698010288933921
52689.21421350677	0.001729610549443288
53669.76945540476	0.0017617988961777067
54668.57299720181	0.0017945862735218926
55685.96444286409	0.0018279838295374227
56722.28971644549	0.001862002919753198
57777.90117970507	0.0018966551110264377
58853.15775191451	0.00193195218547555
59948.42503189409	0.0019679061444861676
61064.07542232036	0.0020045292127917544
62200.48825634718	0.002041833842630145
63358.04992658254	0.002079832717977431
64537.15401646702	0.0021185387588606654
65738.20143409586	0.002157965125750801
66961.60054853215	0.0021981252240373937
68207.76732865692	0.002239032708586584
69477.1254846024	0.002280701488383885
70770.10661181889	0.0023231457312634044
72087.15033782135	0.0023663798687250533
73428.70447166757	0.002410418600841411
74795.2251562183	0.0024552769012559125
76187.17702322999	0.00250097002227403
77605.0333513357	0.0025475135000492524
79049.2762269642	0.0025949231598655234
80520.3967082547	0.002643215121518011
82018.89499202212	0.0026924058047940232
83545.28058382872	0.002742511935055886
85100.07247122246	0.0027935505489277775
86683.79930019774	0.002845539000088351
88296.99955494083	0.0028984949651711693
89940.22174092053	0.002952436449774958
91614.0245713852	0.003007381794585683
93318.97715733238	0.0030633496816126135
95055.6592010119	0.0031203591405403876
96824.66119303113	0.0031784295551993066
98626.5846131283	0.003237580670156063
100462.04213468131	0.003297832597427073
102331.6578330245	0.0033592058233168237
104236.06739764012	0.0034217212153834007
106175.9183482999	0.003485400029533705
108151.87025522892	0.0035502639172506857
110164.59496336569	0.0036163349329550514
112214.77682079803	0.0036836355415040523
114303.11291144787	0.003752188625829749
116430.31329208757	0.0038220174947194673
118597.10123376705	0.0038931458907410267
120804.21346773289	0.003965597998315463
123052.40043592616	0.004039398451940019
125342.42654613995	0.004114572344564115
127675.07043192645	0.004191145236121234
130051.12521734099	0.004269143162219574
132471.39878661174	0.004348592642994406
134936.71405883064	0.004429520692125265
137447.90926775365	0.004511954826020839
140005.8382468096	0.00459592307317487
142611.37071941298	0.004681453983696146
145265.39259467812	0.004768576639015812
147968.80626863963	0.004857320661775411
150722.53093107554	0.004947716225898896
153527.5028780421	0.005039794066852063
156384.6758302248	0.005133585492092975
159295.0212572123	0.005229122391716782
162259.5287078087	0.00532643724929876
165279.2061464897	0.005425563152939056
168355.08029612005	0.00552653380651294
171488.19698705408	0.005629383541130617
174679.62151272458	0.005734147326810013
177930.43899185772	0.0058408607843670884
181241.75473742394	0.005949560197527246
184614.69463245457	0.006060282525262144
188050.40551285836	0.006173065414356277
191550.05555735278	0.006287947212207124
195114.83468466165	0.0064049669798637975
198745.9549580986	0.006524164505308188
202444.65099768018	0.0066455803169832425
206212.18039991445	0.0067692556975732275
210049.82416539153	0.00689523269804008
213958.88713434216	0.007023554151921358
217940.6984302958	0.0071542636898940465
221996.61191199525	0.007287405754609382
226128.00663372796	0.007423025615804024
230336.28731421314	0.007561169385692006
234622.88481422624	0.007701884034643596
238989.25662310526	0.007845217407155628
243436.8873543108	0.007991218238119107
247967.289250216	0.008139936169389763
252582.00269627848	0.008291421766666595
257282.5967447932	0.008445726536684925
262070.66964838552	0.008602902944729197
266947.8494034318	0.00876300443247164
271915.7943036019	0.00892608543614323
276976.1935036891	0.009092201405042336
282130.76759394706	0.009261408820388282
287381.2691851069	0.009433765214525484
292729.4835042813	0.009609329190485018
298177.22900196735	0.009788160441910452
303726.35797033116	0.009970319773354103
309378.7571730137	0.010155869120951415
315136.34848664823	0.010344871573479866
321001.08955431683	0.010537391393809726
326974.9744511768	0.010733494040754367
333060.03436245886	0.010933246191326665
339258.33827409917	0.011136715763410132
345571.9936762143	0.011343971938851657
352003.14727966755	0.011555085186983978
358553.9857459817	0.011770127288586271
365226.7364308176	0.011989171360290062
372023.6681413066	0.012212291879439915
378947.09190746717	0.01243956470941646
385999.3617679763	0.012671067125430648
393182.87557057705	0.012906877840798433
400500.07578736113	0.013147077033703797
407953.4503452449	0.013391746374460445
415545.53347188793	0.013640969053280556
423278.90655735444	0.013894829808560183
431156.19903182285	0.014153414955691545
439180.0892596086	0.014416812416410796
447353.3054498463	0.01468511174869269
455678.6265841069	0.014958404177201113
464158.8833612772	0.015236782624306354
472796.9591600391	0.015520341741680044
481595.7910192351	0.015809177942477305
490558.37063650455	0.016103389434118605
499687.7453854889	0.016403076251681227
508987.01935196744	0.01670834029191213
518459.3543892913	0.017019285347874297
528107.971193433	0.017336017144237048
537936.1503980698	0.017658643373223905
547947.2336900292	0.017987273731229037
558144.6249454955	0.01832201995611499
568531.7913873753	0.018662995865205208
579112.2647641759	0.019010317393982654
589889.6425508494	0.019364102635509473
600867.5891719693	0.019724471880579828
612049.837247669	0.020091547658619834
623440.1888627864	0.020465454779349385
635042.5168595962	0.02084632037521821
646860.7661546321	0.0212342739446327
658898.9550799957	0.02162944739598666
671161.1767496273	0.02203197509251135
683651.6004510239	0.02244199389796095
696374.4730628222	0.022859643223147076
709334.1204987989	0.02328506507334043
722534.9491787221	0.023718404096554017
735981.4475265756	0.02415980763272473
749678.1874966876	0.024609425763811126
763629.8261282241	0.0250674113648222
777841.1071286482	0.025533920155797085
792316.8624866261	0.026009110754751315
807062.014114949	0.026493144731608492
822081.5755240541	0.02698618666313637
837380.653526649	0.027488404188903963
852964.4499741016	0.027999968068281395
868838.2635251193	0.028521052238499753
885007.4914473438	0.029051833873791406
901477.6314524917	0.029592493445631494
918254.2835656282	0.030143214784099998
935343.1520292377	0.030704185140385917
952750.04724273	0.03127559525045484
970480.8877380306	0.031857639399900925
988541.7021919574	0.03245051549000649
1006938.6314760271	0.03305442510503034
1025677.9307444209	0.033669573580748596
1044765.9715608052	0.034296170074271236
1064209.2440647245	0.0349344276351574
1084014.359178331	0.035584563277855
1104188.0508541602	0.03624679805548765
1124737.1783647507	0.036921357135015265
1145668.7286348727	0.037608469873793224
1166989.8186171474	0.03830836989755608
1188707.6977119034	0.03902129517985336
1210829.7502320395	0.03974748812296268
1233363.4979137748	0.04048719564030934
1256316.6024741214	0.04124066924041953
1279696.8682159416	0.04200816511243574
1303512.244681509	0.04278994421322421
1327770.8293554292	0.0435862723561027
1352480.870417874	0.04439742030122017
1377650.769549055	0.045223663847618015
1403289.084785873	0.04606528392700451
1429404.533431761	0.04692256669927511
1456005.9950206485	0.04779580364980941
1483102.5143361029	0.04868529168857966
1510703.3044866556	0.049591333251103216
1538817.7500383463	0.05051423640127364
1567455.410205595	0.051454314936106235
1596626.022101425	0.052411888492432016
1626339.5040481905	0.05338728265557787
1656605.9589499151	0.05438082907006914
1687435.6777273756	0.055392865552391854
1718839.1428171457	0.05642373620585464
1750827.0317357269	0.05747379153758726
1783410.2207100063	0.05854338857771641
1816599.7883753285	0.05963289100076093
1850407.019542302	0.06074266924928353
1884843.4090337954	0.06187310065984654
1919920.6655932867	0.06302456959130989
1955650.715865947	0.06419746755551686
1992045.7084538713	0.06539219335041356
2029118.018046678	0.06660915319564291
2066880.2496290822	0.06809993898668468
2105345.242766708	0.06986974937669468
2144526.0759716653	0.07167249623920616
2184436.0711494284	0.07350879252757753
2225088.7981283693	0.07537926260233209
2266498.079273693	0.07728454244344947
2308677.994187172	0.07922527986660505
2351642.884494346	0.08120213474343313
2395407.3587208795	0.08321577922589313
2439986.29725955	0.0852668979748051
2485394.8574297987	0.08735618839264449
2531648.478631358	0.08948436086066532
2578762.8875937983	0.09165213898043681
2626754.1037238385	0.09386025981987814
2675638.4445520453	0.09610947416386613
2725432.531281028	0.09840054676951307
2776153.294436804	0.10073425662619102
2827817.979625338	0.10311139722039589
2880444.1533962977	0.10553277680554411
2934049.7092157872	0.10799921867678391
2988652.8735503824	0.11051156145092729
3044272.212064306	0.11307065935158787
3100926.6359319235	0.11567738249962503
3158635.408267819	0.11833261720899724
3217418.1506763715	0.12103726628811462
3277294.849923382	0.12379224934680656
3338285.8647317644	0.12659850310899792
3400411.9327037027	0.12945698173120387
3463694.1773717343	0.1323686571269569
3528154.115380883	0.13533451929726356
3593813.6638046256	0.13835557666721882
3660695.147596906	0.1414328564288802
3728821.30718283	0.144567404890523
3798215.306190736	0.14776028783239986
3868900.7393279755	0.1510125908691127
3940901.6404034477	0.15432541981873765
4014242.490499326	0.1576999010788131
4088948.226294856	0.16113718200932592
4165044.248545185	0.1660632051342267
4242556.430717777	0.17122124106037712
4321511.127789762	0.17647526891278378
4401935.185208879	0.1818270751175287
4483855.948021182	0.18727847934638445
4567301.270168747	0.19283133513552939
4652299.523960189	0.1984875305157613
4738879.609717651	0.20424898865445487
4827070.965603188	0.21011766850945654
4916903.577628021	0.21609556549514958
5008407.989848212	0.2221847121609225
5101615.314749834	0.22838717888224955
5196557.243827658	0.23470507456464718
5293266.058360566	0.24114054736072268
5391774.640387494	0.24769578540056583
5492116.483887789	0.2543730175357449
5594325.706169377	0.2611745140971298
5698437.059469136	0.2681025876668375
5804485.942768984	0.2751595938645312
5912508.413831869	0.2823479321483542
6022541.201461928	0.28967004663077944
6134621.717992506	0.2971284269096234
6248788.072006888	0.3067363347154868
6365079.081295578	0.31669547549826577
6483534.286054714	0.32683995758561735
6604193.962330305	0.33717323021076095
6727099.135712337	0.3476988067977256
6852291.595284058	0.3584202661559633
6979813.907830667	0.3693412536971793
7109709.432312424	0.3804654826748064
7242022.334607315	0.39179673544656335
7376797.602527731	0.4033388647604821
7514081.061116962	0.41509579506489497
7653919.388230155	0.4270715238427863
7796360.130405221	0.43927012297097334
7941451.71902934	0.45169574010460317
8089243.486805938	0.4643526000873815
8239785.684528511	0.4777375886077242
8393129.498166373	0.49242829992865444
8549327.066268368	0.5073924078869763
8708431.497690724	0.5226350004406382
8870496.889654404	0.5381612602353402
9035578.34613892	0.5539764663667075
9203731.99661823	0.5700859961752331
9375015.015145289	0.5864953270746264
9549485.639791965	0.6032100384142031
9727203.192450536	0.6202358133759174
9908228.099003788	0.6375784409067067
10092621.909870485	0.6552438176867974
10280447.320933098	0.6731738828712928
10471768.194855202	0.6912061191927015
10666649.582795387	0.7095739385003446
10865157.746525373	0.7282835860506971
11067360.180959744	0.747341423325522
11273325.63710487	0.7667539301948343
11483124.145435112	0.7865277071201386
11696827.039703846	0.8066694773986489
11914506.981197748	0.8271860894492852
12136237.983442418	0.8480845191412101
12362095.43736769	0.8685868921374109
12592156.13694151	0.8878664064491951
12826498.3052806	0.9075047158028462
13065201.621247198	0.9275084974351442
13308347.24654076	0.9478845528473846
13556017.853293689	0.9686398101179521
13808297.652180923	0.9897813262579562
14065272.421052365	1.0113162896106807
14327029.534098294	1.0332520222957022
14593657.991557576	1.0522596315200639
14865248.449978571	1.0715189270891563
15141893.25304352	1.0911366414258736
15423686.462966274	1.1111194447644688
15710723.89247449	1.1314741314733885
16003103.137387017	1.1522076223654352
16300923.60979741	1.1733269670509077
16604286.571875297	1.1928839985021564
16913295.17029647	1.212070784412278
17228054.471313924	1.2316146396729335
17548671.49648152	1.2515222094054954
17875255.259042356	1.2718002623981703
18207916.800994623	1.2924556934074707
18546769.230846975	1.313327190548096
18891927.762076642	1.3342590264709944
19243509.75230332	1.3555804074220974
19601634.743191857	1.3772985829006583
19966424.501097932	1.3994209373203528
20338003.0584698	1.4219549925200483
20716496.75602067	1.4455015855543625
21102034.285685964	1.4698422210878292
21494746.734379806	1.4946358399902757
21894767.628566206	1.519890872359279
22302232.979659364	1.545615905177964
22717281.330269028	1.5731084189594586
23140053.801306542	1.6026499921648143
23570694.139967278	1.632741339074193
24009348.768606517	1.663392691069778
24456166.83452444	1.6946144699415115
24911300.26067791	1.7277637276871263
25374903.797335718	1.7620087288006003
25847135.07469564	1.796891035211788
26328154.6564802	1.8324225072807203
26818126.094530128	1.8683885091057446
27317215.98441379	1.9046785030327222
27825594.022071257	1.9416438599216355
28343433.061513092	1.979297148392128
28870909.173592348	2.016577508348278
29408201.705870606	2.0527796391660744
29955493.34359816	2.089655497798404
30512970.17182871	2.127217622434524
31080821.738690637	2.1632408873991302
31659241.119835205	2.1986519438517265
32248424.98408439	2.234722006090308
32848573.66030047	2.2711719621337227
33459891.20549975	2.306459000809639
34082585.47423452	2.3424027372796146
34716868.189265594	2.379015392801337
35362955.01355039	2.4166842994124096
36021065.62357074	2.4551210544807245
36691423.78402494	2.4942731241011
37374257.42391064	2.5360481095143292
38069798.71402284	2.5792376430166963
38778284.145894535	2.6232309410864993
39499954.61220647	2.6702915035088868
40235055.48869293	2.718733306857939
40983836.717572615	2.768115164367085
41746552.89253135	2.819455267338087
42523463.34528678	2.8717508183612046
43314832.23376403	2.9243400920764735
44120928.631911896	2.9768357036176605
44942026.62119142	3.030308267422072
45778405.38376617	3.081716213163742
46630349.29742727	3.133607853216693
47498148.03228505	3.185011411510072
48382096.649259575	3.235624277659523
49282495.700405136	3.2870419869322838
50199651.33110079	3.3386222288559235
51133875.38414321	3.391162387858448
52085485.50577665	3.446368139460005
53054805.25369574	3.502720783147807
54042164.20705915	3.5627047807321413
55047898.078549676	3.6244268356583014
56072348.82852027	3.6890507196036015
57115864.78126435	3.7554340242674877
58178800.74344935	3.8228082263592773
59261518.124755524	3.8913700204135506
60364385.060758635	3.9586224181932224
61487776.53810017	4.026642741445741
62632074.521986924	4.092931583916456
63797668.086062826	4.1598619410809246
64984953.54469889	4.226408993071658
66194334.58774388	4.294588614194223
67426222.41778335	4.364367015180818
68681035.88995308	4.4381841679388305
69959201.65435374	4.514623933887685
71261154.30111745	4.594983394682944
72587336.50817245	4.677684594418326
73938199.19175874	4.762022081276032
75314201.65974376	4.846367078173526
76715811.76779303	4.929710723603987
78143506.07844542	5.01259601182883
79597770.02314977	5.094446675511671
81079098.06731695	5.177314745540741
82587993.87844272	5.262285272248112
84124970.49736118	5.350099301218185
85690550.51268348	5.443077069137074
87285266.23848371	5.5399276171476695
88909659.89529167	5.638883712044549
90564283.79445294	5.73852757754134
92249700.52592175	5.8373258985585466
93966483.1495469	5.934085010788001
95715215.38991855	6.0308614590222325
97496491.83484097	6.130144105302299
99310918.137498	6.233912962127368
101159111.22238298	6.343077888016894
103041699.49505854	6.457019824049231
104959323.05582266	6.573504455286008
106912633.91734771	6.689382691817612
108902296.22637327	6.803295982895166
110928986.48952228	6.9165220472090665
112993393.80332194	7.032429701873292
115096220.0885031	7.154267374997604
117238180.32865998	7.2827527331972295
119420002.8133535	7.41535231753581
121642429.3857368	7.548045803377235
123906215.69479132	7.678562568442772
126212131.45225461	7.808255189772477
128560960.69432965	7.94125622944234
130953502.04826704	8.08149745881881
133390569.00390586	8.229282169050823
135872990.19027063	8.379415820800642
138401609.65731302	8.527366362390199
140977287.16289678	8.673114841199073
143600898.46512637	8.821653513944026
146273335.620113	8.978215808302188
148995507.28528506	9.142481944795277
151768339.02834037	9.308452561242865
154592773.64194787	9.470511803552009
157469771.464309	9.631986357928028
160400310.70568198	9.80093197757435
163385387.7809857	9.979931064041153
166426017.64859018	10.163435049981807
169523234.15541214	10.343385666246048
172678090.38843596	10.521994030175577
175891659.03277326	10.70868590767859
179165032.73638958	10.90686325622099
182499324.48161504	11.106896045313016
185895667.96356884	11.301269701239914
189355217.9756299	11.498541981422285
192879150.80207777	11.70820567043486
196468664.61804405	11.925529084432798
200124979.89690349	12.13728140940296
203849339.82524642	12.348979348625704
207643010.7255779	12.573272038990222
211507282.48687947	12.806439249334835
215443469.00318778	13.034227317754626
219452908.62033114	13.262134080103008
223536964.59097967	13.505563651746323
227697025.53816846	13.755563461155424
231934505.92744276	13.998455819720398
236250846.54779404	14.248910648584314
240647515.00154218	14.515068816953008
245126006.20333397	14.777623318422025
249687842.8884332	15.037589459180108
254334576.13046482	15.315905633334257
259067785.8688001	15.59671989191778
263889081.44575077	15.87101278064917
268800102.15376073	16.162904099757686
273802517.7927863	16.461100141293368
278898029.23804396	16.751402634811946
284088369.01832956	17.060137122179846
289375301.90509474	17.374117393319025
294760625.51248586	17.681731704523663
300246170.90855557	18.011341434367402
305833803.23784316	18.33876421835817
311525422.35554785	18.666558085543702
317322963.47349733	19.015572721870186
323228397.81813806	19.35332670656011
329243733.30077755	19.709312691310867
335371015.2002929	20.070802592789633
341612326.8585518	20.430371633322174
347969790.3887688	20.812509740348787
354445567.3970436	21.182842324071203
361041859.71733445	21.577798749584474
367760910.1601031	21.96648404352351
374605003.2748982	22.370359575677615
381576466.1271244	22.777752789085532
388677669.0892668	23.19226705777678
395911026.64684665	23.61899556012841
403278998.21937054	24.04778902400987
410784088.99656343	24.491417982788263
418428850.7901576	24.936065021412908
426215882.9015325	25.39482775376873
434147833.00551015	25.8581313443694
442227398.0505897	26.330156494457455
450457325.17594445	26.81545832358536
458840412.6454752	27.300693715914512
467379510.7992464	27.809809682590426
476077523.0226378	28.310270964424923
484937406.7335233	28.83666546304712
493962174.38783056	29.361161862110873
503154894.5038046	29.89754320145423
512518692.7053333	30.45321132359606
522056752.7846986	31.00382946796099
531772317.78509665	31.57725918306651
541668691.1033136	32.16056828899828
551749237.6129117	32.742738962047476
562017384.8083189	33.34808922626183
572476623.970219	33.96614702870272
583130511.3526219	34.584093408549705
593982669.3920338	35.21852222580605
605036787.9391212	35.87311184580661
616296625.5132942	36.53359617756677
627766010.5806513	37.200140026803766
639448842.8556937	37.884064799479326
651349094.6272783	38.58718532997403
663470812.1092337	39.30224395774798
675818116.816111	40.02464205356083
688395206.964551	40.758683690296365
701206358.9007177	41.50849089805974
714255928.5543104	42.27495295006752
727548352.9196218	43.058634056906484
741088151.564157	43.85739244169817
754879928.1653447	44.67065785886242
768928372.0758306	45.497721903983596
783238259.9179205	46.33990026472342
797814457.2076613	47.198348878224735
812661920.0091945	48.07318900088464
827785696.619849	48.964183092127115
843190929.2866251	49.872245805206546
858882855.9546258	50.79806492488727
874866812.0479896	51.740535658612885
891148232.2840202	52.699794539201676
907732652.5210242	53.676887375239254
924625711.6405734	54.67377121670314
941833153.4647961	55.69186828562741
959360828.7093127	56.73458778370997
977214696.9725724	57.79757040026662
995400828.7621539	58.874334397399664
1013925407.5588143	59.96760646023075
1032794731.9189525	61.09043841660812
1052015217.6161569	62.24084900904864
1071593399.8226712	63.40240975708819
1091535935.3313932	64.58652479729585
1111849604.81927	65.80783065064394
1132541315.1528127	67.03769883112203
1153618101.7364762	68.29920108306519
1175087130.9048076	69.58903903933118
1196955702.3590453	70.89392851399718
1219231251.6491094	72.23963672157541
1241921352.7017846	73.59633966710817
1265033720.3959012	74.99559243497015
1288576213.185518	76.41146618477228
1312556835.7718453	77.86038412931032
1336983741.8249452	79.3459206292949
1361865236.7560828	80.84612745161456
1387209780.541618	82.38936510863326
1413025990.5995336	83.9682462283377
1439322644.7194095	85.568395078057
1466108684.046983	87.20111729818476
1493393216.1242533	88.875490786506
1521185517.9861016	90.58794378363658
1549495039.3146317	92.33561454220224
1578331405.6521196	94.11859234838789
1607704421.673822	95.93942396940466
1637624074.521689	97.79888275824719
1668100537.2000558	99.69908999160563
1699144172.034626	101.64066078653138
1730765534.1957276	103.62315022364632
1762975375.287204	105.64806385400519
1795784647.002097	107.72143923903059
1829204504.84629	109.85064013331944
1863246311.9315598	112.02728719863794
1897921642.8391035	114.24081236419931
1933242287.5550432	116.51773370793339
1969220255.4791734	118.85234401212585
2005867779.50823	121.22803712956765
2043197320.1952705	123.68258390702056
2081221569.9863415	126.17629018373235
2119953457.536069	128.7518879673043
2159406152.1035676	131.3836332970423
2199593068.0300703	134.07820787963647
2240527869.3000183	136.85999094785117
2282224474.186901	139.7135625314707
2324697059.9856453	142.63934118244043
2367960067.833079	145.64772964724597
2412028207.618002	148.74703803564623
2456916462.98279	151.94256921901814
2502640096.417922	155.24065385953682
2549214654.4514203	158.649691958395
2596655972.9348726	162.17483114250538
2644980182.4277143	165.81686615624164
2694203713.6818824	169.59013857172505
2744343303.2283683	173.53069080783533
2795415999.067865	177.62626121233512
2847439166.467248	181.89936145045198
2900430493.8639855	186.38619536512184
2954407998.8803797	191.10145349769698
3009390034.449724	196.07097483635886
3065395295.056536	201.3752686266615
3122442823.092858	207.053388296919
3180552015.3329134	213.19629907282578
3239742629.5281954	219.94572198725058
3300034791.1252885	227.53844277434536
3361449000.1087756	236.39404664808848
3424006137.9714255	247.36493902746182
3487727474.8141704	262.4623415345395
3552634676.5781393	284.95838096582065
3618749812.411284	294.83404495769236
3686095362.172169	272.39283545580764
3754694224.0733366	263.6314652120564
3824569722.4669914	258.4115994052457
3895745615.7755013	253.8719289830519
3968246104.569486	253.17934827856283
4042095839.7963185	256.63357096468394
4117319931.1616793	262.4121678979658
4193943955.6671777	268.80699500871617
4271993966.3067765	274.7561392007788
4351496500.925055	279.992694996641
4432478591.24041	285.1081369865721
4514967772.036102	291.4484322243018
4598992090.5224285	299.73662641522327
4684580115.873045	310.09216688219595
4771760948.93875	321.33752419521
4860564232.142149	331.5651049085117
4951020159.556352	338.75495015586057
5043159487.171349	341.16652495780886
5137013543.351338	325.03742086990053
5232614239.486668	345.0984023645495
5329994080.844104	328.19093949577604
5429186177.618943	327.1447652378426
5530224256.192889	333.0414506417263
5633142670.601352	320.8830219601184
5737976414.21414	304.8711114302779
5844761131.63365	297.9772673846067
5953533130.81437	303.53673331217243
6064329395.40805	315.32939841510097
6177187597.338489	334.91772895741707
6292146109.610351	351.82913757853385
6409244019.35647	366.98862305515934
6528521141.127848	376.38380194439316
6650018030.431105	381.7136691471051
6773775997.517745	385.9500037463488
6899837121.430025	390.37776467337125
7028244264.308367	397.2775680359591
7159041085.964889	404.89402521412086
7292272058.728298	414.77981475153524
7427982482.564911	427.53975396826195
7566218500.481063	439.48976353622834
7707027114.212319	450.4182060466719
7850456200.20451	459.54429275419284
7996554525.89233	463.275370668198
8145371766.280737	471.6243310388759
8296958520.834915	477.7984020530213
8451366330.684739	488.4455929876856
8608647696.149244	500.4230440342564
8768856094.587408	507.6627428970335
8932045998.58096	508.80406299280105
9098272894.455568	504.67797269402206
9267593301.146902	502.43078347294943
9440064789.417603	504.6900599932939
9615746001.432076	512.2753554466025
9794696670.695385	437.05644323603906
9976977642.36321	422.2689130439747
10162650893.929974	531.8078849911947
10351779556.301762	556.678108520704
10544427935.261663	532.0599065203124
10740661533.334324	477.41584728949454
10940547072.057436	405.95478493454857
11144152514.667904	355.34771536951916
11351547089.20999	348.8314381712196
11562801312.07373	319.3757190019799
11777987011.97118	326.4177669176328
11997177354.358856	449.8040568005844
12220446866.31491	381.6967239021685
12447871461.87906	509.4996561592322
12679528467.864313	525.7737384882485
12915496650.148827	452.4106393272772
13155856240.457052	478.85893523818544
13400688963.639534	550.3439274398452
13650078065.460138	532.7402423179453
13904108340.90067	435.5448066593306
14162866162.991974	353.59963379808744
14426439512.18159	324.01035113064756
14694918006.248203	363.7600044731814
14968392930.772556	363.44498422273597
15246957270.1757	317.51508218442063
15530705739.334585	243.77771057335343
15819734815.786015	153.54987436293172
16114142772.530231	111.17415806425888
16414029711.444664	121.96771663420051
16719497597.319849	146.06327604086283
17030650292.528427	173.35162366580585
17347593592.339325	220.00558998602605
17670435260.889503	234.43330334417323
17999285067.824764	183.2038937629021
18334254825.622852	84.25606129176046
18675458427.61074	46.6012877422557
19023011886.689457	-17.60533832732851
19377033374.77993	103.07253196218424
19737643263.002556	-64.76873486552495
20104964162.60493	73.78277936419434
20479120966.650833	0.0
20860240892.48505	0.0
21248453524.988873	0.0
21643890860.6402	0.0
22046687352.39403	0.0
22456979955.397717	0.0
22874908173.55704	0.0
23300614106.969296	0.0
23734242500.238663	0.0
24175940791.691235	0.0
24625859163.50544	0.0
25084150592.775414	0.0
25550970903.525124	0.0
26026478819.690044	0.0
26510836019.085308	0.0
27004207188.3777	0.0
27506760079.080673	0.0
28018665564.59201	0.0
28540097698.292374	0.0
29071233772.725693	0.0
29612254379.880314	0.0
30163343472.591972	0.0
30724688427.0901	0.0
31296480106.707504	0.0
31878912926.77636	0.0
32472184920.731255	0.0
33076497807.442425	0.0
33692057059.802742	0.0
34319071974.590427	0.0
34957755743.632645	0.0
35608325526.29274	0.0
36271002523.30648	0.0
36946012051.9931	0.0
37633583622.865326	0.0
38333951017.66589	0.0
39047352368.85556	0.0
39774030240.58037	0.0
40514231711.14655	0.0
41268208457.02952	0.0
42036216838.44701	0.0
42818517986.52407	0.0
43615377892.080055	0.0
44427067496.06892	0.0
45253862781.70167	0.0
46096044868.284195	0.0
46953900106.80053	0.0
47827720177.27486	0.0
48717802187.94641	0.0
49624448776.28913	0.0
50547968211.91225	0.0
51488674501.37487	0.0
52446887494.95119	0.0
53422932995.38363	0.0
54417142868.658875	0.0
55429855156.84652	0.0
56461414193.03661	0.0
57512170718.41614	0.0
58582482001.52548	0.0
59672711959.7331	0.0
60783231282.972115	0.0
61914417559.77835	0.0
63066655405.67406	0.0
64240336593.94204	0.0
65435860188.83229	0.0
66653632681.24893	0.0
67894068126.96098	0.0
69157588287.38525	0.0
70444622772.99051	0.0
71755609189.36922	0.0
73090993286.02888	0.0
74451229107.95128	0.0
75836779149.97191	0.0
77248114514.03416	0.0
78685715069.36844	0.0
80150069615.65381	0.0
81641676049.21455	0.0
83161041532.30962	0.0
84708682665.5742	0.0
86285125663.66887	0.0
87890906534.19963	0.0
89526571259.96382	0.0
91192675984.59299	0.0
92889787201.64517	0.0
94618481947.21992	0.0
96379347996.15796	0.0
98172984061.88821	0.0
100000000000.0	0.0
