# Frequency (Hz)	Real Part (Ohm/m)
1000.0	16826215.962362792
1018.6101701559753	16887827.205043785
1037.566678745186	16950585.04343459
1056.875971184804	17014510.815876473
1076.5446128423157	17079626.25782085
1096.5792912678098	17145953.509219583
1116.9868184678226	17213515.122052833
1137.7741332214914	17282334.06799693
1158.9483034398106	17352433.74623499
1180.5165285688054	17423837.99141295
1202.4861420374123	17496571.08174352
1224.8646137509306	17570657.747261114
1247.6595526308697	17646123.178230282
1270.8787092020582	17710062.821665943
1294.529978227916	17762779.01094831
1318.6214013947485	17816476.257483203
1343.1611700460153	17871172.818913016
1368.1576279674719	17926887.292657983
1393.619274224142	17983638.622239493
1419.5547660501015	18041446.103721097
1445.9729217920194	18100329.39226936
1472.882723907502	18160308.50883685
1500.2933220192183	18221403.846969467
1528.2140360258693	18283636.17974047
1556.654359271062	18347026.66681354
1585.6239617711371	18410991.412537266
1615.132693503091	18452315.096144993
1645.1905877536624	18494407.82053612
1675.807864530767	18537283.8976905
1706.9949340384078	18580957.90593635
1738.7624002162504	18625444.69490704
1771.1210643450886	18670759.390590176
1804.0819287193826	18716917.400470532
1837.6562003881704	18763934.418768827
1871.8552949655793	18811826.431777887
1906.690840512252	18860609.723298147
1942.1746814890264	18910300.880174376
1978.3188827841643	18960916.797935307
2015.1357338155585	19000280.137102272
2052.6377527092523	19029785.87929059
2090.8376905557498	19059840.72836161
2129.748535745521	19090454.903287854
2169.3835183851843	19121638.81321866
2209.756114795903	19153403.061019413
2250.880052095462	19185758.44687661
2292.7693128656488	19218715.97197007
2335.438139906479	19252286.842213444
2378.9010410788933	19286482.472064324
2423.1727942376006	19321314.488405325
2468.2684522556924	19356794.73449731
2514.2033481427966	19391923.978788912
2560.9931002584594	19408314.171834927
2608.6536176225477	19425009.389162418
2657.2011053245064	19442015.307325166
2706.652070033241	19459337.708518572
2757.0233256095826	19476982.48254571
2808.3319988231724	19494955.628819846
2860.5955351757416	19513263.25840439
2913.831704832789	19531911.596090656
2968.0586086656026	19550906.982514385
3023.2946844057765	19570255.876311637
3079.5587129142264	19589964.856314786
3136.8698245668766	19610040.623789396
3195.2475057592133	19620763.554459646
3254.711605531848	19624050.96880979
3315.282342319423	19627399.562500373
3376.9803108250912	19630810.47408931
3439.8264890229243	19634284.86332331
3503.8422452906757	19637823.91153214
3569.0493456752292	19641428.822030332
3635.4699612933177	19645100.82052628
3703.126675869927	19648841.155539062
3772.0424934169973	19652651.098822866
3842.240846055061	19656531.945799474
3913.745601980384	19660485.015998658
3986.581073580439	19663487.737693425
4060.7720257003657	19653800.915186767
4136.343684063274	19643933.819264986
4213.321743847289	19633883.095009163
4291.732378422157	19623645.325064745
4371.602248248501	19613217.028479636
4452.958509942655	19602594.659520652
4535.828825510186	19591774.606467873
4620.241371751313	19580753.19038669
4706.224849841281	19569526.663876873
4793.808495089106	19558091.20979845
4883.02208687788	19546442.93997382
4973.895958790063	19534577.893865727
5066.461008921268	19516769.716034073
5160.7487103859075	19494575.120741077
5256.791122018419	19471967.480253134
5354.620899273607	19448939.107728887
5454.271305329836	19425482.17327355
5555.7762223988775	19401588.701276656
5659.170163246242	19377250.56770028
5764.488282925873	19352459.497316785
5871.766390733255	19327207.060895085
5981.040962380945	19301484.672334734
6092.349152400711	19275283.585746456
6205.7288067765	19248594.892478492
6321.218475812449	19220858.154016864
6438.8574272404185	19187596.937478874
6558.685659571435	19153716.724041514
6680.743915695614	19119205.994067173
6805.073696735206	19084053.013535798
6931.717276155407	19048245.83005524
7060.717714137772	19011772.268797312
7192.118872221193	18974619.928358175
7325.96542821523	18936776.176541775
7462.302891391108	18898228.146064725
7601.17761795533	18858962.730181325
7742.636826811269	18818966.578227088
7886.728615614156	18778226.091079395
8033.501977124735	18735934.24805558
8183.00681586739	18692348.899973545
8335.293965098195	18647952.421147395
8490.415204088747	18602729.71629597
8648.423275731726	18556665.40921234
8809.37190447399	18509743.83753577
8973.31581458352	18461949.04742631
9140.310748756232	18413264.78814035
9310.413487069076	18363674.506505158
9483.681866285926	18313161.34129064
9660.174799522645	18261708.117476378
9839.952296278227	18209297.340411857
10023.075482838643	18156261.612796124
10209.606623060476	18104714.587853733
10399.609139541202	18052208.264006138
10593.1476351837	17998724.78853748
10790.287915161836	17944245.97648982
10991.097009294961	17888753.304480046
11195.643194838794	17832227.90440176
11403.99601970033	17774650.557009887
11616.22632608502	17716001.685385928
11832.40627458378	17656261.34828158
12052.609368708414	17595409.233338553
12276.910479883603	17533424.65018208
12505.385872903913	17470286.52338602
12738.113231864783	17410205.914447047
12975.171686575868	17351436.20874712
13216.641839466038	17291572.788824093
13462.60579298911	17230595.300470185
13713.147177539455	17168483.01068233
13968.351179887397	17105214.80061274
14228.30457214352	17040769.158388298
14493.09574126215	16975124.171796244
14762.81471909391	16908257.52083382
15037.553212997384	16840146.470119227
15317.404637020798	16770767.861161338
15602.46414366368	16700098.10448556
15892.828656229764	16629613.623634253
16188.596901781993	16566398.807832278
16489.86944471065	16502007.553551856
16796.74872092653	16436417.96707272
17109.339072690134	16369607.747228744
17427.746784089173	16301554.17782532
17752.08011717636	16232234.119915564
18082.44934877952	16161624.003932891
18418.96680799711	16089699.821677053
18761.746914391195	16016437.118151102
19110.90621689136	15941810.983246446
19466.56343342263	15865796.043273123
19828.83949127071	15788366.452332508
20197.857568198782	15718081.426046574
20573.743134329114	15650902.638079094
20956.623994804308	15582473.641436668
21346.630333242454	15512771.169523118
21743.8947560008	15441771.52274697
22148.55233726359	15369450.560463307
22560.74066496859	15295783.692765702
22980.599887588487	15220745.872125382
23408.272761782944	15144311.584874807
23843.904700937208	15066454.842532752
24287.643824604504	14987149.172967924
24739.64100886812	14906367.611398162
25200.049937640895	14826751.54092235
25669.027154919517	14758352.170200733
26146.732118010917	14688679.875551438
26633.327251749808	14617710.96764356
27128.978003724646	14545421.31628373
27633.852900531667	14471786.34221158
28148.123605075813	14396781.008742508
28671.964974937695	14320379.813254977
29205.55512182745	14242556.778519304
29749.075472144435	14163285.443865137
30302.71082866393	14082538.856184585
30866.649433372742	14000289.560767764
31441.08303147265	13916509.591968035
32026.206936576502	13842942.55312052
32622.220097116733	13773406.901657503
33229.325163989684	13702577.179888863
33847.72855945983	13630429.304946
34477.640547344636	13556938.745774057
35119.275304507275	13482080.514791073
35772.850993678774	13405829.15939191
36438.58983763541	13328158.753294162
37116.71819475767	13249042.887722835
37807.466635993485	13168454.662431195
38511.070023255685	13086366.676554311
39227.76758927723	13002751.019292489
39957.803018952654	12921239.150227547
40701.42453219439	12852985.616234373
41458.88496832911	12783461.872359859
42230.441872066716	12712644.279781954
43016.35758106799	12640508.759756127
43816.89931514194	12567030.785428343
44632.33926710397	12492185.373495601
45462.95469532399	12415947.075711394
46309.02801799736	12338289.970233023
47170.84690917023	12259187.652807867
48048.704396551344	12178613.227795713
48942.89896114532	12096539.299023855
49853.73463873894	12012937.960472189
50781.5211232767	11941422.932671651
51726.57387216024	11874132.677031443
52689.21421350677	11805590.138283938
53669.76945540476	11735772.011227427
54668.57299720181	11664654.556946414
55685.96444286408	11592213.594740175
56722.28971644549	11518424.493901005
57777.90117970507	11443262.165339576
58853.1577519145	11366701.053054292
59948.42503189408	11288715.125442054
61064.07542232036	11209277.866447177
62200.48825634718	11128362.266545676
63358.04992658254	11050301.226942742
64537.15401646702	10985945.88499125
65738.20143409586	10920392.879175596
66961.60054853215	10853619.920767471
68207.76732865692	10785604.306241548
69477.1254846024	10716322.909556042
70770.10661181889	10645752.174289573
72087.15033782135	10573868.105631765
73428.70447166759	10500646.262224734
74795.22515621828	10426061.747852748
76187.17702322999	10350089.202977313
77605.0333513357	10272702.796114562
79049.2762269642	10193876.215052336
80520.39670825469	10127903.080304315
82018.8949920221	10065846.449983813
83545.28058382872	10002634.935213745
85100.07247122246	9938247.04339799
86683.79930019773	9872660.881959563
88296.99955494082	9805854.150896885
89940.22174092053	9737804.135201558
91614.0245713852	9668487.697135037
93318.9771573324	9597881.268361488
95055.65920101192	9525960.841934355
96824.66119303115	9452701.964133726
98626.5846131283	9378079.726151787
100462.04213468132	9306811.770048464
102331.65783302448	9248578.442269485
104236.06739764012	9189261.382351793
106175.9183482999	9128840.421855884
108151.87025522892	9067295.017004147
110164.59496336569	9004604.24169581
112214.77682079801	8940746.780391777
114303.11291144785	8875700.920867145
116430.31329208757	8809444.546828816
118597.10123376705	8741955.130395709
120804.21346773289	8673209.724439064
123052.40043592616	8603184.95478012
125342.42654613995	8531857.012242697
127675.07043192645	8473278.964865467
130051.12521734099	8418036.086660264
132471.39878661174	8361765.129091762
134936.71405883064	8304446.959428069
137447.90926775365	8246062.088873906
140005.8382468096	8186590.665944196
142611.37071941295	8126012.46971434
145265.39259467812	8064306.902944909
147968.80626863963	8001452.985078329
150722.53093107554	7937429.345105286
153527.5028780421	7872214.214298335
156384.67583022476	7805785.418810317
159295.0212572123	7742961.188250123
162259.5287078087	7691848.221802767
165279.2061464897	7639784.034352641
168355.08029612005	7586750.923515048
171488.19698705408	7532730.857460855
174679.62151272455	7477705.468785563
177930.43899185772	7421656.048264123
181241.75473742394	7364563.53848963
184614.69463245454	7306408.527393618
188050.40551285836	7247171.241645668
191550.0555573528	7186831.539930381
195114.83468466165	7125368.906099009
198745.9549580986	7062762.442193795
202444.65099768018	7012205.1187634375
206212.18039991445	6964305.66140053
210049.8241653915	6915514.786985724
213958.88713434213	6865815.906096
217940.6984302958	6815192.120576352
221996.61191199525	6763626.217794254
226128.00663372793	6711100.664787124
230336.2873142131	6657597.602301002
234622.88481422624	6603098.838718143
238989.25662310526	6547585.843871714
243436.8873543108	6491039.742745338
247967.289250216	6433441.3090553265
252582.00269627848	6379487.316405515
257282.59674479323	6335636.055481062
262070.66964838552	6290968.715129244
266947.8494034318	6245470.107973075
271915.7943036019	6199124.763995859
276976.1935036891	6151916.925281294
282130.76759394706	6103830.540655556
287381.2691851069	6054849.260229742
292729.4835042813	6004956.429840757
298177.22900196735	5954135.085388658
303726.3579703311	5902367.947068756
309378.75717301364	5849637.413496233
315136.34848664823	5795925.555721504
321001.08955431683	5753209.476130399
326974.97445117676	5712492.218630292
333060.03436245886	5671017.206039829
339258.33827409917	5628770.336407835
345571.9936762143	5585737.245343428
352003.1472796675	5541903.301131984
358553.9857459817	5497253.599760149
365226.7364308175	5451772.959848374
372023.6681413066	5405445.91748904
378947.09190746717	5358256.720988569
385999.36176797637	5310189.325511712
393182.87557057705	5261227.387626064
400500.07578736113	5215792.263324697
407953.45034524484	5178814.397630089
415545.53347188793	5141148.367562892
423278.90655735444	5102781.366267056
431156.19903182285	5063700.348548721
439180.0892596086	5023892.026440782
447353.3054498463	4983342.86468479
455678.6265841068	4942039.076128834
464158.8833612772	4899966.617039774
472796.9591600391	4857111.182328175
481595.79101923504	4813458.200684492
490558.37063650455	4768992.829624602
499687.7453854889	4723699.950443235
508987.0193519675	4688185.729814308
518459.3543892913	4654090.55369127
528107.971193433	4619360.860539087
537936.1503980698	4583984.841887875
547947.2336900292	4547950.469510121
558144.6249454955	4511245.491330962
568531.7913873753	4473857.427262307
579112.2647641759	4435773.564959537
589889.6425508494	4396980.955499117
600867.5891719692	4357466.408975839
612049.837247669	4317216.490018136
623440.1888627863	4276217.513219857
635042.5168595961	4238522.150298893
646860.7661546321	4207747.53100179
658898.9550799957	4176400.1908030813
671161.1767496272	4144469.4712693435
683651.6004510238	4111944.515611874
696374.4730628222	4078814.264995306
709334.1204987989	4045067.4547774545
722534.9491787221	4010692.6106792237
735981.4475265755	3975678.044883247
749678.1874966878	3940011.8520598616
763629.8261282243	3903681.9053192195
777841.1071286482	3866675.8520879806
792316.8624866261	3828981.1099092998
807062.0141149492	3799815.308713893
822081.575524054	3771591.861945517
837380.6535266489	3742843.172030395
852964.4499741016	3713559.4641041923
868838.2635251193	3683730.7813906814
885007.4914473438	3653346.981816346
901477.6314524917	3622397.734561948
918254.2835656281	3590872.516549947
935343.1520292377	3558760.6088665375
952750.0472427299	3526051.093117103
970480.8877380306	3492732.8477138565
988541.7021919573	3458794.5440943553
1006938.6314760271	3427874.9133891505
1025677.9307444209	3402520.0182120213
1044765.9715608053	3376693.264121355
1064209.2440647245	3350385.8697424894
1084014.359178331	3323588.8902778714
1104188.0508541602	3296293.2144657513
1124737.1783647507	3268489.5614822446
1145668.7286348727	3240168.4777857545
1166989.8186171474	3211320.333902675
1188707.6977119034	3181935.321153246
1210829.7502320393	3152003.448316517
1233363.4979137746	3121514.5382332066
1256316.6024741214	3090458.224345373
1279696.8682159416	3066731.3323890474
1303512.2446815087	3043574.495558435
1327770.829355429	3019986.70605413
1352480.8704178738	2995959.9437735467
1377650.769549055	2971486.039358622
1403289.084785873	2946556.6714181574
1429404.533431761	2921163.363698439
1456005.9950206485	2895297.4822012344
1483102.514336103	2868950.232248132
1510703.3044866556	2842112.655490258
1538817.7500383465	2814775.6268623485
1567455.410205595	2786929.851480115
1596626.022101425	2761789.68425556
1626339.5040481905	2741062.1900137067
1656605.9589499151	2719948.953577104
1687435.6777273756	2698442.796217874
1718839.1428171454	2676536.405610789
1750827.0317357269	2654222.333347
1783410.220710006	2631492.9924015137
1816599.7883753285	2608340.654553494
1850407.019542302	2584757.447758616
1884843.4090337954	2560735.353472463
1919920.6655932867	2536266.203924138
1955650.715865947	2511341.6793391523
1992045.7084538713	2485953.3051105784
2029118.0180466783	2466791.728433251
2066880.2496290822	2447921.889545795
2105345.242766708	2428700.8797458257
2144526.0759716653	2409122.1636829143
2184436.0711494284	2389179.0843826323
2225088.7981283693	2368864.860983139
2266498.079273693	2348172.586429596
2308677.994187172	2327095.225125694
2351642.884494346	2305625.6105414927
2395407.358720879	2283756.442776691
2439986.29725955	2261480.28607862
2485394.857429798	2238789.5663139764
2531648.478631358	2218487.1775259604
2578762.8875937983	2201644.774601704
2626754.1037238385	2184488.931693188
2675638.4445520453	2167013.8156289766
2725432.531281028	2149213.4846813153
2776153.2944368036	2131081.8865458835
2827817.979625338	2112612.8562839553
2880444.1533962977	2093800.1142262327
2934049.709215787	2074637.2638377182
2988652.873550383	2055117.789542799
3044272.2120643063	2035235.0545098935
3100926.6359319235	2014982.298394865
3158635.408267819	1994352.6350424036
3217418.1506763715	1978965.8191240644
3277294.849923382	1963671.2395776112
3338285.8647317644	1948092.0253033338
3400411.9327037027	1932222.879200518
3463694.1773717343	1916058.4055884962
3528154.1153808828	1899593.1083720743
3593813.6638046256	1882821.3891727861
3660695.147596906	1865737.5454253894
3728821.30718283	1848335.7684389388
3798215.306190736	1830610.1414217502
3868900.7393279755	1812554.6374696526
3940901.6404034477	1794163.1175167542
4014242.490499326	1777854.2701953116
4088948.226294856	1764233.186806197
4165044.248545185	1750358.6127374985
4242556.430717777	1736225.8304845423
4321511.127789762	1721830.034749081
4401935.1852088785	1707166.3308054507
4483855.948021181	1692229.7328363156
4567301.270168747	1677015.16223742
4652299.523960189	1661517.4458908306
4738879.609717651	1645731.314406002
4827070.965603188	1629651.400328135
4916903.577628021	1613272.2363131884
5008407.989848212	1596588.2532689075
5101615.314749833	1584287.5200983982
5196557.243827657	1571942.4328341184
5293266.058360566	1559367.6013952584
5391774.640387494	1546558.7502036414
5492116.483887789	1533511.524111843
5594325.706169377	1520221.4869224143
5698437.0594691355	1506684.119879511
5804485.942768984	1492894.820132474
5912508.413831869	1478848.8991708157
6022541.201461928	1464541.581230061
6134621.717992506	1449968.0016679536
6248788.072006888	1435123.2053104145
6365079.081295578	1422076.6431553469
6483534.286054714	1411101.387123555
6604193.962330305	1399921.8797095036
6727099.135712336	1388534.3197602178
6852291.595284057	1376934.835382615
6979813.907830667	1365119.4826270211
7109709.432312423	1353084.2441461964
7242022.334607315	1340825.0278293726
7376797.60252773	1328337.6654109154
7514081.061116962	1315617.911053051
7653919.388230155	1302661.4399022437
7796360.130405221	1289463.846618701
7941451.71902934	1276020.6438784997
8089243.486805938	1266221.4281688426
8239785.684528512	1256289.596596928
8393129.498166373	1246172.9319494984
8549327.066268368	1235867.9944515715
8708431.497690724	1225371.2803133589
8870496.889654402	1214679.220538957
9035578.34613892	1203788.1797128355
9203731.99661823	1192694.4547637631
9375015.01514529	1181394.2737057258
9549485.639791967	1169883.7943554053
9727203.192450536	1158159.1030257985
9908228.099003786	1146216.2131955214
10092621.909870483	1135813.4025129962
10280447.320933098	1126995.6552276893
10471768.194855202	1118013.8081650108
10666649.582795387	1108864.8074001805
10865157.746525371	1099545.5421743598
11067360.180959744	1090052.843836957
11273325.63710487	1080383.4847682563
11483124.14543511	1070534.1772819886
11696827.039703846	1060501.5725074823
11914506.981197748	1050282.259251015
12136237.983442418	1039872.7628359667
12362095.437367693	1029269.5439213972
12592156.13694151	1018508.3450304025
12826498.3052806	1010684.1641473479
13065201.621247198	1002714.373926729
13308347.24654076	994596.2645539952
13556017.853293689	986327.0757844913
13808297.652180923	977903.9960049349
14065272.421052363	969324.1612774439
14327029.534098294	960584.6543657639
14593657.991557576	951682.5037433774
14865248.449978571	942614.682583155
15141893.25304352	933378.1077281971
15423686.462966273	923969.63864353
15710723.892474487	914386.07634829
16003103.137387017	906112.6493334591
16300923.609797413	899044.4509871233
16604286.571875297	891844.7122668665
16913295.17029647	884510.9851839464
17228054.471313924	877040.7761921362
17548671.49648152	869431.5453398868
17875255.259042352	861680.7054067217
18207916.800994623	853785.6210235487
18546769.230846975	845743.6077766092
18891927.762076646	837551.9312947473
19243509.75230332	829207.8063196944
19601634.743191857	820708.3957590542
19966424.501097932	812145.631780731
20338003.0584698	805879.8444948011
20716496.75602067	799497.4498413191
21102034.285685964	792996.2777373323
21494746.734379806	786374.117714278
21894767.628566206	779628.7181663944
22302232.979659364	772757.7855851547
22717281.330269028	765758.9837794479
23140053.80130654	758629.933081248
23570694.139967278	751368.2095365048
24009348.76860652	743971.3440809686
24456166.83452444	736436.8217006839
24911300.26067791	728762.0805768572
25374903.797335718	722195.602351753
25847135.07469564	716540.0202352125
26328154.656480197	710779.1867731521
26818126.094530128	704911.1432201223
27317215.98441379	698933.8943780874
27825594.022071257	692845.4079180384
28343433.061513092	686643.6136889755
28870909.173592344	680326.4030140372
29408201.705870606	673891.6279735271
29955493.34359816	667337.1006745972
30512970.171828706	660660.5925073429
31080821.738690637	653859.8333870484
31659241.119835205	647059.1674578683
32248424.98408439	642049.4075325486
32848573.66030047	636946.4151225776
33459891.20549975	631748.4551555528
34082585.47423452	626453.7602690778
34716868.189265594	621060.5302098417
35362955.013550386	615566.931221513
36021065.62357073	609971.0954212416
36691423.78402494	604271.1201645632
37374257.42391064	598465.0673984732
38069798.71402284	592550.9630024717
38778284.14589453	586526.7961173404
39499954.61220647	580390.5184614279
40235055.48869293	575187.288189772
40983836.717572615	570668.4431773577
41746552.89253134	566065.5016903537
42523463.34528677	561376.8986790586
43314832.23376403	556601.039967929
44120928.631911896	551736.301713545
44942026.62119142	546781.0298524824
45778405.38376616	541733.5395389165
46630349.29742726	536592.1145717545
47498148.03228505	531355.0068111087
48382096.649259575	526020.4355839128
49282495.700405136	520586.5870784696
50199651.33110079	515193.4668175894
51133875.38414321	511193.0247463476
52085485.50577665	507118.1337674606
53054805.25369574	502967.40837408986
54042164.20705915	498739.4372748776
55047898.078549676	494432.78291409474
56072348.82852027	490045.9809828545
57115864.78126434	485577.53992123285
58178800.74344935	481025.94041112316
59261518.124755524	476389.63485964824
60364385.060758635	471667.04687296535
61487776.53810017	466856.5707202738
62632074.521986924	461956.5707878488
63797668.08606282	457838.92799857253
64984953.54469889	454232.4120330021
66194334.587743886	450558.7781916424
67426222.41778335	446816.7773994043
68681035.88995308	443005.1373356983
69959201.65435374	439122.5620018338
71261154.30111745	435167.7312803629
72587336.50817245	431139.3004862272
73938199.19175874	427035.8999095505
75314201.65974376	422856.1343499244
76715811.76779301	418598.5826420215
78143506.07844542	414261.79717238655
79597770.02314977	409989.9986087292
81079098.06731695	406798.73323188204
82587993.87844272	403548.0778633592
84124970.49736118	400236.9272453098
85690550.51268347	396864.15555084636
87285266.2384837	393428.61600125174
88909659.89529167	389929.14047606115
90564283.79445294	386364.5391158904
92249700.52592173	382733.59991786873
93966483.1495469	379035.08832354593
95715215.38991857	375267.7467991288
97496491.83484097	371430.2944079063
99310918.137498	367521.426374718
101159111.22238298	364266.2820026593
103041699.49505854	361390.47551133705
104959323.05582266	358461.14977187495
106912633.91734771	355477.3087819592
108902296.22637327	352437.9380035027
110928986.48952228	349342.00401769276
112993393.80332193	346188.45417361514
115096220.0885031	342976.2162303433
117238180.32865997	339704.19799236563
119420002.8133535	336371.2869382257
121642429.3857368	332976.34984225425
123906215.6947913	329518.23238925805
126212131.45225461	326137.84950306086
128560960.69432965	323594.1174669764
130953502.04826704	321003.0461448693
133390569.00390588	318363.75454457203
135872990.19027063	315675.3452785021
138401609.65731302	312936.904258541
140977287.16289675	310147.5003852364
143600898.46512634	307306.1852312159
146273335.620113	304411.9927187127
148995507.28528506	301463.93879108794
151768339.02834037	298461.0210782403
154592773.64194784	295402.21855579223
157469771.46430898	292286.4911979279
160400310.70568198	289715.3586381868
163385387.78098568	287423.84623675694
166426017.64859018	285089.6883996215
169523234.15541214	282712.0914879662
172678090.38843593	280290.24709322245
175891659.03277326	277823.33176220185
179165032.73638958	275310.50671711063
182499324.48161504	272750.9175703575
185895667.9635688	270143.6940340539
189355217.9756299	267487.94962410495
192879150.80207777	264782.7813587967
196468664.61804405	262027.26945177058
200124979.8969035	259354.35107840644
203849339.82524642	257328.0522156052
207643010.7255779	255264.04358618025
211507282.48687947	253161.62340495878
215443469.00318778	251020.07682642547
219452908.62033114	248838.67570166822
223536964.59097964	246616.67833080082
227697025.53816846	244353.32921077538
231934505.92744273	242047.85877850436
236250846.547794	239699.4831491993
240647515.00154215	237307.40384984214
245126006.20333397	234870.8075476974
249687842.8884332	232388.86577376834
254334576.13046482	230359.41315277317
259067785.8688001	228534.5191976548
263889081.44575077	226675.66365551463
268800102.15376073	224782.21449543987
273802517.7927863	222853.52792431437
278898029.23804396	220888.94816792317
284088369.0183295	218887.80724798053
289375301.9050947	216849.42475501116
294760625.51248586	214773.10761700472
300246170.90855557	212658.1498637622
305833803.23784316	210503.83238685963
311525422.35554785	208309.42269514196
317322963.4734973	206197.23385806318
323228397.81813806	204583.9372063515
329243733.30077755	202940.61682943936
335371015.2002929	201266.71398069253
341612326.8585518	199561.6595151059
347969790.3887688	197824.8736957891
354445567.3970435	196055.76599685042
361041859.71733445	194253.73490261025
367760910.160103	192418.1677030802
374605003.2748981	190548.44028563422
381576466.1271245	188643.91692280382
388677669.0892668	186703.95005612515
395911026.6468467	184727.88007596065
403278998.21937054	183126.89982808978
410784088.99656343	181674.27246490982
418428850.79015756	180194.61145932757
426215882.9015325	178687.41371065818
434147833.0055101	177152.16675542734
442227398.0505897	175588.34859312864
450457325.17594445	173995.42750873647
458840412.64547515	172372.8618919184
467379510.7992463	170720.10005288213
476077523.0226378	169036.58003479402
484937406.7335233	167321.72942270877
493962174.38783056	165574.96514894048
503154894.5038046	163906.73716099295
512518692.70533323	162622.7936889009
522056752.7846986	161314.9558103225
531772317.7850967	159982.77884628766
541668691.1033136	158625.80984227426
551749237.6129117	157243.58741419952
562017384.8083187	155835.6415915448
572476623.970219	154401.49365756018
583130511.3526218	152940.65598649558
593982669.3920338	151452.63187780217
605036787.9391212	149936.91538724944
616296625.5132942	148392.99115489933
627766010.5806513	146820.33422987725
639448842.8556936	145557.96730222568
651349094.6272782	144402.0972423834
663470812.1092337	143224.71624404896
675818116.816111	142025.42398499715
688395206.964551	140803.81269293762
701206358.9007177	139559.46700686862
714255928.5543104	138291.96383584914
727548352.9196217	137000.87221514335
741088151.5641569	135685.75315968934
754879928.1653446	134346.159514838
768928372.0758306	132981.6358043163
783238259.9179205	131591.7180753597
797814457.2076613	130274.70350681893
812661920.0091946	129253.22148704057
827785696.619849	128212.72951306289
843190929.286625	127152.87380640378
858882855.9546258	126073.29400470272
874866812.0479896	124973.62303919528
891148232.2840202	123853.48700990393
907732652.5210242	122712.50505850963
924625711.6405733	121550.28923885523
941833153.4647961	120366.44438503886
959360828.7093127	119160.56797705493
977214696.9725724	117932.25000393107
995400828.7621539	116681.07282432175
1013925407.5588143	115686.10797773763
1032794731.9189526	114766.65456915605
1052015217.6161569	113830.0899761905
1071593399.8226712	112876.0957567876
1091535935.3313932	111904.34754263375
1111849604.81927	110914.51492886597
1132541315.1528125	109906.26136172983
1153618101.736476	108879.24402414913
1175087130.9048076	107833.11371916268
1196955702.3590453	106767.5147511951
1219231251.6491096	105682.08480511588
1241921352.7017846	104576.45482304745
1265033720.3959012	103537.0957815033
1288576213.185518	102724.65405100012
1312556835.7718453	101897.09264165041
1336983741.8249452	101054.13017365841
1361865236.7560828	100195.48003070177
1387209780.541618	99320.85026248044
1413025990.5995336	98429.94348544888
1439322644.7194095	97522.4567817036
1466108684.0469828	96598.08159598758
1493393216.1242533	95656.50363077717
1521185517.9861019	94697.40273941933
1549495039.3146317	93720.45281727632
1578331405.6521199	92725.32169084837
1607704421.673822	91941.39867570174
1637624074.521689	91210.19903615389
1668100537.2000556	90465.39164689626
1699144172.0346258	89706.72326539092
1730765534.1957276	88933.9359362138
1762975375.2872038	88146.76690334652
1795784647.0020967	87344.94852083587
1829204504.8462899	86528.20816179266
1863246311.9315598	85696.26812569426
1897921642.8391032	84848.84554396449
1933242287.5550432	83985.6522837949
1969220255.4791734	83106.39485017587
2005867779.5082297	82286.42200697707
2043197320.1952705	81640.40155788866
2081221569.9863415	80982.35855831852
2119953457.536069	80312.06926655657
2159406152.1035676	79629.30577702103
2199593068.0300703	78933.8359427691
2240527869.3000183	78225.42329656325
2282224474.1869006	77503.8269704709
2324697059.9856453	76768.80161396618
2367960067.833079	76020.09731050776
2412028207.618002	75257.45949256566
2456916462.98279	74480.62885506409
2502640096.4179215	73689.34126721625
2549214654.4514203	73071.89964726115
2596655972.934872	72490.54655810309
2644980182.4277143	71898.37438903525
2694203713.6818824	71295.18179513927
2744343303.2283683	70680.76368443407
2795415999.067865	70054.91114814175
2847439166.4672475	69417.41138965658
2900430493.8639855	68768.04765219164
2954407998.8803797	68106.5991450792
3009390034.449724	67432.8409687
3065395295.056536	66746.54403801437
3122442823.0928583	66047.47500467133
3180552015.3329134	65400.7739468655
3239742629.5281954	64887.201724848834
3300034791.1252885	64364.07183639306
3361449000.108775	63831.20641169943
3424006137.9714255	63288.42427078214
3487727474.8141704	62735.54086186477
3552634676.5781393	62172.368198630895
3618749812.411284	61598.714796307046
3686095362.1721687	61014.38560655539
3754694224.0733366	60419.1819511555
3824569722.4669914	59812.90145445114
3895745615.775501	59195.337974540744
3968246104.5694857	58566.28153318709
4042095839.796318	58080.11983328432
4117319931.1616793	57618.00831386747
4193943955.6671777	57147.29682044326
4271993966.306777	56667.825306031926
4351496500.925055	56179.430745152466
4432478591.24041	55681.947078391786
4514967772.036101	55175.20515594298
4598992090.5224285	54659.03268009222
4684580115.873045	54133.254146635954
4771760948.938751	53597.69078520769
4860564232.142149	53052.16049849394
4951020159.556351	52496.47780031935
5043159487.171348	51986.58176701105
5137013543.351338	51578.39470970283
5232614239.486667	51162.61122180263
5329994080.844104	50739.08993244456
5429186177.618942	50307.68683982694
5530224256.192888	49868.25526224992
5633142670.601352	49420.64578824217
5737976414.21414	48964.70622575971
5844761131.633649	48500.28155043861
5953533130.81437	48027.21385288525
6064329395.408049	47545.34228498514
6177187597.338489	47054.50300521296
6292146109.610351	46554.52912292498
6409244019.35647	46171.85835967263
6528521141.127848	45804.61527682752
6650018030.431105	45430.53773772204
6773775997.517745	45049.49855196222
6899837121.430025	44661.36816211931
7028244264.308367	44266.01459967872
7159041085.964888	43863.303440169424
7292272058.728297	43453.097757457945
7427982482.56491	43035.25807719217
7566218500.481063	42609.64232937872
7707027114.212319	42176.10580007741
7850456200.204509	41734.50108219706
7996554525.892329	41332.590788150235
8145371766.280737	41008.24202498608
8296958520.834915	40677.85707614955
8451366330.684739	40341.32360719822
8608647696.149244	39998.527193126596
8768856094.587408	39649.35127946024
8932045998.58096	39293.6771426261
9098272894.455566	38931.38384958541
9267593301.146902	38562.34821671485
9440064789.417603	38186.44476792304
9615746001.432076	37803.545691987
9794696670.695385	37413.52079909514
9976977642.36321	37016.23747658148
10162650893.929972	36715.13287143316
10351779556.301762	36423.35757587798
10544427935.261662	36126.1522924252
10740661533.334322	35823.415968076035
10940547072.057436	35515.04566921835
11144152514.667904	35200.93654662786
11351547089.20999	34880.9817998185
11562801312.07373	34555.07264072881
11777987011.97118	34223.09825673299
11997177354.358854	33884.94577296359
12220446866.314913	33540.50021393256
12447871461.879063	33189.64446443858
12679528467.864315	32872.95649163981
12915496650.148827	32615.298835247737
13155856240.457052	32352.846126028202
13400688963.639534	32085.509127232195
13650078065.460136	31813.196941399678
13904108340.900667	31535.81697945327
14162866162.991974	31253.274929217117
14426439512.181587	30965.474723349853
14694918006.248201	30672.318506680465
14968392930.772554	30373.706602936654
15246957270.1757	30069.53748085356
15530705739.334583	29759.707719652248
15819734815.786015	29444.111973875588
16114142772.530231	29207.284344207317
16414029711.444664	28975.5409035453
16719497597.31985	28739.484678020017
17030650292.528427	28499.035405971288
17347593592.339325	28254.111332055847
17670435260.889503	28004.629179449545
17999285067.824764	27750.504121532424
18334254825.62285	27491.64975304656
18675458427.61074	27227.978060717498
19023011886.689457	26959.39939332888
19377033374.77993	26685.822431239892
19737643263.002552	26407.154155335746
20104964162.604927	26157.716970731115
20479120966.650833	25953.110203032007
20860240892.485046	25744.69566857095
21248453524.988873	25532.4025041606
21643890860.6402	25316.158527837666
22046687352.394028	25095.890214320156
22456979955.397717	24871.522670008075
22874908173.55704	24642.979607518857
23300614106.96929	24410.18331974876
23734242500.23866	24173.05465345163
24175940791.69123	23931.512982325847
24625859163.505444	23685.4761796006
25084150592.775414	23434.860590112
25550970903.525124	23248.682742454646
26026478819.690044	23064.694761066163
26510836019.085308	22877.282732037387
27004207188.377697	22686.382933259058
27506760079.080673	22491.930456742728
28018665564.59201	22293.859186551177
28540097698.292374	22092.10177631839
29071233772.725693	21886.589626350946
29612254379.880314	21677.25286030345
30163343472.591972	21464.0203014199
30724688427.090096	21246.81944833273
31296480106.707504	21025.576450411645
31878912926.77636	20829.20825901266
32472184920.731255	20666.806597895367
33076497807.442425	20501.38261423108
33692057059.802742	20332.880062082906
34319071974.590427	20161.241648767576
34957755743.632645	19986.409015375153
35608325526.29274	19808.32271692644
36271002523.30648	19626.92220216115
36946012051.993095	19442.14579294969
37633583622.865326	19253.93066332204
38333951017.6659	19062.21281810609
39047352368.85556	18866.927071168684
39774030240.58036	18668.007023251746
40514231711.14655	18521.743934188748
41268208457.02952	18375.752561479712
42036216838.44701	18227.044264483262
42818517986.52406	18075.568480776074
43615377892.080055	17921.273706959582
44427067496.06892	17764.107481148185
45253862781.70167	17604.0163651317
46096044868.284195	17440.94592620569
46953900106.80053	17274.840718663825
47827720177.27485	17105.644264945815
48717802187.94641	16933.299036434317
49624448776.28914	16757.746433894692
50547968211.912254	16603.26220415637
51488674501.37487	16474.446705923638
52446887494.95119	16343.233929350055
53422932995.38363	16209.579260677809
54417142868.658875	16073.437255879458
55429855156.84652	15934.761625206429
56461414193.036606	15793.505217450063
57512170718.41614	15649.62000390973
58582482001.525475	15503.057062062479
59672711959.7331	15353.766558928923
60783231282.972115	15201.697734129384
61914417559.77835	15046.79888262487
63066655405.67406	14889.017337136891
64240336593.94204	14774.218679144906
65435860188.83229	14658.47190216796
66653632681.24893	14540.571057976465
67894068126.96099	14420.476059013006
69157588287.38525	14298.146071683957
70444622772.99051	14173.53950247554
71755609189.36922	14046.613983811623
73090993286.02888	13917.326359648237
74451229107.95128	13785.632670800083
75836779149.97191	13651.488139993988
77248114514.03416	13514.847156644106
78685715069.36842	13375.663261343836
80150069615.6538	13254.248841112678
81641676049.21454	13152.176932001688
83161041532.30962	13048.205447293989
84708682665.57419	12942.299035564514
86285125663.66887	12834.421687492168
87890906534.19963	12724.536723616196
89526571259.96382	12612.606781864934
91192675984.59299	12498.593804852106
92889787201.64516	12382.459026937084
94618481947.21991	12264.162961044058
96379347996.15794	12143.665385235958
98172984061.88821	12020.925329038711
100000000000.0	11895.901059510654
