# Frequency (Hz)	Imaginary Part (Ohm/m)
1000.0	63227816.840524524
1018.6101701559753	63027741.16516078
1037.566678745186	62823942.04743447
1056.875971184804	62616350.19344963
1076.5446128423157	62404895.01973912
1096.5792912678098	62189504.62926551
1116.9868184678226	61970105.786975235
1137.7741332214914	61746623.894897886
1158.9483034398106	61518982.96678221
1180.5165285688054	61287105.60225985
1202.4861420374123	61050912.96052841
1224.8646137509306	60810324.733544745
1247.6595526308697	60565259.11871939
1270.8787092020582	60336128.6552637
1294.529978227916	60122410.66403441
1318.6214013947485	59904715.34462296
1343.1611700460153	59682968.678275116
1368.1576279674719	59457095.268734984
1393.619274224142	59227018.316609636
1419.5547660501015	58992659.59325624
1445.9729217920194	58753939.41418372
1472.882723907502	58510776.61195899
1500.2933220192183	58263088.50860925
1528.2140360258693	58010790.88751055
1556.654359271062	57753797.96475327
1585.6239617711371	57493144.19132713
1615.132693503091	57271796.70532533
1645.1905877536624	57046329.90494543
1675.807864530767	56816667.12904597
1706.9949340384078	56582730.289808474
1738.7624002162504	56344439.84618707
1771.1210643450886	56101714.7768633
1804.0819287193826	55854472.5526983
1837.6562003881704	55602629.10867185
1871.8552949655793	55346098.8152994
1906.690840512252	55084794.44951712
1942.1746814890264	54818627.16502514
1978.3188827841643	54547506.46207881
2015.1357338155585	54298205.74071397
2052.6377527092523	54067596.46401994
2090.8376905557498	53832695.5094471
2129.748535745521	53593423.00813983
2169.3835183851843	53349697.60486962
2209.756114795903	53101436.43037321
2250.880052095462	52848555.07317627
2292.7693128656488	52590967.55089264
2335.438139906479	52328586.28098926
2378.9010410788933	52061322.05100724
2423.1727942376006	51789083.98822864
2468.2684522556924	51511779.5287788
2514.2033481427966	51232026.98224533
2560.9931002584594	50999085.51356597
2608.6536176225477	50761808.9645181
2657.2011053245064	50520116.65851844
2706.652070033241	50273926.41757874
2757.0233256095826	50023154.53436441
2808.3319988231724	49767715.74373312
2860.5955351757416	49507523.19374374
2913.831704832789	49242488.41612573
2968.0586086656026	48972521.29619902
3023.2946844057765	48697530.04223396
3079.5587129142264	48417421.15424118
3136.8698245668766	48132099.392180674
3195.2475057592133	47874347.45642805
3254.711605531848	47637608.640307575
3315.282342319423	47396464.07453657
3376.9803108250912	47150831.76736437
3439.8264890229243	46900628.2011599
3503.8422452906757	46645768.30401472
3569.0493456752292	46386165.420817755
3635.4699612933177	46121731.283791505
3703.126675869927	45852375.98248012
3772.0424934169973	45578007.933178954
3842.240846055061	45298533.847794905
3913.745601980384	45013858.70212769
3986.581073580439	44728489.54263731
4060.7720257003657	44495116.95031693
4136.343684063274	44257401.25434373
4213.321743847289	44015261.62881971
4291.732378422157	43768615.7436632
4371.602248248501	43517379.73661566
4452.958509942655	43261468.18472764
4535.828825510186	43000794.07531411
4620.241371751313	42735268.77636913
4706.224849841281	42464802.0064301
4793.808495089106	42189301.80388095
4883.02208687788	41908674.49568433
4973.895958790063	41622824.665531784
5066.461008921268	41369269.09470425
5160.7487103859075	41137649.17367129
5256.791122018419	40901718.76649641
5354.620899273607	40661397.654299036
5454.271305329836	40416604.125311576
5555.7762223988775	40167254.94709659
5659.170163246242	39913265.338246785
5764.488282925873	39654548.93955842
5871.766390733255	39391017.78466831
5981.040962380945	39122582.27014431
6092.349152400711	38849151.125019126
6205.7288067765	38570631.3797572
6321.218475812449	38293442.30365395
6438.8574272404185	38070264.05884088
6558.685659571435	37842932.42891671
6680.743915695614	37611370.11867783
6805.073696735206	37375498.394443706
6931.717276155407	37135237.05728658
7060.717714137772	36890504.41576307
7192.118872221193	36641217.25813808
7325.96542821523	36387290.824092
7462.302891391108	36128638.77590122
7601.17761795533	35865173.16908241
7742.636826811269	35596804.42249046
7886.728615614156	35323441.28785988
8033.501977124735	35085351.89655384
8183.00681586739	34868602.606436245
8335.293965098195	34647819.57514836
8490.415204088747	34422927.734080665
8648.423275731726	34193850.61758401
8809.37190447399	33960510.33697052
8973.31581458352	33722827.55403056
9140.310748756232	33480721.454056937
9310.413487069076	33234109.718367018
9483.681866285926	32982908.49631344
9660.174799522645	32727032.376774058
9839.952296278227	32466394.35911121
10023.075482838643	32209045.179877143
10209.606623060476	32004410.511516962
10399.609139541202	31795967.55715881
10593.1476351837	31583645.443952233
10790.287915161836	31367371.980091006
10991.097009294961	31147073.6302671
11195.643194838794	30922675.49066787
11403.99601970033	30694101.263508033
11616.22632608502	30461273.231087483
11832.40627458378	30224112.22936651
12052.609368708414	29982537.62104914
12276.910479883603	29736467.2681656
12505.385872903913	29485817.504144575
12738.113231864783	29271352.293155685
12975.171686575868	29076338.860344388
13216.641839466038	28877696.19436578
13462.60579298911	28675356.75457304
13713.147177539455	28469251.743376523
13968.351179887397	28259311.082851633
14228.30457214352	28045463.390911713
14493.09574126215	27827635.95703734
14762.81471909391	27605754.7175539
15037.553212997384	27379744.230449267
15317.404637020798	27149527.649722595
15602.46414366368	26915026.699255873
15892.828656229764	26685417.41407292
16188.596901781993	26504470.698195018
16489.86944471065	26320156.533145487
16796.74872092653	26132412.250122234
17109.339072690134	25941174.014046106
17427.746784089173	25746376.801856272
17752.08011717636	25547954.380401656
18082.44934877952	25345839.283921026
18418.96680799711	25139962.791103806
18761.746914391195	24930254.901724134
19110.90621689136	24716644.31284006
19466.56343342263	24499058.394549716
19828.83949127071	24277423.16529646
20197.857568198782	24090944.148742218
20573.743134329114	23921190.981991757
20956.623994804308	23748278.67992354
21346.630333242454	23572148.450491764
21743.8947560008	23392740.407520667
22148.55233726359	23209993.550342526
22560.74066496859	23023845.743056834
22980.599887588487	22834233.693403393
23408.272761782944	22641092.931242257
23843.904700937208	22444357.786633268
24287.643824604504	22243961.367507447
24739.64100886812	22039835.53692304
25200.049937640895	21841688.029570322
25669.027154919517	21686372.526173268
26146.732118010917	21528166.574830156
26633.327251749808	21367016.38381286
27128.978003724646	21202867.160320066
27633.852900531667	21035663.091847096
28148.123605075813	20865347.32720906
28671.964974937695	20691861.957210876
29205.55512182745	20515147.994957455
29749.075472144435	20335145.355797548
30302.71082866393	20151792.83689438
30866.649433372742	19965028.096415862
31441.08303147265	19774787.632337917
32026.206936576502	19617199.566547118
32622.220097116733	19473282.321776897
33229.325163989684	19326686.752593145
33847.72855945983	19177363.01492275
34477.640547344636	19025260.337085992
35119.275304507275	18870327.002533514
35772.850993678774	18712510.332262162
36438.58983763541	18551756.66690365
37116.71819475767	18388011.348479588
37807.466635993485	18221218.70181742
38511.070023255685	18051322.0156201
39227.76758927723	17878263.5231837
39957.803018952654	17711734.368546814
40701.42453219439	17581467.595626332
41458.88496832911	17448776.53589614
42230.441872066716	17313616.072966203
43016.35758106799	17175940.25082276
43816.89931514194	17035702.25820288
44632.33926710397	16892854.41267801
45462.95469532399	16747348.14444151
46309.02801799736	16599133.979794368
47170.84690917023	16448161.524323594
48048.704396551344	16294379.445767665
48942.89896114532	16137735.45656287
49853.73463873894	15978176.296065062
50781.5211232767	15847881.110097501
51726.57387216024	15728287.959106516
52689.21421350677	15606469.159226116
53669.76945540476	15482383.290751744
54668.57299720181	15355988.163151115
55685.96444286408	15227240.80071895
56722.28971644549	15096097.427964773
57777.90117970507	14962513.454728829
58853.1577519145	14826443.461020853
59948.42503189408	14687841.181576854
61064.07542232036	14546659.490128383
62200.48825634718	14402850.38337914
63358.04992658254	14265667.076613411
64537.15401646702	14158268.38346296
65738.20143409586	14048870.98235844
66961.60054853215	13937437.677004753
68207.76732865692	13823930.578877375
69477.1254846024	13708311.094339946
70770.10661181889	13590539.911521928
72087.15033782135	13470576.986952199
73428.70447166759	13348381.531943819
74795.22515621828	13223911.998725433
76187.17702322999	13097126.06631463
77605.0333513357	12967980.62612828
79049.2762269642	12836431.767325193
80520.39670825469	12730410.569437493
82018.8949920221	12632465.951376826
83545.28058382872	12532698.567308204
85100.07247122246	12431074.495246042
86683.79930019773	12327559.181910861
88296.99955494082	12222117.430980766
89940.22174092053	12114713.391124303
91614.0245713852	12005310.543810686
93318.9771573324	11893871.690893013
95055.65920101192	11780358.941960556
96824.66119303115	11664733.701455593
98626.5846131283	11546956.655550493
100462.04213468132	11435571.174242413
102331.65783302448	11348101.724347474
104236.06739764012	11259004.453106543
106175.9183482999	11168249.066487385
108151.87025522892	11075804.706680663
110164.59496336569	10981639.941607993
112214.77682079801	10885722.754234618
114303.11291144785	10788020.53168334
116430.31329208757	10688500.054145766
118597.10123376705	10587127.483587207
120804.21346773289	10483868.352241412
123052.40043592616	10378687.550891116
125342.42654613995	10271549.31693055
127675.07043192645	10186244.303081047
130051.12521734099	10106841.97909524
132471.39878661174	10025961.964349283
134936.71405883064	9943576.758766683
137447.90926775365	9859658.350489864
140005.8382468096	9774178.20635579
142611.37071941295	9687107.262194414
145265.39259467812	9598415.912946563
147968.80626863963	9508074.002597846
150722.53093107554	9416050.81392533
153527.5028780421	9322315.058053315
156384.67583022476	9226834.863814814
159295.0212572123	9137303.461754542
162259.5287078087	9066662.378279317
165279.2061464897	8994706.652220603
168355.08029612005	8921411.81785626
171488.19698705408	8846752.954152822
174679.62151272455	8770704.67629222
177930.43899185772	8693241.127040563
181241.75473742394	8614335.96795644
184614.69463245454	8533962.370435597
188050.40551285836	8452093.006588822
191550.0555573528	8368700.039950307
195114.83468466165	8283755.116012838
198745.9549580986	8197229.352586995
202444.65099768018	8129117.122669006
206212.18039991445	8065190.555278994
210049.8241653915	8000074.3035923755
213958.88713434213	7933746.227381948
217940.6984302958	7866183.774387119
221996.61191199525	7797363.972645916
226128.00663372793	7727263.422684196
230336.2873142131	7655858.289559667
234622.88481422624	7583124.294757679
238989.25662310526	7509036.707936296
243436.8873543108	7433570.338517736
247967.289250216	7356699.527123227
252582.00269627848	7285224.69454424
257282.59674479323	7228495.960451801
262070.66964838552	7170711.494965162
266947.8494034318	7111851.6507434575
271915.7943036019	7051896.414805421
276976.1935036891	6990825.401724841
282130.76759394706	6928617.846699236
287381.2691851069	6865252.598489608
292729.4835042813	6800708.112228837
298177.22900196735	6734962.442096111
303726.3579703311	6667993.233855204
309378.75717301364	6599777.717253719
315136.34848664823	6530292.698280998
321001.08955431683	6476185.842091761
326974.97445117676	6424954.868300673
333060.03436245886	6372770.477370081
339258.33827409917	6319614.9260447845
345571.9936762143	6265470.140864583
352003.1472796675	6210317.7120191315
358553.9857459817	6154138.887088339
365226.7364308175	6096914.564666429
372023.6681413066	6038625.287867186
378947.09190746717	5979251.237708433
385999.36176797637	5918772.226373388
393182.87557057705	5857167.690346523
400500.07578736113	5800366.3370519085
407953.45034524484	5754979.391770354
415545.53347188793	5708747.787714244
423278.90655735444	5661655.8056400735
431156.19903182285	5613687.433766512
439180.0892596086	5564826.362330284
447353.3054498463	5515055.978040624
455678.6265841068	5464359.358430601
464158.8833612772	5412719.266103312
472796.9591600391	5360118.142870932
481595.79101923504	5306538.103784808
490558.37063650455	5251960.931054326
499687.7453854889	5196368.067852692
508987.0193519675	5153531.350028253
518459.3543892913	5112598.0073200725
528107.971193433	5070902.888139045
537936.1503980698	5028431.81569538
547947.2336900292	4985170.349366831
558144.6249454955	4941103.779788719
568531.7913873753	4896217.123852558
579112.2647641759	4850495.119611699
589889.6425508494	4803922.221092044
600867.5891719692	4756482.593006277
612049.837247669	4708160.105369707
623440.1888627863	4658938.328015852
635042.5168595961	4613932.301882671
646860.7661546321	4577707.460624201
658898.9550799957	4540808.468906036
671161.1767496272	4503222.780673417
683651.6004510238	4464937.616387353
696374.4730628222	4425939.958679481
709334.1204987989	4386216.54792598
722534.9491787221	4345753.877739176
735981.4475265755	4304538.19037524
749678.1874966878	4262555.472056355
763629.8261282243	4219791.448205951
777841.1071286482	4176231.5785951386
792316.8624866261	4131861.0523988893
807062.0141149492	4098021.5960847624
822081.575524054	4065379.638917506
837380.6535266489	4032130.2093731477
852964.4499741016	3998262.002287378
868838.2635251193	3963763.502104862
885007.4914473438	3928622.978963827
901477.6314524917	3892828.4847077657
918254.2835656281	3856367.8488229536
935343.1520292377	3819228.6743003293
952750.0472427299	3781398.3334203833
970480.8877380306	3742863.9634596067
988541.7021919573	3703612.4623170076
1006938.6314760271	3668021.50509467
1025677.9307444209	3639154.372779903
1044765.9715608053	3609750.018220839
1064209.2440647245	3579798.4436201085
1084014.359178331	3549289.465119618
1104188.0508541602	3518212.7093379474
1124737.1783647507	3486557.6098432867
1145668.7286348727	3454313.403560721
1166989.8186171474	3421469.1271126964
1188707.6977119034	3388013.6130913235
1210829.7502320393	3353935.486261358
1233363.4979137746	3319223.15969249
1256316.6024741214	3283864.830819661
1279696.8682159416	3257171.3825453157
1303512.2446815087	3231173.8731844956
1327770.829355429	3204692.5457508382
1352480.8704178738	3177718.396307685
1377650.769549055	3150242.253353579
1403289.084785873	3122254.7747038696
1429404.533431761	3093746.4443142535
1456005.9950206485	3064707.5690452224
1483102.514336103	3035128.2753662965
1510703.3044866556	3004998.5059989104
1538817.7500383465	2974308.016496839
1567455.410205595	2943046.371762965
1596626.022101425	2914936.472913069
1626339.5040481905	2891955.62471903
1656605.9589499151	2868547.0990297687
1687435.6777273756	2844702.936694333
1718839.1428171454	2820415.030440607
1750827.0317357269	2795675.1221187636
1783410.220710006	2770474.799893414
1816599.7883753285	2744805.495383459
1850407.019542302	2718658.480748792
1884843.4090337954	2692024.8657227024
1919920.6655932867	2664895.5945891053
1955650.715865947	2637261.44310351
1992045.7084538713	2609113.0153566464
2029118.0180466783	2588076.604120573
2066880.2496290822	2567387.679730669
2105345.242766708	2546313.7309375233
2144526.0759716653	2524847.592371484
2184436.0711494284	2502981.965314134
2225088.7981283693	2480709.415216681
2266498.079273693	2458022.369172108
2308677.994187172	2434913.1133403056
2351642.884494346	2411373.7903253012
2395407.358720879	2387396.3965036264
2439986.29725955	2362972.779303035
2485394.857429798	2338094.6344305165
2531648.478631358	2315911.7327698683
2578762.8875937983	2297628.48756502
2626754.1037238385	2279004.9880559016
2675638.4445520453	2260034.902052021
2725432.531281028	2240711.779519735
2776153.2944368036	2221029.0503891753
2827817.979625338	2200980.0223203674
2880444.1533962977	2180557.878427732
2934049.709215787	2159755.674962307
2988652.873550383	2138566.338950771
3044272.2120643063	2116982.6657905662
3100926.6359319235	2094997.3168002644
3158635.408267819	2072602.8167243095
3217418.1506763715	2056034.9751549892
3277294.849923382	2039578.8814569055
3338285.8647317644	2022816.5370549955
3400411.9327037027	2005742.2425715574
3463694.1773717343	1988350.1925624849
3528154.1153808828	1970634.473543385
3593813.6638046256	1952589.0619789034
3660695.147596906	1934207.8222346704
3728821.30718283	1915484.5044911236
3798215.306190736	1896412.7426184805
3868900.7393279755	1876986.0520122158
3940901.6404034477	1857197.827388201
4014242.490499326	1839701.795997224
4088948.226294856	1825161.9512937083
4165044.248545185	1810351.5176062156
4242556.430717777	1795265.4592277159
4321511.127789762	1779898.6467358097
4401935.1852088785	1764245.855248673
4483855.948021181	1748301.7626485473
4567301.270168747	1732060.9477721471
4652299.523960189	1715517.8885674276
4738879.609717651	1698666.960216008
4827070.965603188	1681502.4332206806
4916903.577628021	1664018.4714573263
5008407.989848212	1646209.130190552
5101615.314749833	1633166.4094187068
5196557.243827657	1620081.4242324678
5293266.058360566	1606752.9252454236
5391774.640387494	1593176.380624309
5492116.483887789	1579347.1741976626
5594325.706169377	1565260.6038862958
5698437.0594691355	1550911.88010452
5804485.942768984	1536296.1241316427
5912508.413831869	1521408.3664531554
6022541.201461928	1506243.5450710268
6134621.717992506	1490796.5037825943
6248788.072006888	1475061.9904273774
6365079.081295578	1461267.7317814603
6483534.286054714	1449707.7587303098
6604193.962330305	1437932.6526136764
6727099.135712336	1425938.409768609
6852291.595284057	1413720.9520233031
6979813.907830667	1401276.1253104822
7109709.432312423	1388599.6982549767
7242022.334607315	1375687.3607349957
7376797.60252773	1362534.7224166575
7514081.061116962	1349137.3112612152
7653919.388230155	1335490.5720045192
7796360.130405221	1321589.8646081851
7941451.71902934	1307430.4626819133
8089243.486805938	1297166.01933342
8239785.684528512	1286763.6786743226
8393129.498166373	1276167.7486855376
8549327.066268368	1265374.6266367028
8708431.497690724	1254380.6427500222
8870496.889654402	1243182.0589525201
9035578.34613892	1231775.0676050403
9203731.99661823	1220155.7902076154
9375015.01514529	1208320.2760807353
9549485.639791967	1196264.5010220709
9727203.192450536	1183984.3659382032
9908228.099003786	1171475.6954508857
10092621.909870483	1160602.8227829929
10280447.320933098	1151413.4976135255
10471768.194855202	1142053.157539036
10666649.582795387	1132518.6199430425
10865157.746525371	1122806.642980029
11067360.180959744	1112913.9244731818
11273325.63710487	1102837.100791618
11483124.14543511	1092572.7457067086
11696827.039703846	1082117.3692271279
11914506.981197748	1071467.416412217
12136237.983442418	1060619.2661632667
12362095.437367693	1049569.2299923066
12592156.13694151	1038355.006538045
12826498.3052806	1030237.4490010656
13065201.621247198	1021968.822337072
13308347.24654076	1013546.3151239041
13556017.853293689	1004967.0636183606
13808297.652180923	996228.1507824878
14065272.421052363	987326.6052917611
14327029.534098294	978259.4005248008
14593657.991557576	969023.4535342874
14865248.449978571	959615.62399873
15141893.25304352	950032.7131547173
15423686.462966273	940271.4627093084
15710723.892474487	930328.5537321749
16003103.137387017	921759.9839412537
16300923.609797413	914455.8840152979
16604286.571875297	907015.8535468836
16913295.17029647	899437.3628454867
17228054.471313924	891717.8351426114
17548671.49648152	883854.6457156609
17875255.259042352	875845.1209955068
18207916.800994623	867686.5376574423
18546769.230846975	859376.1216952248
18891927.762076646	850911.0474778833
19243509.75230332	842288.4367889734
19601634.743191857	833505.3578479551
19966424.501097932	824657.6624260402
20338003.0584698	818205.675491965
20716496.75602067	811633.6159832026
21102034.285685964	804939.2493287061
21494746.734379806	798120.2993716836
21894767.628566206	791174.4475956759
22302232.979659364	784099.3323362388
22717281.330269028	776892.5479779501
23140053.80130654	769551.6441364757
23570694.139967278	762074.1248254132
24009348.76860652	754457.4476076275
24456166.83452444	746699.0227307957
24911300.26067791	738796.2122468628
25374903.797335718	732044.557195514
25847135.07469564	726239.2758214423
26328154.656480197	720325.9571731962
26818126.094530128	714302.5906587195
27317215.98441379	708167.1282684961
27825594.022071257	701917.4838792057
28343433.061513092	695551.5325444161
28870909.173592344	689067.1097720817
29408201.705870606	682462.0107885904
29955493.34359816	675733.9897891188
30512970.171828706	668880.7591740347
31080821.738690637	661899.988771086
31659241.119835205	654920.2079564898
32248424.98408439	649792.2871183209
32848573.66030047	644568.9348008072
33459891.20549975	639248.3750078802
34082585.47423452	633828.7986918819
34716868.189265594	628308.3631384698
35362955.013550386	622685.1913400735
36021065.62357073	616957.371357692
36691423.78402494	611122.955670816
37374257.42391064	605179.960515247
38069798.71402284	599126.3652085967
38778284.14589453	592960.1114632341
39499954.61220647	586679.1026864446
40235055.48869293	581359.7016779417
40983836.717572615	576745.8385659264
41746552.89253134	572046.1106763198
42523463.34528677	567258.9200510011
43314832.23376403	562382.6389935754
44120928.631911896	557415.6095159432
44942026.62119142	552356.1427745625
45778405.38376616	547202.5184962262
46630349.29742726	541952.9843931502
47498148.03228505	536605.7555671757
48382096.649259575	531159.0139028876
49282495.700405136	525610.9074494311
50199651.33110079	520105.1725762367
51133875.38414321	516029.69725893374
52085485.50577665	511878.3766525089
53054805.25369574	507649.7992632271
54042164.20705915	503342.52732921287
55047898.078549676	498955.0963315987
56072348.82852027	494486.0144965713
57115864.78126434	489933.76228815236
58178800.74344935	485296.79189154255
59261518.124755524	480573.5266868436
60364385.060758635	475762.3607129933
61487776.53810017	470861.6581217211
62632074.521986924	465869.752621341
63797668.08606282	461679.17209187296
64984953.54469889	458012.27411488513
66194334.587743886	454277.13454260124
67426222.41778335	450472.4833873206
68681035.88995308	446597.0270266557
69959201.65435374	442649.4477636872
71261154.30111745	438628.4033789306
72587336.50817245	434532.5266739689
73938199.19175874	430360.4250065895
75314201.65974376	426110.6798172728
76715811.76779301	421781.8461468633
78143506.07844542	417372.4521452705
79597770.02314977	413029.76715615246
81079098.06731695	409790.76640863664
82587993.87844272	406491.48730607453
84124970.49736118	403130.8080580215
85690550.51268347	399707.5859973228
87285266.2384837	396220.65719159273
88909659.89529167	392668.83604746585
90564283.79445294	389050.91490748356
92249700.52592173	385365.6636394753
93966483.1495469	381611.82921830175
95715215.38991857	377788.13529981306
97496491.83484097	373893.2817868763
99310918.137498	369925.9443873318
101159111.22238298	366624.9050617255
103041699.49505854	363710.6229242787
104959323.05582266	360742.10550037073
106912633.91734771	357718.3434620929
108902296.22637327	354638.3086977715
110928986.48952228	351500.95396240044
112993393.80332193	348305.21252156456
115096220.0885031	345049.9977887394
117238180.32865997	341734.20295584213
119420002.8133535	338356.7006169023
121642429.3857368	334916.34238473343
123906215.6947913	331411.9585004664
126212131.45225461	327986.83201794425
128560960.69432965	325412.6156557451
130953502.04826704	322790.49268902733
133390569.00390588	320119.5715677296
135872990.19027063	317398.9441498913
138401609.65731302	314627.68539287546
140977287.16289675	311804.8530388453
143600898.46512634	308929.4872943848
146273335.620113	306000.6105041599
148995507.28528506	303017.22681850306
151768339.02834037	299978.32185481477
154592773.64194784	296882.8623526646
157469771.46430898	293729.7958224684
160400310.70568198	291129.6537837776
163385387.78098568	288813.49640816305
166426017.64859018	286454.23494967975
169523234.15541214	284051.0672340117
172678090.38843593	281603.1761582417
175891659.03277326	279109.7294130289
179165032.73638958	276569.87919961277
182499324.48161504	273982.7619415538
185895667.9635688	271347.4979911088
189355217.9756299	268663.1913301401
192879150.80207777	265928.92926546064
196468664.61804405	263143.78211850644
200124979.8969035	260442.46849184574
203849339.82524642	258396.56466752657
207643010.7255779	256312.58622491392
211507282.48687947	254189.8245888834
215443469.00318778	252027.55799760582
219452908.62033114	249825.05125714143
223536964.59097964	247581.55549146736
227697025.53816846	245296.30788784978
231934505.92744273	242968.53143748097
236250846.547794	240597.43467128562
240647515.00154215	238182.21139081463
245126006.20333397	235722.0403941294
249687842.8884332	233216.08519658307
254334576.13046482	231168.14157279415
259067785.8688001	229327.31321445346
263889081.44575077	227452.22672713562
268800102.15376073	225542.2445612317
273802517.7927863	223596.71730222544
278898029.23804396	221614.98344988638
284088369.0183295	219596.36919335148
289375301.9050947	217540.18818202266
294760625.51248586	215445.74129220154
300246170.90855557	213312.31638937822
305833803.23784316	211139.18808609887
311525422.35554785	208925.61749532464
317322963.4734973	206795.23086456946
323228397.81813806	205169.1694430923
329243733.30077755	203512.84674187735
335371015.2002929	201825.69959336
341612326.8585518	200107.15434933058
347969790.3887688	198356.6266858886
354445567.3970435	196573.5214047673
361041859.71733445	194757.23223095827
367760910.160103	192907.14160657255
374605003.2748981	191022.6204808631
381576466.1271245	189103.02809634118
388677669.0892668	187147.71177091327
395911026.6468467	185156.00667596035
403278998.21937054	183543.0646874673
410784088.99656343	182079.96770649322
418428850.79015756	180589.64224174825
426215882.9015325	179071.58156651654
434147833.0055101	177525.26952381164
442227398.0505897	175950.18035087813
450457325.17594445	174345.7785004255
458840412.64547515	172711.518458537
467379510.7992463	171046.8445591899
476077523.0226378	169351.1907953217
484937406.7335233	167623.98062638266
493962174.38783056	165864.62678230452
503154894.5038046	164184.53669805994
512518692.70533323	162892.10761577977
522056752.7846986	161575.6262083637
531772317.7850967	160234.64485794876
541668691.1033136	158868.70761642663
551749237.6129117	157477.35005041712
562017384.8083187	156060.09908335633
572476623.970219	154616.47283464484
583130511.3526218	153145.98045580345
593982669.3920338	151648.1219635788
605036787.9391212	150122.38806994396
616296625.5132942	148568.26000893587
627766010.5806513	146985.2093602682
639448842.8556936	145714.91016428056
651349094.6272782	144551.97656087758
663470812.1092337	143367.4005652348
675818116.816111	142160.77940875044
688395206.964551	140931.70282723018
701206358.9007177	139679.75292139332
714255928.5543104	138404.50401478214
727548352.9196217	137105.5225090274
741088151.5641569	135782.366736421
754879928.1653446	134434.58680974366
768928372.0758306	133061.72446929826
783238259.9179205	131663.31292709618
797814457.2076613	130338.3465067783
812661920.0091946	129311.03295720072
827785696.619849	128264.60092766193
843190929.286625	127198.69461999704
858882855.9546258	126112.95161457596
874866812.0479896	125007.00274707851
891148232.2840202	123880.4719829729
907732652.5210242	122732.97628966131
924625711.6405733	121564.12550624427
941833153.4647961	120373.52221086058
959360828.7093127	119160.76158556184
977214696.9725724	117925.43127866756
995400828.7621539	116667.11126456308
1013925407.5588143	115666.67594513322
1032794731.9189526	114742.25759029502
1052015217.6161569	113800.63565257819
1071593399.8226712	112841.48997037766
1091535935.3313932	111864.49442382697
1111849604.81927	110869.3168239136
1132541315.1528125	109855.61879953017
1153618101.736476	108823.05568242642
1175087130.9048076	107771.27639001636
1196955702.3590453	106699.92330600803
1219231251.6491096	105608.63215880939
1241921352.7017846	104497.03189767145
1265033720.3959012	103452.10615224746
1288576213.185518	102635.45353747885
1312556835.7718453	101803.60287859105
1336983741.8249452	100956.2713373972
1361865236.7560828	100093.17081204303
1387209780.541618	99214.0078390505
1413025990.5995336	98318.48349353553
1439322644.7194095	97406.29328757171
1466108684.0469828	96477.1270666605
1493393216.1242533	95530.66890427473
1521185517.9861019	94566.59699444167
1549495039.3146317	93584.5835423238
1578331405.6521199	92584.29465276655
1607704421.673822	91796.3776503178
1637624074.521689	91061.4788167125
1668100537.2000556	90312.90339076653
1699144172.0346258	89550.39684876897
1730765534.1957276	88773.69993027979
1762975375.2872038	87982.54854997806
1795784647.0020967	87176.67370786963
1829204504.8462899	86355.8013978253
1863246311.9315598	85519.65251441456
1897921642.8391032	84667.94275800779
1933242287.5550432	83800.38253811096
1969220255.4791734	82916.67687490114
2005867779.5082297	82092.56090189226
2043197320.1952705	81443.2904003454
2081221569.9863415	80781.93686428753
2119953457.536069	80108.27542639048
2159406152.1035676	79422.07703450648
2199593068.0300703	78723.10837378896
2240527869.3000183	78011.1317873616
2282224474.1869006	77285.90519551378
2324697059.9856453	76547.18201339021
2367960067.833079	75794.71106714896
2412028207.618002	75028.23650856092
2456916462.98279	74247.49772801714
2502640096.4179215	73452.22926592009
2549214654.4514203	72831.64824442638
2596655972.934872	72247.32833630369
2644980182.4277143	71652.13413526549
2694203713.6818824	71045.86326886996
2744343303.2283683	70428.30959849019
2795415999.067865	69799.26314922422
2847439166.4672475	69158.51003850154
2900430493.8639855	68505.83240336034
2954407998.8803797	67841.00832637199
3009390034.449724	67163.81176018713
3065395295.056536	66474.01245067651
3122442823.0928583	65771.3758586426
3180552015.3329134	65121.345905848335
3239742629.5281954	64605.06018168221
3300034791.1252885	64079.16629234022
3361449000.108775	63543.48542823361
3424006137.9714255	62997.83545209677
3487727474.8141704	62442.03083705843
3552634676.5781393	61875.882603560625
3618749812.411284	61299.19825510393
3686095362.1721687	60711.781712796175
3754694224.0733366	60113.433248683745
3824569722.4669914	59503.94941784163
3895745615.775501	58883.1229892001
3968246104.5694857	58250.74287508423
4042095839.796318	57761.90075331224
4117319931.1616793	57297.209880646675
4193943955.6671777	56823.87103177088
4271993966.306777	56341.72326637597
4351496500.925055	55850.60264902674
4432478591.24041	55350.3421934215
4514967772.036101	54840.7718056153
4598992090.5224285	54321.718226185556
4684580115.873045	53793.004971322436
4771760948.938751	53254.45227282261
4860564232.142149	52705.87701696574
4951020159.556351	52147.09268225413
5043159487.171348	51634.29225203681
5137013543.351338	51223.651864659616
5232614239.486667	50805.369389800406
5329994080.844104	50379.30260691082
5429186177.618942	49945.30664869392
5530224256.192888	49503.23395184762
5633142670.601352	49052.934206891594
5737976414.21414	48594.254307060735
5844761131.633649	48127.03829624691
5953533130.81437	47651.127315972335
6064329395.408049	47166.35955137576
6177187597.338489	46672.570176193796
6292146109.610351	46169.59129671849
6409244019.35647	45784.44390345661
6528521141.127848	45414.782164177224
6650018030.431105	45038.24095702972
6773775997.517745	44654.69225394637
6899837121.430025	44264.00564423553
7028244264.308367	43866.048290240295
7159041085.964888	43460.6848821725
7292272058.728297	43047.77759210554
7427982482.56491	42627.186027111726
7566218500.481063	42198.767181527175
7707027114.212319	41762.375388328284
7850456200.204509	41317.86226960341
7996554525.892329	40913.21874631395
8145371766.280737	40586.49287183334
8296958520.834915	40253.68657323428
8451366330.684739	39914.68669278929
8608647696.149244	39569.37796688647
8768856094.587408	39217.64298683824
8932045998.58096	38859.36215896144
9098272894.455566	38494.41366391422
9267593301.146902	38122.67341527599
9440064789.417603	37744.01501735688
9615746001.432076	37358.3097222215
9794696670.695385	36965.42638591351
9976977642.36321	36565.23142386538
10162650893.929972	36261.6853743323
10351779556.301762	35967.498803347386
10544427935.261662	35667.83737021885
10740661533.334322	35362.59918683053
10940547072.057436	35051.680468911254
11144152514.667904	34734.97550074683
11351547089.20999	34412.376599235686
11562801312.07373	34083.77407727529
11777987011.97118	33749.05620646745
11997177354.358854	33408.10917912964
12220446866.314913	33060.817069598896
12447871461.879063	32707.061794816032
12679528467.864315	32387.64248633363
12915496650.148827	32127.557057723167
13155856240.457052	31862.631395031156
13400688963.639534	31592.77542067777
13650078065.460136	31317.897380724124
13904108340.900667	31037.903813674795
14162866162.991974	30752.69951870004
14426439512.181587	30462.18752326659
14694918006.248201	30166.26905016577
14968392930.772554	29864.84348392832
15246957270.1757	29557.80833661382
15530705739.334583	29245.059212963875
15819734815.786015	28926.48977490666
16114142772.530231	28687.13990062268
16414029711.444664	28452.884106641406
16719497597.31985	28214.26877247412
17030650292.528427	27971.212766336106
17347593592.339325	27723.633446566437
17670435260.889503	27471.44663352874
17999285067.824764	27214.566580989387
18334254825.62285	26952.905946962597
18675458427.61074	26686.375764013384
19023011886.689457	26414.88540900779
19377033374.77993	26138.342572299833
19737643263.002552	25856.653226345392
20104964162.604927	25604.36822155335
20479120966.650833	25397.190487449312
20860240892.485046	25186.15714046108
21248453524.988873	24971.196426976796
21643890860.6402	24752.23525803778
22046687352.394028	24529.19918448726
22456979955.397717	24302.01237165698
22874908173.55704	24070.597573582745
23300614106.96929	23834.876106739735
23734242500.23866	23594.767823289407
24175940791.69123	23350.19108382822
24625859163.505444	23101.062729629397
25084150592.775414	22847.29805436827
25550970903.525124	22658.432177556424
26026478819.690044	22471.7486667889
26510836019.085308	22281.59094412069
27004207188.377697	22087.894353877113
27506760079.080673	21890.593037130468
28018665564.59201	21689.61990930717
28540097698.292374	21484.90663737834
29071233772.725693	21276.38361662573
29612254379.880314	21063.979946975436
30163343472.591972	20847.623408891188
30724688427.090096	20627.240438818837
31296480106.707504	20402.75610417401
31878912926.77636	20203.33476773442
32472184920.731255	20038.14561939737
33076497807.442425	19869.882272901847
33692057059.802742	19698.487516897025
34319071974.590427	19523.90307531916
34957755743.632645	19346.069587576934
35608325526.29274	19164.926588368362
36271002523.30648	18980.41248712195
36946012051.993095	18792.464547055177
37633583622.865326	18601.01886384332
38333951017.6659	18406.010343891274
39047352368.85556	18207.37268220101
39774030240.58036	18005.038339827308
40514231711.14655	17855.852788842585
41268208457.02952	17706.91406726027
42036216838.44701	17555.20357072649
42818517986.52406	17400.669716037733
43615377892.080055	17243.259960018364
44427067496.06892	17082.920781655263
45253862781.70167	16919.59766390019
46096044868.284195	16753.23507513329
46953900106.80053	16583.776450281814
47827720177.27485	16411.164171587454
48717802187.94641	16235.339549015576
49624448776.28914	16056.24280030007
50547968211.912254	15898.42594988437
51488674501.37487	15766.541277455248
52446887494.95119	15632.202208831251
53422932995.38363	15495.363067281569
54417142868.658875	15355.977326023678
55429855156.84652	15213.99759240366
56461414193.036606	15069.375591782247
57512170718.41614	14922.062151120967
58582482001.525475	14772.00718226272
59672711959.7331	14619.159664901304
60783231282.972115	14463.467629233874
61914417559.77835	14304.878138290711
63066655405.67406	14143.337269936143
64240336593.94204	14025.318092153533
65435860188.83229	13906.306614654408
66653632681.24893	13785.080313308514
67894068126.96099	13661.597969867158
69157588287.38525	13535.817599003107
70444622772.99051	13407.696434034993
71755609189.36922	13277.190912386268
73090993286.02888	13144.256660773368
74451229107.95128	13008.848480118359
75836779149.97191	12870.920330180857
77248114514.03416	12730.425313903717
78685715069.36842	12587.315661467626
80150069615.6538	12462.217233103584
81641676049.21454	12356.726773337497
83161041532.30962	12249.273118165333
84708682665.57419	12139.819732186534
86285125663.66887	12028.329400070543
87890906534.19963	11914.764213903101
89526571259.96382	11799.085560297313
91192675984.59299	11681.254107264484
92889787201.64516	11561.229790840986
94618481947.21991	11438.971801466023
96379347996.15794	11314.438570105833
98172984061.88821	11187.587754119986
100000000000.0	11058.37622286419
