# Frequency (Hz)	Imaginary Part (Ohm/m)
1000.0	2889525176.7374296
1018.6101701559753	2877542302.6579657
1037.566678745186	2865336425.2529244
1056.875971184804	2852903394.3924727
1076.544612842316	2840238982.712154
1096.5792912678098	2827338884.175539
1116.9868184678226	2814198712.610129
1137.7741332214914	2800814000.2160068
1158.9483034398106	2787180196.0467424
1180.5165285688056	2773292664.4620137
1202.4861420374123	2759146683.551448
1224.8646137509306	2744737443.5291133
1247.6595526308697	2730060045.098143
1270.8787092020582	2718035628.9497952
1294.529978227916	2708596607.8843217
1318.6214013947485	2698981925.0307145
1343.1611700460153	2689188311.293206
1368.1576279674719	2679212436.7376003
1393.6192742241421	2669050909.45906
1419.5547660501015	2658700274.428822
1445.9729217920196	2648157012.3194485
1472.8827239075017	2637417538.308221
1500.2933220192183	2626478200.858258
1528.2140360258693	2615335280.4769583
1556.654359271062	2603984988.4513273
1585.6239617711371	2592505567.765847
1615.1326935030913	2584044188.8783917
1645.1905877536624	2575425342.2900877
1675.8078645307671	2566646097.5002265
1706.994934038408	2557703469.4709845
1738.7624002162504	2548594417.6124773
1771.1210643450886	2539315844.748923
1804.0819287193829	2529864596.065574
1837.6562003881704	2520237458.0360417
1871.8552949655793	2510431157.3296638
1906.690840512252	2500442359.6985407
1942.1746814890264	2490267668.8438478
1978.3188827841643	2479903625.2610645
2015.1357338155585	2470300709.2532945
2052.6377527092523	2461347570.555364
2090.83769055575	2452227812.422835
2129.748535745521	2442938334.0396776
2169.3835183851843	2433475976.88315
2209.756114795903	2423837523.649863
2250.880052095462	2414019697.1618633
2292.7693128656488	2404019159.2523613
2335.438139906479	2393832509.6307116
2378.9010410788933	2383456284.7262836
2423.1727942376006	2372886956.510807
2468.2684522556924	2362120931.2988067
2514.2033481427966	2351203751.683728
2560.9931002584594	2341026931.7352076
2608.6536176225477	2330660719.4357996
2657.201105324507	2320101590.161626
2706.652070033241	2309345953.694961
2757.0233256095826	2298390153.003516
2808.3319988231724	2287230462.997008
2860.595535175742	2275863089.260591
2913.8317048327885	2264284166.7647123
2968.058608665602	2252489758.550963
3023.2946844057765	2240475854.393467
3079.5587129142264	2228238369.4353614
3136.8698245668766	2215773142.7999053
3195.2475057592137	2203606048.785724
3254.711605531848	2191628651.0398173
3315.282342319423	2179428351.8838334
3376.9803108250912	2167001003.0846014
3439.8264890229248	2154342379.209629
3503.8422452906757	2141448176.1904027
3569.0493456752297	2128314009.8589633
3635.4699612933177	2114935414.457239
3703.126675869927	2101307841.1186395
3772.0424934169973	2087426656.321397
3842.240846055061	2073287140.31311
3913.745601980384	2058884485.5059865
3986.581073580439	2044335730.4045947
4060.7720257003652	2031034041.1881886
4136.343684063274	2017484805.2721038
4213.321743847289	2003683415.7701368
4291.732378422157	1989625180.0611503
4371.602248248502	1975305318.1935263
4452.958509942656	1960718961.259935
4535.828825510186	1945861149.741855
4620.241371751313	1930726831.8232768
4706.224849841282	1915310861.6730402
4793.808495089107	1899607997.6951885
4883.02208687788	1883612900.7467716
4973.895958790063	1867320132.3224845
5066.461008921268	1852391200.3674316
5160.7487103859075	1838365757.2014596
5256.791122018419	1824079298.1516562
5354.620899273607	1809526965.6680086
5454.271305329837	1794703811.8006737
5555.7762223988775	1779604796.5176208
5659.170163246243	1764224785.9909625
5764.488282925873	1748558550.8514025
5871.766390733255	1732600764.4101908
5981.040962380944	1716346000.847995
6092.349152400711	1699788733.3700628
6205.7288067765	1682923332.3270485
6321.218475812449	1666146581.5142245
6438.857427240419	1652713870.0000215
6558.685659571435	1639031173.4388828
6680.743915695614	1625093839.5665495
6805.073696735207	1610897129.5393317
6931.7172761554075	1596436216.3228512
7060.717714137772	1581706183.050802
7192.118872221193	1566702021.3531563
7325.9654282152305	1551418629.65327
7462.302891391108	1535850811.433289
7601.17761795533	1519993273.4672756
7742.63682681127	1503840624.0214608
7886.728615614156	1487387371.0209882
8033.501977124734	1473517368.5672646
8183.006815867389	1461234187.0944302
8335.293965098195	1448722413.5243285
8490.415204088747	1435977793.719135
8648.423275731726	1422995994.3707933
8809.37190447399	1409772601.527649
8973.31581458352	1396303119.093654
9140.310748756232	1382582967.2996488
9310.413487069076	1368607481.146192
9483.681866285928	1354371908.8174064
9660.174799522645	1339871410.065315
9839.952296278227	1325101054.5641007
10023.075482838643	1310637159.9466336
10209.606623060476	1300011202.7734768
10399.609139541202	1289187494.729259
10593.147635183701	1278162355.6366193
10790.287915161836	1266932036.8294728
10991.097009294961	1255492719.8784192
11195.643194838794	1243840515.2924368
11403.996019700331	1231971461.1964188
11616.226326085018	1219881521.984083
11832.40627458378	1207566586.9458306
12052.609368708414	1195022468.8710563
12276.910479883603	1182244902.6244524
12505.385872903913	1169229543.6958213
12738.113231864785	1158608870.820757
12975.171686575868	1149303842.9481351
13216.641839466038	1139825646.9234982
13462.60579298911	1130171060.0580697
13713.147177539457	1120336799.688291
13968.351179887397	1110319522.0596726
14228.30457214352	1100115821.1898859
14493.095741262152	1089722227.7106922
14762.81471909391	1079135207.6883168
15037.553212997384	1068351161.4218819
15317.404637020798	1057366422.2194586
15602.46414366368	1046177255.1513593
15892.828656229764	1035300585.5358224
16188.596901781992	1027199659.6538539
16489.86944471065	1018947974.1628021
16796.74872092653	1010542723.400688
17109.339072690134	1001981049.4916874
17427.746784089173	993260041.3744204
17752.08011717636	984376733.8121585
18082.44934877952	975328106.3846158
18418.96680799711	966111082.4609686
18761.746914391195	956722528.1537707
19110.90621689136	947159251.2533972
19466.563433422634	937418000.1426579
19828.839491270715	927495462.6912168
20197.857568198782	919356571.6126783
20573.743134329117	912078218.6905097
20956.623994804308	904664414.3820044
21346.630333242454	897112637.9138137
21743.8947560008	889420321.6005708
22148.552337263594	881584849.971845
22560.74066496859	873603558.8828564
22980.599887588487	865473734.6086372
23408.272761782944	857192612.9213357
23843.904700937204	848757378.1503521
24287.643824604504	840165162.224975
24739.641008868115	831413043.6992098
25200.049937640895	822953987.563763
25669.02715491952	816506870.1452988
26146.73211801092	809939770.7746623
26633.327251749808	803250456.5673066
27128.978003724646	796436653.0843254
27633.85290053167	789496043.5591166
28148.123605075813	782426268.1096568
28671.9649749377	775224922.9361186
29205.555121827452	767889559.503549
29749.075472144435	760417683.7093426
30302.71082866393	752806755.0352234
30866.649433372746	745054185.683432
31441.083031472648	737157339.6968588
32026.206936576502	730727473.9262221
32622.220097116733	724918348.0894482
33229.325163989684	719001113.4323957
33847.72855945983	712973758.0315214
34477.64054734464	706834232.5210469
35119.275304507275	700580449.3961456
35772.850993678774	694210282.3031704
36438.58983763541	687721565.3166745
37116.71819475767	681112092.2029647
37807.46663599349	674379615.6699678
38511.07002325569	667521846.6031209
39227.76758927724	660536453.2870487
39957.803018952654	653839640.4423699
40701.42453219439	648708040.9609122
41458.88496832911	643480941.5399328
42230.44187206672	638156564.9093068
43016.357581068	632733100.7236097
43816.89931514195	627208704.9465826
44632.33926710398	621581499.224136
45462.95469532399	615849570.245692
46309.02801799737	610010969.0936372
47170.84690917022	604063710.5806692
48048.70439655134	598005772.5748138
48942.898961145314	591835095.3118752
49853.73463873893	585549580.6950957
50781.5211232767	580482972.8913451
51726.57387216025	575866104.0023348
52689.21421350677	571163314.3977126
53669.76945540476	566373005.0783405
54668.57299720181	561493547.2874353
55685.96444286409	556523281.9567724
56722.28971644549	551460519.1425849
57777.90117970507	546303537.4509667
58853.15775191451	541050583.4525762
59948.42503189409	535699871.08645403
61064.07542232036	530249581.0527429
62200.48825634718	524697860.1941042
63358.04992658254	519417006.56030834
64537.15401646702	515338684.6910945
65738.20143409586	511184464.5579438
66961.60054853215	506952933.6812499
68207.76732865692	502642653.2949199
69477.1254846024	498252157.8571808
70770.10661181889	493779954.5522763
72087.15033782135	489224522.7828955
73428.70447166757	484584313.6531525
74795.2251562183	479857749.4419452
76187.17702322999	475043223.0665148
77605.0333513357	470139097.53601706
79049.2762269642	465143705.39493054
80520.3967082547	461153770.667091
82018.89499202212	457484165.08551157
83545.28058382872	453746267.5196541
85100.07247122246	449938807.0440704
86683.79930019774	446060489.081174
88296.99955494083	442109994.96106905
89940.22174092053	438085981.47318834
91614.0245713852	433987080.40958863
93318.97715733238	429811898.0997429
95055.6592010119	425559014.9366787
96824.66119303113	421226984.89429647
98626.5846131283	416814335.035704
100462.04213468131	412649971.6589206
102331.6578330245	409408516.66524875
104236.06739764012	406106737.6425919
106175.9183482999	402743511.95050603
108151.87025522892	399317696.05601704
110164.59496336569	395828125.1448089
112214.77682079803	392273612.7251719
114303.11291144787	388652950.2245839
116430.31329208757	384964906.5787827
118597.10123376705	381208227.8131899
120804.21346773289	377381636.6165486
123052.40043592616	373483831.90662044
125342.42654613995	369513488.38780576
127675.07043192645	366371741.5815141
130051.12521734099	363455229.75722706
132471.39878661174	360484441.1516284
134936.71405883064	357458365.664582
137447.90926775365	354375974.39781696
140005.8382468096	351236219.30509007
142611.37071941298	348038032.8358391
145265.39259467812	344780327.5722052
147968.80626863963	341461995.8592971
150722.53093107554	338081909.4285777
153527.5028780421	334638919.01424074
156384.6758302248	331131853.96244717
159295.0212572123	327848328.60186887
162259.5287078087	325272152.74163175
165279.2061464897	322648033.81028354
168355.08029612005	319975079.579114
171488.19698705408	317252381.2148827
174679.62151272458	314479012.97080994
177930.43899185772	311654031.8718098
181241.75473742394	308776477.3938696
184614.69463245457	305845371.1374624
188050.40551285836	302859716.4948776
191550.05555735278	299818498.31136763
195114.83468466165	296720682.5399811
198745.9549580986	293565215.88997686
202444.65099768018	291091660.15998226
206212.18039991445	288773774.2208251
210049.82416539153	286412752.02993834
213958.88713434216	284007790.8143371
217940.6984302958	281558072.86129475
221996.61191199525	279062765.2403127
226128.00663372796	276521019.51991206
230336.28731421314	273931971.4791619
234622.88481422624	271294740.8138313
238989.25662310526	268608430.83707815
243436.8873543108	265872128.1745665
247967.289250216	263084902.45390666
252582.00269627848	260496150.51908293
257282.5967447932	258448772.34865186
262070.66964838552	256363292.1220952
266947.8494034318	254239000.7536658
271915.7943036019	252075175.96140867
276976.1935036891	249871082.0215801
282130.76759394706	247625969.51849157
287381.2691851069	245339075.08970103
292729.4835042813	243009621.16646245
298177.22900196735	240636815.70934135
303726.35797033116	238219851.93891647
309378.7571730137	235757908.06146318
315136.34848664823	233250146.98953575
321001.08955431683	231302886.44652483
326974.9744511768	229460799.8257549
333060.03436245886	227584431.6595306
339258.33827409917	225673143.9624576
345571.9936762143	223726286.8761249
352003.14727966755	221743198.44814652
358553.9857459817	219723204.40708873
365226.7364308176	217665617.93321306
372023.6681413066	215569739.42494783
378947.09190746717	213434856.26101738
385999.3617679763	211260242.55814356
393182.87557057705	209045158.92423514
400500.07578736113	207004342.096906
407953.4503452449	205377248.9597671
415545.53347188793	203719875.34248626
423278.90655735444	202031657.7201761
431156.19903182285	200312022.08065414
439180.0892596086	198560383.72927454
447353.3054498463	196776147.09012407
455678.6265841069	194958705.50352022
464158.8833612772	193107441.01974162
472796.9591600391	191221724.1889157
481595.7910192351	189300913.84700236
490558.37063650455	187344356.89778864
499687.7453854889	185351388.09083
508987.01935196744	183818601.23709887
518459.3543892913	182354667.2276831
528107.971193433	180863489.1572551
537936.1503980698	179344560.00920364
547947.2336900292	177797363.33125186
558144.6249454955	176221373.05985898
568531.7913873753	174616053.34135097
579112.2647641759	172980858.34972695
589889.6425508494	171315232.10107064
600867.5891719693	169618608.26451036
612049.837247669	167890409.9696614
623440.1888627864	166130049.61048168
635042.5168595962	164521315.00744143
646860.7661546321	163228246.46976084
658898.9550799957	161911113.7065705
671161.1767496273	160569468.8785395
683651.6004510239	159202855.81196964
696374.4730628222	157810809.8436937
709334.1204987989	156392857.66308323
722534.9491787221	154948517.15111837
735981.4475265756	153477297.216463
749678.1874966876	151978697.62848654
763629.8261282241	150452208.84718227
777841.1071286482	148897311.84991676
792316.8624866261	147313477.95495698
807062.014114949	146107062.9091179
822081.5755240541	144943663.62644425
837380.653526649	143758613.28516084
852964.4499741016	142551508.9553828
868838.2635251193	141321940.20863143
885007.4914473438	140069488.97828463
901477.6314524917	138793729.41742903
918254.2835656282	137494227.7540678
935343.1520292377	136170542.14363346
952750.04724273	134822222.5187558
970480.8877380306	133448810.43623461
988541.7021919574	132049838.92116347
1006938.6314760271	130781797.28623772
1025677.9307444209	129754189.47865146
1044765.9715608052	128707457.71491233
1064209.2440647245	127641246.09494247
1084014.359178331	126555192.09530267
1104188.0508541602	125448926.44593099
1124737.1783647507	124322073.0045868
1145668.7286348727	123174248.62895824
1166989.8186171474	122005063.04639016
1188707.6977119034	120814118.72118658
1210829.7502320395	119601010.7194447
1233363.4979137748	118365326.5713728
1256316.6024741214	117106646.1310461
1279696.8682159416	116157200.7754754
1303512.244681509	115232644.2345406
1327770.8293554292	114290881.53906018
1352480.870417874	113331592.47957033
1377650.769549055	112354450.88745448
1403289.084785873	111359124.524043
1429404.533431761	110345274.96764772
1456005.9950206485	109312557.49849533
1483102.5143361029	108260620.98151897
1510703.3044866556	107189107.74696828
1538817.7500383463	106097653.46879835
1567455.410205595	104985887.04079421
1596626.022101425	103986457.06953135
1626339.5040481905	103169816.14201806
1656605.9589499151	102337977.38788731
1687435.6777273756	101490657.97299998
1718839.1428171457	100627569.7996251
1750827.0317357269	99748419.40848403
1783410.2207100063	98852907.8789713
1816599.7883753285	97940730.72751753
1850407.019542302	97011577.8040629
1884843.4090337954	96065133.18660186
1919920.6655932867	95101075.07376656
1955650.715865947	94119075.67541134
1992045.7084538713	93118801.10115948
2029118.018046678	92371661.52391525
2066880.2496290822	91636916.80233935
2105345.242766708	90888498.35647364
2144526.0759716653	90126151.71598266
2184436.0711494284	89349617.67479414
2225088.7981283693	88558632.20296729
2266498.079273693	87752926.35691883
2308677.994187172	86932226.18797965
2351642.884494346	86096252.64924967
2395407.3587208795	85244721.50071783
2439986.29725955	84377343.21261881
2485394.8574297987	83493822.86698866
2531648.478631358	82706158.01194456
2578762.8875937983	82057174.64014935
2626754.1037238385	81396113.57737647
2675638.4445520453	80722750.05574198
2725432.531281028	80036855.12439305
2776153.294436804	79338195.57166252
2827817.979625338	78626533.84577473
2880444.1533962977	77901627.97407451
2934049.7092157872	77163231.48075496
2988652.8735503824	76411093.30305216
3044272.212064306	75644957.70588142
3100926.6359319235	74864564.19488497
3158635.408267819	74069647.42786007
3217418.1506763715	73481762.95020775
3277294.849923382	72897863.01790275
3338285.8647317644	72303096.6085034
3400411.9327037027	71697261.49502222
3463694.1773717343	71080151.68699257
3528154.115380883	70451557.36043061
3593813.6638046256	69811264.78649226
3660695.147596906	69159056.25880325
3728821.30718283	68494710.01943688
3798215.306190736	67818000.1835133
3868900.7393279755	67128696.66239704
3940901.6404034477	66426565.085463665
4014242.490499326	65805837.66308774
4088948.226294856	65290092.53110053
4165044.248545185	64764749.294449806
4242556.430717777	64229629.330774784
4321511.127789762	63684550.69352192
4401935.185208879	63129328.05008132
4483855.948021182	62563772.61877197
4567301.270168747	61987692.104653195
4652299.523960189	61400890.63414318
4738879.609717651	60803168.6884192
4827070.965603188	60194323.03557928
4916903.577628021	59574146.6615414
5008407.989848212	58942428.69965584
5101615.314749834	58479898.29659093
5196557.243827658	58015875.09879741
5293266.058360566	57543216.350336574
5391774.640387494	57061761.34214128
5492116.483887789	56571346.37432092
5594325.706169377	56071804.70050243
5698437.059469136	55562966.47113418
5804485.942768984	55044658.675735466
5912508.413831869	54516705.08407133
6022541.201461928	53978926.18623175
6134621.717992506	53431139.131597124
6248788.072006888	52873157.66666653
6365079.081295578	52384020.56999102
6483534.286054714	51974160.01156621
6604193.962330305	51556671.87840879
6727099.135712337	51131414.22005525
6852291.595284058	50698242.44431963
6979813.907830667	50257009.268130764
7109709.432312424	49807564.667454645
7242022.334607315	49349755.82628417
7376797.602527731	48883427.08468065
7514081.061116962	48408419.88584726
7653919.388230155	47924572.72221822
7796360.130405221	47431721.080544665
7941451.71902934	46929697.38595779
8089243.486805938	46565827.55072162
8239785.684528511	46197070.351358905
8393129.498166373	45821450.51776977
8549327.066268368	45438840.33516365
8708431.497690724	45049109.71195575
8870496.889654404	44652126.135535
9035578.34613892	44247754.62720793
9203731.99661823	43835857.69630462
9375015.015145289	43416295.293430515
9549485.639791965	42988924.76284788
9727203.192450536	42553600.79397145
9908228.099003788	42110175.37196125
10092621.909870485	41724758.88729541
10280447.320933098	41399044.61968656
10471768.194855202	41067268.75413529
10666649.582795387	40729318.48327245
10865157.746525373	40385078.9003646
11067360.180959744	40034432.96024438
11273325.63710487	39677261.439514056
11483124.145435112	39313442.896008074
11696827.039703846	38942853.62750155
11914506.981197748	38565367.62965013
12136237.983442418	38180856.55314716
12362095.43736769	37789189.66008366
12592156.13694151	37391703.54715843
12826498.3052806	37104008.12851198
13065201.621247198	36810958.64917142
13308347.24654076	36512455.46915619
13556017.853293689	36208397.094168805
13808297.652180923	35898680.141085565
14065272.421052365	35583199.302805245
14327029.534098294	35261847.312443584
14593657.991557576	34934514.90686129
14865248.449978571	34601090.78951359
15141893.25304352	34261461.59260793
15423686.462966274	33915511.83855793
15710723.89247449	33563123.900719635
16003103.137387017	33259455.56561224
16300923.60979741	33000612.15758182
16604286.571875297	32736951.629684195
16913295.17029647	32468384.33449898
17228054.471313924	32194818.95625204
17548671.49648152	31916162.479767114
17875255.259042356	31632320.158839766
18207916.800994623	31343195.48402249
18546769.230846975	31048690.149810582
18891927.762076642	30748704.02121714
19243509.75230332	30443135.099726114
19601634.743191857	30131879.488611795
19966424.501097932	29818334.59285288
20338003.0584698	29589704.616629254
20716496.75602067	29356819.79764535
21102034.285685964	29119600.952553388
21494746.734379806	28877967.424390085
21894767.628566206	28631837.05515227
22302232.979659364	28381126.15786239
22717281.330269028	28125749.48811399
23140053.801306542	27865620.21508767
23570694.139967278	27600649.892027818
24009348.768606517	27330748.426169533
24456166.83452444	27055824.04810628
24911300.26067791	26775783.28058721
25374903.797335718	26536541.010253776
25847135.07469564	26330839.64364041
26328154.6564802	26121310.13959305
26818126.094530128	25907881.255822673
27317215.98441379	25690480.424209107
27825594.022071257	25469033.72612719
28343433.061513092	25243465.867313482
28870909.173592348	25013700.15226553
29408201.705870606	24779658.45816453
29955493.34359816	24541261.208312698
30512970.17182871	24298427.345076423
31080821.738690637	24051074.302325692
31659241.119835205	23803756.896580286
32248424.98408439	23622066.025544036
32848573.66030047	23436993.856481988
33459891.20549975	23248477.462862592
34082585.47423452	23056452.74708074
34716868.189265594	22860854.418664034
35362955.01355039	22661615.97207327
36021065.62357074	22458669.66408982
36691423.78402494	22251946.490782294
37374257.42391064	22041376.164044328
38069798.71402284	21826887.087695975
38778284.145894535	21608406.333140176
39499954.61220647	21385859.614566263
40235055.48869293	21197388.4466908
40983836.717572615	21033918.861495018
41746552.89253135	20867407.079503413
42523463.34528678	20697796.48491597
43314832.23376403	20525029.40830298
44120928.631911896	20349047.106996894
44942026.62119142	20169789.745119058
45778405.38376617	19987196.37323496
46630349.29742727	19801204.90763075
47498148.03228505	19611752.109204065
48382096.649259575	19418773.561962154
49282495.700405136	19222203.651119627
50199651.33110079	19027135.481963288
51133875.38414321	18882746.944316804
52085485.50577665	18735671.31141613
53054805.25369574	18585858.575961392
54042164.20705915	18433257.80000831
55047898.078549676	18277817.09764881
56072348.82852027	18119483.617369235
57115864.78126435	17958203.52408025
58178800.74344935	17793921.980812404
59261518.124755524	17626583.130070854
60364385.060758635	17456130.074843302
61487776.53810017	17282504.859254356
62632074.521986924	17105648.44885991
63797668.086062826	16957184.881437544
64984953.54469889	16827276.741497975
66194334.58774388	16694950.988969486
67426222.41778335	16560162.631670425
68681035.88995308	16422865.840106966
69959201.65435374	16283013.931890659
71261154.30111745	16140559.355865806
72587336.50817245	15995453.675941637
73938199.19175874	15847647.554623462
75314201.65974376	15697090.73623748
76715811.76779303	15543732.029843189
78143506.07844542	15387519.291828
79597770.02314977	15233670.363000534
81079098.06731695	15118925.865255617
82587993.87844272	15002045.95288322
84124970.49736118	14882990.885453755
85690550.51268348	14761720.182961497
87285266.23848371	14638192.612060923
88909659.89529167	14512366.172046922
90564283.79445294	14384198.080574155
92249700.52592175	14253644.759110514
93966483.1495469	14120661.818120005
95715215.38991855	13985204.04196982
97496491.83484097	13847225.373556515
99310918.137498	13706678.898646161
101159111.22238298	13589739.145150023
103041699.49505854	13486502.181496125
104959323.05582266	13381343.960382221
106912633.91734771	13274228.726880088
108902296.22637327	13165120.06065618
110928986.48952228	13053980.863588383
112993393.80332194	12940773.347152153
115096220.0885031	12825459.019572085
117238180.32865998	12707998.672734328
119420002.8133535	12588352.36885534
121642429.3857368	12466479.42690266
123906215.69479132	12342338.40876283
126212131.45225461	12221005.567860046
128560960.69432965	12129819.113044353
130953502.04826704	12036935.662788618
133390569.00390586	11942323.63571897
135872990.19027063	11845950.862726755
138401609.65731302	11747784.57603073
140977287.16289678	11647791.39803571
143600898.46512637	11545937.329983767
146273335.620113	11442187.740394326
148995507.28528506	11336507.353289008
151768339.02834037	11228860.236197488
154592773.64194787	11119209.787940094
157469771.464309	11007518.72618295
160400310.70568198	10915416.345012583
163385387.7809857	10833374.922032738
166426017.64859018	10749806.694211386
169523234.15541214	10664683.247450644
172678090.38843596	10577975.63886142
175891659.03277326	10489654.386922551
179165032.73638958	10399689.461456714
182499324.48161504	10308050.273419866
185895667.96356884	10214705.664500698
189355217.9756299	10119623.896526402
192879150.80207777	10022772.640671393
196468664.61804405	9924118.966465103
200124979.89690349	9828435.395393295
203849339.82524642	9755970.4914678
207643010.7255779	9682157.003349911
211507282.48687947	9606969.83365836
215443469.00318778	9530383.417945303
219452908.62033114	9452371.716004172
223536964.59097967	9372908.20301576
227697025.53816846	9291965.860529441
231934505.92744276	9209517.167276647
236250846.54779404	9125534.089813283
240647515.00154218	9039988.072988084
245126006.20333397	8952850.0302336
249687842.8884332	8864090.333676398
254334576.13046482	8791555.775781553
259067785.8688001	8726358.447553212
263889081.44575077	8659947.785952814
268800102.15376073	8592301.21063986
273802517.7927863	8523395.721049866
278898029.23804396	8453207.888573933
284088369.01832956	8381713.848592745
289375301.90509474	8308889.292362355
294760625.51248586	8234709.458748982
300246170.90855557	8159149.125809921
305833803.23784316	8082182.602217842
311525422.35554785	8003783.7185253985
317322963.47349733	7928331.733032134
323228397.81813806	7870744.877316131
329243733.30077755	7812086.320416506
335371015.2002929	7752336.117791888
341612326.8585518	7691473.953729574
347969790.3887688	7629479.134437983
354445567.3970436	7566330.5810105875
361041859.71733445	7502006.822258804
367760910.1601031	7436485.987411592
374605003.2748982	7369745.798679112
381576466.1271244	7301763.563678065
388677669.0892668	7232516.167716064
395911026.64684665	7161980.065932352
403278998.21937054	7104860.738988659
410784088.99656343	7053049.473451961
418428850.7901576	7000273.991447616
426215882.9015325	6946516.348743107
434147833.00551015	6891758.267160683
442227398.0505897	6835981.128362606
450457325.17594445	6779165.967520687
458840412.6454752	6721293.466868045
467379510.7992464	6662343.949130906
476077523.0226378	6602297.370838066
484937406.7335233	6541133.3155059265
493962174.38783056	6478830.986696625
503154894.5038046	6419336.472287511
512518692.7053333	6373573.295102761
522056752.7846986	6326958.457403725
531772317.78509665	6279476.109643327
541668691.1033136	6231110.107311703
551749237.6129117	6181844.005446913
562017384.8083189	6131661.053043495
572476623.970219	6080544.187356923
583130511.3526219	6028476.028102094
593982669.3920338	5975438.871543824
605036787.9391212	5921414.684477405
616296625.5132942	5866385.09809714
627766010.5806513	5810331.401750726
639448842.8556937	5765355.15395671
651349094.6272783	5724181.9182517
663470812.1092337	5682242.441624337
675818116.816111	5639522.464200688
688395206.964551	5596007.460728124
701206358.9007177	5551682.635636608
714255928.5543104	5506532.918008005
727548352.9196218	5460542.9564518295
741088151.564157	5413697.113885627
754879928.1653447	5365979.462218167
768928372.0758306	5317373.776933743
783238259.9179205	5267863.531575616
797814457.2076613	5220954.740703859
812661920.0091945	5184588.0106152855
827785696.619849	5147544.489491746
843190929.2866251	5109811.58213693
858882855.9546258	5071376.458955754
874866812.0479896	5032226.051592217
891148232.2840202	4992347.048485962
907732652.5210242	4951725.890346247
924625711.6405734	4910348.765541629
941833153.4647961	4868201.605403823
959360828.7093127	4825270.07944427
977214696.9725724	4781539.590481545
995400828.7621539	4736995.269678219
1013925407.5588143	4701583.926839827
1032794731.9189525	4668864.957442541
1052015217.6161569	4635537.082457451
1071593399.8226712	4601588.970047943
1091535935.3313932	4567009.077490021
1111849604.81927	4531785.647247627
1132541315.1528127	4495906.702974938
1153618101.7364762	4459360.0454443265
1175087130.9048076	4422133.248398429
1196955702.3590453	4384213.654325145
1219231251.6491094	4345588.370153921
1241921352.7017846	4306244.262871938
1265033720.3959012	4269261.49361818
1288576213.185518	4240362.395630653
1312556835.7718453	4210925.480512225
1336983741.8249452	4180940.7393945814
1361865236.7560828	4150397.977142649
1387209780.541618	4119286.8088881825
1413025990.5995336	4087596.6564987414
1439322644.7194095	4055316.7449810645
1466108684.046983	4022436.0988174304
1493393216.1242533	3988943.538233846
1521185517.9861016	3954827.6753988485
1549495039.3146317	3920076.910551467
1578331405.6521196	3884679.4280572245
1607704421.673822	3856801.8155262843
1637624074.521689	3830801.807535202
1668100537.2000558	3804317.9349713554
1699144172.034626	3777341.1930326996
1730765534.1957276	3749862.4093363117
1762975375.287204	3721872.2407996613
1795784647.002097	3693361.1704638423
1829204504.84629	3664319.5042577516
1863246311.9315598	3634737.3677019468
1897921642.8391035	3604604.7025512606
1933242287.5550432	3573911.2633748734
1969220255.4791734	3542646.6140727354
2005867779.50823	3513492.018532464
2043197320.1952705	3490527.893258852
2081221569.9863415	3467136.401706415
2119953457.536069	3443309.5905159903
2159406152.1035676	3419039.3583150324
2199593068.0300703	3394317.452963095
2240527869.3000183	3369135.4687459725
2282224474.186901	3343484.843517704
2324697059.9856453	3317356.8557893364
2367960067.833079	3290742.6217635046
2412028207.618002	3263633.0923138876
2456916462.98279	3236019.0499083577
2502640096.417922	3207891.105474967
2549214654.4514203	3185947.21002844
2596655972.9348726	3165287.33049912
2644980182.4277143	3144242.9670963623
2694203713.6818824	3122806.9645098494
2744343303.2283683	3100972.034267739
2795415999.067865	3078730.7522584777
2847439166.467248	3056075.556206542
2900430493.8639855	3032998.7431011642
2954407998.8803797	3009492.4665772314
3009390034.449724	2985548.7342474554
3065395295.056536	2961159.4049848528
3122442823.092858	2936316.1861546882
3180552015.3329134	2913335.3066312284
3239742629.5281954	2895088.432723001
3300034791.1252885	2876501.981386526
3361449000.1087756	2857569.6330280835
3424006137.9714255	2838284.950445243
3487727474.8141704	2818641.376638131
3552634676.5781393	2798632.232579994
3618749812.411284	2778250.7149462583
3686095362.172169	2757489.893801322
3754694224.0733366	2736342.710242306
3824569722.4669914	2714801.973998937
3895745615.7755013	2692860.3609887883
3968246104.569486	2670510.410827025
4042095839.7963185	2653240.162756228
4117319931.1616793	2636825.0409051813
4193943955.6671777	2620104.4308433556
4271993966.3067765	2603072.6473831637
4351496500.925055	2585723.899534718
4432478591.24041	2568052.288536819
4514967772.036102	2550051.8058513235
4598992090.5224285	2531716.3311201613
4684580115.873045	2513039.6300843577
4771760948.93875	2494015.3524643253
4860564232.142149	2474637.029800689
4951020159.556352	2454898.0732549494
5043159487.171349	2436786.481896326
5137013543.351338	2422289.6590410555
5232614239.486668	2407523.047845727
5329994080.844104	2392481.627503426
5429186177.618943	2377160.2837691703
5530224256.192889	2361553.8072210024
5633142670.601352	2345656.8914887346
5737976414.21414	2329464.131449734
5844761131.63365	2312970.0213911124
5953533130.81437	2296168.953137732
6064329395.40805	2279055.2141453545
6177187597.338489	2261622.98555832
6292146109.610351	2243866.340231083
6409244019.35647	2230277.879459184
6528521141.127848	2217237.7573854406
6650018030.431105	2203954.95642105
6773775997.517745	2190424.9602705613
6899837121.430025	2176643.168589502
7028244264.308367	2162604.8954202044
7159041085.964889	2148305.367598533
7292272058.728298	2133739.7231309502
7427982482.564911	2118903.009541391
7566218500.481063	2103790.182187374
7707027114.212319	2088396.102544762
7850456200.20451	2072715.5364606092
7996554525.89233	2058445.3916220667
8145371766.280737	2046931.009369537
8296958520.834915	2035202.3425040473
8451366330.684739	2023255.403152488
8608647696.149244	2011086.1292267554
8768856094.587408	1998690.383042591
8932045998.58096	1986063.9499127255
9098272894.455568	1973202.5367138502
9267593301.146902	1960101.7704268978
9440064789.417603	1946757.1966501744
9615746001.432076	1933164.2780848073
9794696670.695385	1919318.3929920194
9976977642.36321	1905214.8336216945
10162650893.929974	1894528.3493320525
10351779556.301762	1884173.5000241583
10544427935.261663	1873625.9452087046
10740661533.334324	1862882.0986034032
10940547072.057436	1851938.3071846478
11144152514.667904	1840790.8499454376
11351547089.20999	1829435.936630202
11562801312.07373	1817869.7064460632
11777987011.97118	1806088.226750132
11997177354.358856	1794087.4917123702
12220446866.31491	1781863.4209535588
12447871461.87906	1769411.8581579302
12679528467.864313	1758174.478088756
12915496650.148827	1749034.6116699046
13155856240.457052	1739724.650781795
13400688963.639534	1730241.4299374127
13650078065.460138	1720581.7247394917
13904108340.90067	1710742.250784181
14162866162.991974	1700719.6625443145
14426439512.18159	1690510.5522319004
14694918006.248203	1680111.4486394315
14968392930.772556	1669518.8159596394
15246957270.1757	1658729.0525832765
15530705739.334585	1647738.4898745345
15819734815.786015	1636543.3909236728
16114142772.530231	1628147.717040272
16414029711.444664	1619933.0859083538
16719497597.319849	1611565.579093302
17030650292.528427	1603042.3515526387
17347593592.339325	1594360.5052971658
17670435260.889503	1585517.0884056103
17999285067.824764	1576509.094020945
18334254825.622852	1567333.4593280167
18675458427.61074	1557987.0645121622
19023011886.689457	1548466.73169844
19377033374.77993	1538769.223871112
19737643263.002556	1528891.2437730313
20104964162.60493	1520052.9623749016
20479120966.650833	1512808.9455055569
20860240892.48505	1505430.1162496605
21248453524.988873	1497913.9657257602
21643890860.6402	1490257.9383616936
22046687352.39403	1482459.431025663
22456979955.397717	1474515.7921411449
22874908173.55704	1466424.3207853278
23300614106.969296	1458182.2657707667
23734242500.238663	1449786.8247099516
24175940791.691235	1441235.1430624605
24625859163.50544	1432524.313164388
25084150592.775414	1423651.3732397126
25550970903.525124	1417071.7039529516
26026478819.690044	1410570.7591442654
26510836019.085308	1403948.8306465151
27004207188.3777	1397203.6669326595
27506760079.080673	1390332.9745743591
28018665564.59201	1383334.4174621815
28540097698.292374	1376205.6160113013
29071233772.725693	1368944.1463524122
29612254379.880314	1361547.539507587
30163343472.591972	1354013.2805508026
30724688427.0901	1346338.8077528337
31296480106.707504	1338521.5117102386
31878912926.77636	1331591.507680065
32472184920.731255	1325872.687550722
33076497807.442425	1320047.4392056803
33692057059.802742	1314113.7819977368
34319071974.590427	1308069.6984195071
34957755743.632645	1301913.1334174501
35608325526.29274	1295641.993693127
36271002523.30648	1289254.1469914622
36946012051.9931	1282747.4213757492
37633583622.865326	1276119.604489171
38333951017.66589	1269368.442802571
39047352368.85556	1262491.6408482313
39774030240.58037	1255486.8604393923
40514231711.14655	1250363.7998996028
41268208457.02952	1245252.2769105393
42036216838.44701	1240045.6276088932
42818517986.52407	1234742.0816777998
43615377892.080055	1229339.8358544987
44427067496.06892	1223837.0533172016
45253862781.70167	1218231.8630605552
46096044868.284195	1212522.3592594762
46953900106.80053	1206706.6006211515
47827720177.27486	1200782.6097249815
48717802187.94641	1194748.3723502313
49624448776.28913	1188601.836791177
50547968211.91225	1183212.9939476943
51488674501.37487	1178746.7515931448
52446887494.95119	1174197.3917084197
53422932995.38363	1169563.3674621384
54417142868.658875	1164843.1032361283
55429855156.84652	1160034.994089691
56461414193.03661	1155137.405213909
57512170718.41614	1150148.6713757946
58582482001.52548	1145067.09635209
59672711959.7331	1139890.952352535
60783231282.972115	1134618.4794323964
61914417559.77835	1129247.8848940702
63066655405.67406	1123777.342677547
64240336593.94204	1119861.20047802
65435860188.83229	1115915.0377577129
66653632681.24893	1111895.4362777178
67894068126.96098	1107801.0293302198
69157588287.38525	1103630.4247727413
70444622772.99051	1099382.2045547948
71755609189.36922	1095054.924235733
73090993286.02888	1090647.112493621
74451229107.95128	1086157.2706249717
75836779149.97191	1081583.8720351735
77248114514.03416	1076925.361719428
78685715069.36844	1072180.1557340343
80150069615.65381	1068089.2126438427
81641676049.21455	1064710.0198992155
83161041532.30962	1061267.939802621
84708682665.5742	1057761.8020097385
86285125663.66887	1054190.4143959407
87890906534.19963	1050552.5626509564
89526571259.96382	1046847.0098659967
91192675984.59299	1043072.4961131862
92889787201.64517	1039227.7380171797
94618481947.21992	1035311.4283187985
96379347996.15796	1031322.2354305465
98172984061.88821	1027258.8029838598
100000000000.0	1023119.7493679222
