# Frequency (Hz)	Imaginary Part (Ohm/m)
1000.0	19657367.874309383
1018.6101701559753	19619555.953709885
1037.566678745186	19581040.346834097
1056.875971184804	19541807.957960702
1076.5446128423157	19501845.44765474
1096.5792912678098	19461139.228232123
1116.9868184678226	19419675.459139653
1137.7741332214914	19377440.04224905
1158.9483034398106	19334418.617063515
1180.5165285688054	19290596.55583492
1202.4861420374123	19245958.95859028
1224.8646137509306	19200490.64806556
1247.6595526308697	19154176.164545268
1270.8787092020582	19111148.45592523
1294.529978227916	19071302.86319042
1318.6214013947485	19030715.737194844
1343.1611700460153	18989373.277878344
1368.1576279674719	18947261.428359304
1393.619274224142	18904365.87015513
1419.5547660501015	18860672.01831384
1445.9729217920194	18816165.016455017
1472.882723907502	18770829.731718466
1500.2933220192183	18724650.749618895
1528.2140360258693	18677612.368804835
1556.654359271062	18629698.595719945
1585.6239617711371	18581109.038035467
1615.132693503091	18540113.349533193
1645.1905877536624	18498354.724292237
1675.807864530767	18455818.963930055
1706.9949340384078	18412491.605829827
1738.7624002162504	18368357.91822294
1771.1210643450886	18323402.895180084
1804.0819287193826	18277611.25150904
1837.6562003881704	18230967.41755754
1871.8552949655793	18183455.533919483
1906.690840512252	18135059.446042497
1942.1746814890264	18085762.698735222
1978.3188827841643	18035548.530572437
2015.1357338155585	17989362.15643201
2052.6377527092523	17946625.66342031
2090.8376905557498	17903093.837001786
2129.748535745521	17858751.875886418
2169.3835183851843	17813584.70332965
2209.756114795903	17767576.96200613
2250.880052095462	17720713.00878809
2292.7693128656488	17672976.909426477
2335.438139906479	17624352.43313316
2378.9010410788933	17574823.047062278
2423.1727942376006	17524371.910688903
2468.2684522556924	17472981.870083053
2514.2033481427966	17421121.135006152
2560.9931002584594	17377608.82210468
2608.6536176225477	17333286.737656236
2657.2011053245064	17288139.81167453
2706.652070033241	17242152.6937183
2757.0233256095826	17195309.747671913
2808.3319988231724	17147595.04642899
2860.5955351757416	17098992.366477005
2913.831704832789	17049485.182381067
2968.0586086656026	16999056.661165167
3023.2946844057765	16947689.656588726
3079.5587129142264	16895366.70331671
3136.8698245668766	16842070.01098124
3195.2475057592133	16793546.392870758
3254.711605531848	16748645.102198616
3315.282342319423	16702908.190866841
3376.9803108250912	16656320.107832775
3439.8264890229243	16608865.012646206
3503.8422452906757	16560526.770063441
3569.0493456752292	16511288.944561176
3635.4699612933177	16461134.794748202
3703.126675869927	16410047.26767318
3772.0424934169973	16358008.993026443
3842.240846055061	16305002.277233904
3913.745601980384	16251009.097441062
3986.581073580439	16196809.589634316
4060.7720257003657	16151540.858851178
4136.343684063274	16105429.66928542
4213.321743847289	16058460.342635747
4291.732378422157	16010616.908825016
4371.602248248501	15961883.100570224
4452.958509942655	15912242.347851451
4535.828825510186	15861677.772277921
4620.241371751313	15810172.181349097
4706.224849841281	15757708.062609104
4793.808495089106	15704267.57769228
4883.02208687788	15649832.556257933
4973.895958790063	15594384.48981225
5066.461008921268	15544421.43963695
5160.7487103859075	15498146.644706475
5256.791122018419	15451010.667968413
5354.620899273607	15402997.482682789
5454.271305329836	15354090.763849264
5555.7762223988775	15304273.882656481
5659.170163246242	15253529.900828056
5764.488282925873	15201841.564863417
5871.766390733255	15149191.300171394
5981.040962380945	15095561.205094691
6092.349152400711	15040933.044823138
6205.7288067765	14985288.245193623
6321.218475812449	14929745.878386756
6438.8574272404185	14883506.76189601
6558.685659571435	14836407.12757951
6680.743915695614	14788430.961054098
6805.073696735206	14739561.949906217
6931.717276155407	14689783.478145517
7060.717714137772	14639078.620555248
7192.118872221193	14587430.136937486
7325.96542821523	14534820.466251303
7462.302891391108	14481231.720641801
7601.17761795533	14426645.679358056
7742.636826811269	14371043.782557882
7886.728615614156	14314407.124997262
8033.501977124735	14263889.385960443
8183.00681586739	14217011.500752417
8335.293965098195	14169261.210124115
8490.415204088747	14120622.278462227
8648.423275731726	14071078.168005902
8809.37190447399	14020612.033223763
8973.31581458352	13969206.715086212
9140.310748756232	13916844.735231198
9310.413487069076	13863508.290021382
9483.681866285926	13809179.24449069
9660.174799522645	13753839.12617826
9839.952296278227	13697469.118847592
10023.075482838643	13641533.911240008
10209.606623060476	13595041.043592846
10399.609139541202	13547682.935767746
10593.1476351837	13499443.485497747
10790.287915161836	13450306.290849993
10991.097009294961	13400254.644648863
11195.643194838794	13349271.528795334
11403.99601970033	13297339.608480694
11616.22632608502	13244441.226292472
11832.40627458378	13190558.396210752
12052.609368708414	13135672.797492724
12276.910479883603	13079765.76844344
12505.385872903913	13022818.30007063
12738.113231864783	12972511.162495997
12975.171686575868	12925686.843333198
13216.641839466038	12877991.115623342
13462.60579298911	12829407.762305092
13713.147177539455	12779920.264514845
13968.351179887397	12729511.795970127
14228.30457214352	12678165.217248488
14493.09574126215	12625863.069959918
14762.81471909391	12572587.570810772
15037.553212997384	12518320.605557326
15317.404637020798	12463043.722846663
15602.46414366368	12406738.127943065
15892.828656229764	12351202.489565635
16188.596901781993	12305029.770653421
16489.86944471065	12257997.769585682
16796.74872092653	12210090.494975306
17109.339072690134	12161291.657832718
17427.746784089173	12111584.666027492
17752.08011717636	12060952.618646827
18082.44934877952	12009378.300249064
18418.96680799711	11956844.17501024
18761.746914391195	11903332.380761728
19110.90621689136	11848824.722916901
19466.56343342263	11793302.668284768
19828.83949127071	11736747.33876853
20197.857568198782	11687236.997613048
20573.743134329114	11640968.584487956
20956.623994804308	11593839.108321756
21346.630333242454	11545832.544584736
21743.8947560008	11496932.570527973
22148.55233726359	11447122.55963339
22560.74066496859	11396385.575960591
22980.599887588487	11344704.368388435
23408.272761782944	11292061.364749491
23843.904700937208	11238438.66585531
24287.643824604504	11183818.039410487
24739.64100886812	11128180.913813503
25200.049937640895	11073639.159323625
25669.027154919517	11028220.64556801
26146.732118010917	10981956.885543173
26633.327251749808	10934832.149072224
27128.978003724646	10886830.413236989
27633.852900531667	10837935.35693008
28148.123605075813	10788130.355305508
28671.964974937695	10737398.474126091
29205.55512182745	10685722.464005593
29749.075472144435	10633084.754543765
30302.71082866393	10579467.44835224
30866.649433372742	10524852.314969175
31441.08303147265	10469220.784660762
32026.206936576502	10420951.241067432
32622.220097116733	10375635.679967731
33229.325163989684	10329476.788565261
33847.72855945983	10282458.872339573
34477.640547344636	10234565.944692547
35119.275304507275	10185781.721512744
35772.850993678774	10136089.615638636
36438.58983763541	10085472.731218807
37116.71819475767	10033913.857967153
37807.466635993485	9981395.46531124
38511.070023255685	9927899.696431683
39227.76758927723	9873408.362190641
39957.803018952654	9820327.227128316
40701.42453219439	9776045.315773454
41458.88496832911	9730939.31051345
42230.441872066716	9684993.874820506
43016.35758106799	9638193.386751415
43816.89931514194	9590521.933635984
44632.33926710397	9541963.306666492
45462.95469532399	9492500.995386556
46309.02801799736	9442118.182077391
47170.84690917023	9390797.736039601
48048.704396551344	9338522.207768578
48942.89896114532	9285273.823021432
49853.73463873894	9231034.476773612
50781.5211232767	9184426.991376508
51726.57387216024	9140471.233849458
52689.21421350677	9095697.452195505
53669.76945540476	9050090.422846438
54668.57299720181	9003634.63892088
55685.96444286408	8956314.304951739
56722.28971644549	8908113.331515588
57777.90117970507	8859015.329762112
58853.1577519145	8809003.605841685
59948.42503189408	8758061.155229308
61064.07542232036	8706170.656942867
62200.48825634718	8653314.467653835
63358.04992658254	8602177.32679041
64537.15401646702	8559484.149126977
65738.20143409586	8515996.444162732
66961.60054853215	8471699.425609412
68207.76732865692	8426578.032003405
69477.1254846024	8380616.921584719
70770.10661181889	8333800.467080586
72087.15033782135	8286112.750392029
73428.70447166759	8237537.55718155
74795.22515621828	8188058.371360062
76187.17702322999	8137658.369471257
77605.0333513357	8086320.414971443
79049.2762269642	8034027.052402927
80520.39670825469	7989605.580270063
82018.8949920221	7947534.803978168
83545.28058382872	7904681.083380894
85100.07247122246	7861029.847751485
86683.79930019773	7816566.255199496
88296.99955494082	7771275.187624367
89940.22174092053	7725141.245575114
91614.0245713852	7678148.743014365
93318.9771573324	7630281.701984906
95055.65920101192	7581523.847177022
96824.66119303115	7531858.600394726
98626.5846131283	7481269.074918967
100462.04213468132	7432698.8885220885
102331.65783302448	7392189.593466986
104236.06739764012	7350926.413538009
106175.9183482999	7308895.318809379
108151.87025522892	7266082.018256002
110164.59496336569	7222471.95489439
112214.77682079801	7178050.300833108
114303.11291144785	7132801.952231134
116430.31329208757	7086711.524162402
118597.10123376705	7039763.345384745
120804.21346773289	6991941.453011525
123052.40043592616	6943229.587084059
125342.42654613995	6893611.18504307
127675.07043192645	6852045.208446964
130051.12521734099	6812527.305603514
132471.39878661174	6772273.96786395
134936.71405883064	6731271.508659702
137447.90926775365	6689505.98671285
140005.8382468096	6646963.201295915
142611.37071941295	6603628.687403454
145265.39259467812	6559487.710833835
147968.80626863963	6514525.263179405
150722.53093107554	6468726.056723499
153527.5028780421	6422074.519242435
156384.67583022476	6374554.788710808
159295.0212572123	6329326.551092363
162259.5287078087	6291706.8854004415
165279.2061464897	6253387.111328781
168355.08029612005	6214354.199741315
171488.19698705408	6174594.879027514
174679.62151272455	6134095.630589951
177930.43899185772	6092842.684247769
181241.75473742394	6050822.013554723
184614.69463245454	6008019.331030023
188050.40551285836	5964420.083300391
191550.0555573528	5920009.446151848
195114.83468466165	5874772.31948923
198745.9549580986	5828693.322202053
202444.65099768018	5790716.795449441
206212.18039991445	5754473.671241663
210049.8241653915	5717556.056325398
213958.88713434213	5679951.398313791
217940.6984302958	5641646.911217924
221996.61191199525	5602629.571099474
226128.00663372793	5562886.11164238
230336.2873142131	5522403.019642204
234622.88481422624	5481166.530411465
238989.25662310526	5439162.623099502
243436.8873543108	5396377.015925258
247967.289250216	5352795.1613212675
252582.00269627848	5311713.924944955
257282.59674479323	5277667.036702022
262070.66964838552	5242986.530075604
266947.8494034318	5207660.613319779
271915.7943036019	5171677.275242205
276976.1935036891	5135024.281120232
282130.76759394706	5097689.168540925
287381.2691851069	5059659.243163716
292729.4835042813	5020921.5744042285
298177.22900196735	4981462.991037672
303726.3579703311	4941270.076720555
309378.75717301364	4900329.165428934
315136.34848664823	4858626.336811828
321001.08955431683	4824868.596298833
326974.97445117676	4792513.822495337
333060.03436245886	4759556.920846
339258.33827409917	4725986.685649157
345571.9936762143	4691791.702663119
352003.1472796675	4656960.345225238
358553.9857459817	4621480.770298668
365226.7364308175	4585340.914445656
372023.6681413066	4548528.489725808
378947.09190746717	4511030.979518064
385999.36176797637	4472835.6342649385
393182.87557057705	4433929.4671374755
400500.07578736113	4397634.2676565545
407953.45034524484	4367654.376130151
415545.53347188793	4337116.553721176
423278.90655735444	4306010.417240987
431156.19903182285	4274325.390267999
439180.0892596086	4242050.699551651
447353.3054498463	4209175.37134934
455678.6265841068	4175688.227695247
464158.8833612772	4141577.882599721
472796.9591600391	4106832.7381778797
481595.79101923504	4071440.9807062596
490558.37063650455	4035390.576605972
499687.7453854889	3998669.2683511823
508987.0193519675	3969489.98213831
518459.3543892913	3941378.4071788066
528107.971193433	3912743.6710259574
537936.1503980698	3883576.0375609323
547947.2336900292	3853865.5894740727
558144.6249454955	3823602.224892913
568531.7913873753	3792775.6539473985
579112.2647641759	3761375.395271265
589889.6425508494	3729390.772438229
600867.5891719692	3696810.910331892
612049.837247669	3663624.731448104
623440.1888627863	3629820.9521284546
635042.5168595961	3598621.3340326436
646860.7661546321	3572901.3433035742
658898.9550799957	3546702.699170624
671161.1767496272	3520016.493812509
683651.6004510238	3492833.653631857
696374.4730628222	3465144.936170123
709334.1204987989	3436940.926965026
722534.9491787221	3408212.0363495387
735981.4475265755	3378948.496191309
749678.1874966878	3349140.3565713638
763629.8261282243	3318777.4824010604
777841.1071286482	3287849.549976025
792316.8624866261	3256346.043465981
807062.0141149492	3231760.1321419226
822081.575524054	3207924.011557573
837380.6535266489	3183644.296713293
852964.4499741016	3158912.732244423
868838.2635251193	3133720.90915256
885007.4914473438	3108060.261946422
901477.6314524917	3081922.065729465
918254.2835656281	3055297.4332333403
935343.1520292377	3028177.311796121
952750.0472427299	3000552.480284303
970480.8877380306	2972413.545957522
988541.7021919573	2943750.9412749116
1006938.6314760271	2917576.5565189826
1025677.9307444209	2895997.7847528695
1044765.9715608053	2874017.4283724283
1064209.2440647245	2851628.013819661
1084014.359178331	2828821.928452374
1104188.0508541602	2805591.4179558093
1124737.1783647507	2781928.5837060935
1145668.7286348727	2757825.380084616
1166989.8186171474	2733273.611742441
1188707.6977119034	2708264.9308137875
1210829.7502320393	2682790.834077676
1233363.4979137746	2656842.6600667355
1256316.6024741214	2630411.5861222125
1279696.8682159416	2610127.417214916
1303512.2446815087	2590315.0779581014
1327770.829355429	2570134.02769653
1352480.8704178738	2549577.4046556633
1377650.769549055	2528638.219362172
1403289.084785873	2507309.3522674437
1429404.533431761	2485583.551326848
1456005.9950206485	2463453.429533974
1483102.514336103	2440911.4624089613
1510703.3044866556	2417949.9854400996
1538817.7500383465	2394561.1914778166
1567455.410205595	2370737.128080153
1596626.022101425	2349205.053609717
1626339.5040481905	2331413.3151742145
1656605.9589499151	2313290.469459055
1687435.6777273756	2294830.354501428
1718839.1428171454	2276026.6936633405
1750827.0317357269	2256873.093497499
1783410.220710006	2237363.041573476
1816599.7883753285	2217489.9042633907
1850407.019542302	2197246.924486434
1884843.4090337954	2176627.2194113634
1919920.6655932867	2155623.7781162784
1955650.715865947	2134229.459204835
1992045.7084538713	2112436.9883780736
2029118.0180466783	2095965.7377510509
2066880.2496290822	2079742.1766630756
2105345.242766708	2063216.692342716
2144526.0759716653	2046383.6659472475
2184436.0711494284	2029237.3740663163
2225088.7981283693	2011771.9867759384
2266498.079273693	1993981.5656562469
2308677.994187172	1975860.0617723693
2351642.884494346	1957401.313617735
2395407.358720879	1938599.0450190713
2439986.29725955	1919446.8630024707
2485394.857429798	1899938.2556196835
2531648.478631358	1882480.9109107584
2578762.8875937983	1867995.3774858955
2626754.1037238385	1853240.2658191917
2675638.4445520453	1838210.5590137027
2725432.531281028	1822901.1468071681
2776153.2944368036	1807306.8238344814
2827817.979625338	1791422.2878578084
2880444.1533962977	1775242.1379637576
2934049.709215787	1758760.8727270311
2988652.873550383	1741972.8883398636
3044272.2120643063	1724872.476706672
3100926.6359319235	1707453.8235032547
3158635.408267819	1689711.0061998295
3217418.1506763715	1676484.7800391384
3277294.849923382	1663338.5194917852
3338285.8647317644	1649947.6047987293
3400411.9327037027	1636307.482904695
3463694.1773717343	1622413.5160212608
3528154.1153808828	1608260.9800499866
3593813.6638046256	1593845.0629761482
3660695.147596906	1579160.8632326096
3728821.30718283	1564203.3880332427
3798215.306190736	1548967.551675309
3868900.7393279755	1533448.1738102862
3940901.6404034477	1517639.977682481
4014242.490499326	1503628.727879994
4088948.226294856	1491936.2404971356
4165044.248545185	1480026.1539345323
4242556.430717777	1467894.4186344284
4321511.127789762	1455536.9096761025
4401935.1852088785	1442949.4253733566
4483855.948021181	1430127.6858459036
4567301.270168747	1417067.3315641466
4652299.523960189	1403763.9218669098
4738879.609717651	1390212.9334515536
4827070.965603188	1376409.7588360035
4916903.577628021	1362349.7047921687
5008407.989848212	1348027.9907501729
5101615.314749833	1337486.8664390284
5196557.243827657	1326908.7085366698
5293266.058360566	1316133.6893158106
5391774.640387494	1305158.1451538194
5492116.483887789	1293978.344247417
5594325.706169377	1282590.4853438379
5698437.0594691355	1270990.6964483503
5804485.942768984	1259175.0335077432
5912508.413831869	1247139.4790693086
6022541.201461928	1234879.9409148498
6134621.717992506	1222392.2506693052
6248788.072006888	1209672.1623834358
6365079.081295578	1198502.2028302727
6483534.286054714	1189117.6031925348
6604193.962330305	1179558.354558691
6727099.135712336	1169821.2066812087
6852291.595284057	1159902.8488248927
6979813.907830667	1149799.9086412017
7109709.432312423	1139508.951021619
7242022.334607315	1129026.4769296653
7376797.60252773	1118348.9222112065
7514081.061116962	1107472.656382587
7653919.388230155	1096393.981396234
7796360.130405221	1085109.1303832848
7941451.71902934	1073614.2663727973
8089243.486805938	1065254.056849101
8239785.684528512	1056781.0415110304
8393129.498166373	1048150.3419157831
8549327.066268368	1039359.0235325051
8708431.497690724	1030404.0972182171
8870496.889654402	1021282.518201487
9035578.34613892	1011991.185047164
9203731.99661823	1002526.9386018625
9375015.01514529	992886.5609198166
9549485.639791967	983066.7741687405
9727203.192450536	973064.2395153312
9908228.099003786	962875.5559900308
10092621.909870483	954009.4953567834
10280447.320933098	946504.6784715563
10471768.194855202	938860.1956671051
10666649.582795387	931073.4477369093
10865157.746525371	923141.7871027705
11067360.180959744	915062.5169146098
11273325.63710487	906832.8901335129
11483124.14543511	898450.108597699
11696827.039703846	889911.3220711238
11914506.981197748	881213.6272743631
12136237.983442418	872354.0668974689
12362095.437367693	863329.6285944545
12592156.13694151	854170.9278515419
12826498.3052806	847527.4768602761
13065201.621247198	840760.3901156402
13308347.24654076	833867.3667352252
13556017.853293689	826846.0630168127
13808297.652180923	819694.091641484
14065272.421052363	812409.0208619091
14327029.534098294	804988.3736755282
14593657.991557576	797429.6269823408
14865248.449978571	789730.2107270279
15141893.25304352	781887.507025102
15423686.462966273	773898.8492728004
15710723.892474487	765761.5212404104
16003103.137387017	758743.8042908148
16300923.609797413	752756.132640692
16604286.571875297	746657.0294023226
16913295.17029647	740444.4208148881
17228054.471313924	734116.1945245292
17548671.49648152	727670.1988661203
17875255.259042352	721104.2421316843
18207916.800994623	714416.0918251838
18546769.230846975	707603.4739034508
18891927.762076646	700664.0720029862
19243509.75230332	693595.526652373
19601634.743191857	686395.4344700304
19966424.501097932	679142.112477188
20338003.0584698	673845.9964490307
20716496.75602067	668451.3188004234
21102034.285685964	662956.2452828387
21494746.734379806	657358.9075120724
21894767.628566206	651657.4023329717
22302232.979659364	645849.7911723428
22717281.330269028	639934.0993798149
23140053.80130654	633908.3155564374
23570694.139967278	627770.3908707837
24009348.76860652	621518.2383623257
24456166.83452444	615149.7322318443
24911300.26067791	608662.7071186346
25374903.797335718	603117.9092802964
25847135.07469564	598347.6635986668
26328154.656480197	593488.6428332165
26818126.094530128	588539.1948645294
27317215.98441379	583497.6368269665
27825594.022071257	578362.2545364739
28343433.061513092	573131.3019077391
28870909.173592344	567803.0003605059
29408201.705870606	562375.5382148363
29955493.34359816	556847.0700751198
30512970.171828706	551215.7162026224
31080821.738690637	545479.5618763489
31659241.119835205	539744.005234695
32248424.98408439	535526.8705967395
32848573.66030047	531231.2543656004
33459891.20549975	526855.6959854756
34082585.47423452	522398.70771936927
34716868.189265594	517858.7741432474
35362955.013550386	513234.3516307772
36021065.62357073	508523.8678284764
36691423.78402494	503725.721121098
37374257.42391064	498838.2800870623
38069798.71402284	493859.88294375566
38778284.14589453	488788.83698250813
39499954.61220647	483623.41799305246
40235055.48869293	479247.4092446104
40983836.717572615	475450.5526097184
41746552.89253134	471583.03582679346
42523463.34528677	467643.54389845696
43314832.23376403	463630.7373550055
44120928.631911896	459543.25179897813
44942026.62119142	455379.697441243
45778405.38376616	451138.6586284565
46630349.29742726	446818.693361726
47498148.03228505	442418.33280631335
48382096.649259575	437936.08079221734
49282495.700405136	433370.413305457
50199651.33110079	428839.4648883189
51133875.38414321	425483.9344169599
52085485.50577665	422065.9569525649
53054805.25369574	418584.3703459687
54042164.20705915	415037.9908202109
55047898.078549676	411425.6125680412
56072348.82852027	407746.0073419306
57115864.78126434	403997.92403645493
58178800.74344935	400180.0882629062
59261518.124755524	396291.20191598416
60364385.060758635	392329.94273242855
61487776.53810017	388294.96384143503
62632074.521986924	384184.8933067039
63797668.08606282	380733.8693609078
64984953.54469889	377713.5187003294
66194334.587743886	374636.958800027
67426222.41778335	371503.14359648485
68681035.88995308	368311.00755876704
69959201.65435374	365059.4653262268
71261154.30111745	361747.4113394694
72587336.50817245	358373.71946445276
73938199.19175874	354937.2426095878
75314201.65974376	351436.81233571714
76715811.76779301	347871.23845883063
78143506.07844542	344239.30864539166
79597770.02314977	340662.231669095
81079098.06731695	337993.4868310334
82587993.87844272	335275.076197433
84124970.49736118	332506.07547938754
85690550.51268347	329685.543186817
87285266.2384837	326812.52030835155
88909659.89529167	323886.0299852555
90564283.79445294	320905.077179287
92249700.52592173	317868.64833437256
93966483.1495469	314775.7110319876
95715215.38991857	311625.2136401237
97496491.83484097	308416.0849557209
99310918.137498	305147.2338404492
101159111.22238298	302427.0091928581
103041699.49505854	300025.22256336285
104959323.05582266	297578.73827601393
106912633.91734771	295086.7244997934
108902296.22637327	292548.3339231663
110928986.48952228	289962.7034659864
112993393.80332193	287328.95398603805
115096220.0885031	284646.189980119
117238180.32865997	281913.4992795616
119420002.8133535	279129.952740083
121642429.3857368	276294.6039258683
123906215.6947913	273406.4887877695
126212131.45225461	270583.6385143341
128560960.69432965	268461.7135473692
130953502.04826704	266300.2991957109
133390569.00390588	264098.6605551911
135872990.19027063	261856.04904494932
138401609.65731302	259571.7021529077
140977287.16289675	257244.84317650986
143600898.46512634	254874.68095863232
146273335.620113	252460.4096185834
148995507.28528506	250001.2082780934
151768339.02834037	247496.24078220854
154592773.64194784	244944.65541499003
157469771.46430898	242345.58460992013
160400310.70568198	240202.11452707523
163385387.78098568	238292.634694461
166426017.64859018	236347.61911725206
169523234.15541214	234366.40646919515
172678090.38843593	232348.32311664274
175891659.03277326	230292.68288951085
179165032.73638958	228198.78684797254
182499324.48161504	226065.92304481188
185895667.9635688	223893.36628335482
189355217.9756299	221680.3778708936
192879150.80207777	219426.20536752368
196468664.61804405	217130.08233030522
200124979.8969035	214903.04464003377
203849339.82524642	213216.18953901596
207643010.7255779	211497.9417775398
211507282.48687947	209747.71713285267
215443469.00318778	207964.92050971696
219452908.62033114	206148.94573807062
223536964.59097964	204299.17536692505
227697025.53816846	202414.9804544229
231934505.92744273	200495.7203539926
236250846.547794	198540.74249651967
240647515.00154215	196549.38216846756
245126006.20333397	194520.9622858686
249687842.8884332	192454.79316410658
254334576.13046482	190766.18254014626
259067785.8688001	189248.30201576604
263889081.44575077	187702.17347655026
268800102.15376073	186127.27122213668
273802517.7927863	184523.0597687895
278898029.23804396	182888.99366732963
284088369.0183295	181224.51731767555
289375301.9050947	179529.0647799334
294760625.51248586	177802.05958197245
300246170.90855557	176042.91452341722
305833803.23784316	174251.03147599375
311525422.35554785	172425.80118015793
317322963.4734973	170669.1499178461
323228397.81813806	169328.29669011885
329243733.30077755	167962.48995566933
335371015.2002929	166571.26532549187
341612326.8585518	165154.14976822157
347969790.3887688	163710.66144929954
354445567.3970435	162240.3095671442
361041859.71733445	160742.5941862728
367760910.160103	159217.00606731846
374605003.2748981	157663.02649388247
381576466.1271245	156080.12709616558
388677669.0892668	154467.7696713173
395911026.6468467	152825.40600044042
403278998.21937054	151495.35255944438
410784088.99656343	150288.853230159
418428850.79015756	149059.90074306226
426215882.9015325	147808.0772410671
434147833.0055101	146532.9570906945
442227398.0505897	145234.10673735442
450457325.17594445	143911.08455793158
458840412.64547515	142563.44071062922
467379510.7992463	141190.71698201896
476077523.0226378	139792.44663124208
484937406.7335233	138368.15423131347
493962174.38783056	136917.35550747043
503154894.5038046	135531.91910577807
512518692.70533323	134466.15513825536
522056752.7846986	133380.55712195084
531772317.7850967	132274.75594184222
541668691.1033136	131148.37561361305
551749237.6129117	130001.03315581499
562017384.8083187	128832.3384596501
572476623.970219	127641.89415632919
583130511.3526218	126429.29548196257
593982669.3920338	125194.13013993503
605036787.9391212	123935.97816072135
616296625.5132942	122654.4117590924
627766010.5806513	121348.99518866296
639448842.8556936	120301.49326814518
651349094.6272782	119342.53258533162
663470812.1092337	118365.72548103779
675818116.816111	117370.7398303235
688395206.964551	116357.23732734665
701206358.9007177	115324.87337033608
714255928.5543104	114273.29694442268
727548352.9196217	113202.1505022908
741088151.5641569	112111.06984260888
754879928.1653446	110999.68398619637
768928372.0758306	109867.61504988729
783238259.9179205	108714.47811804498
797814457.2076613	107621.91220022108
812661920.0091946	106774.81773586523
827785696.619849	105911.9586993895
843190929.286625	105033.0417094246
858882855.9546258	104137.76792472323
874866812.0479896	103225.83294255259
891148232.2840202	102296.92669519236
907732652.5210242	101350.7333445098
924625711.6405733	100386.93117457083
941833153.4647961	99405.19248225237
959360828.7093127	98405.18346582138
977214696.9725724	97386.56411143686
995400828.7621539	96348.9880775431
1013925407.5588143	95524.09004546437
1032794731.9189526	94761.88536135801
1052015217.6161569	93985.49591838694
1071593399.8226712	93194.6577357747
1091535935.3313932	92389.10192001816
1111849604.81927	91568.55457346048
1132541315.1528125	90732.73670116214
1153618101.736476	89881.3641160411
1175087130.9048076	89014.14734224459
1196955702.3590453	88130.79151672569
1219231251.6491096	87230.99628898571
1241921352.7017846	86314.45571895184
1265033720.3959012	85452.90394119229
1288576213.185518	84779.60893254638
1312556835.7718453	84093.78378922444
1336983741.8249452	83395.19532328816
1361865236.7560828	82683.60600713165
1387209780.541618	81958.77389272049
1413025990.5995336	81220.45252932543
1439322644.7194095	80468.3908797278
1466108684.0469828	79702.33323486354
1493393216.1242533	78922.01912687888
1521185517.9861019	78127.18324056969
1549495039.3146317	77317.55532317006
1578331405.6521199	76492.8600924646
1607704421.673822	75843.30426557556
1637624074.521689	75237.4745696161
1668100537.2000556	74620.37027992943
1699144172.0346258	73991.78157440758
1730765534.1957276	73351.49472611782
1762975375.2872038	72699.29203063293
1795784647.0020967	72034.95173200872
1829204504.8462899	71358.24794738578
1863246311.9315598	70668.95059018565
1897921642.8391032	69966.82529188
1933242287.5550432	69251.63332230221
1969220255.4791734	68523.13150847625
2005867779.5082297	67843.77342856188
2043197320.1952705	67308.60259333494
2081221569.9863415	66763.47213780195
2119953457.536069	66208.19671173437
2159406152.1035676	65642.58751550413
2199593068.0300703	65066.45223589038
2240527869.3000183	64479.59498069005
2282224474.1869006	63881.81621211315
2324697059.9856453	63272.91267893756
2367960067.833079	62652.677347400815
2412028207.618002	62020.899330807624
2456916462.98279	61377.36381782465
2502640096.4179215	60721.851999443665
2549214654.4514203	60210.38899188133
2596655972.934872	59728.83102661017
2644980182.4277143	59238.31118566547
2694203713.6818824	58738.66268701577
2744343303.2283683	58229.71564478803
2795415999.067865	57711.29701150406
2847439166.4672475	57183.23051924277
2900430493.8639855	56645.33661970681
2954407998.8803797	56097.43242317451
3009390034.449724	55539.33163631557
3065395295.056536	54970.844498848994
3122442823.0928583	54391.77771902283
3180552015.3329134	53856.091099434125
3239742629.5281954	53430.684160466444
3300034791.1252885	52997.36032597902
3361449000.108775	52555.972261199146
3424006137.9714255	52106.36988942901
3487727474.8141704	51648.40034101769
3552634676.5781393	51181.907901384075
3618749812.411284	50706.7339580724
3686095362.1721687	50222.71694682202
3754694224.0733366	49729.692296634
3824569722.4669914	49227.49237381488
3895745615.775501	48715.94642497967
3968246104.5694857	48194.88051899403
4042095839.796318	47792.158169788425
4117319931.1616793	47409.35255537547
4193943955.6671777	47019.422863341664
4271993966.306777	46622.23651339012
4351496500.925055	46217.658457882346
4432478591.24041	45805.551135920214
4514967772.036101	45385.77442657393
4598992090.5224285	44958.18560123918
4684580115.873045	44522.639275108086
4771760948.938751	44078.98735773687
4860564232.142149	43627.07900269336
4951020159.556351	43166.76055626768
5043159487.171348	42744.35413315824
5137013543.351338	42406.167964041066
5232614239.486667	42061.6880927722
5329994080.844104	41710.79739248372
5429186177.618942	41353.37655655681
5530224256.192888	40989.304058056005
5633142670.601352	40618.456108408915
5737976414.21414	40240.70661531688
5844761131.633649	39855.927139882064
5953533130.81437	39463.98685293698
6064329395.408049	39064.75249056086
6177187597.338489	38658.08830876873
6292146109.610351	38243.856037357094
6409244019.35647	37926.74858751102
6528521141.127848	37622.41094843048
6650018030.431105	37312.40953410178
6773775997.517745	36996.63894070376
6899837121.430025	36674.99180283235
7028244264.308367	36347.35875699497
7159041085.964888	36013.62840442591
7292272058.728297	35673.68727320932
7427982482.56491	35327.4197796977
7566218500.481063	34974.70818921234
7707027114.212319	34615.43257601207
7850456200.204509	34249.47078251733
7996554525.892329	33916.3708020666
8145371766.280737	33647.48701198248
8296958520.834915	33373.59924881268
8451366330.684739	33094.61438776667
8608647696.149244	32810.437570985705
8768856094.587408	32520.972175290073
8932045998.58096	32226.119779326204
9098272894.455566	31925.780130102557
9267593301.146902	31619.851108902272
9440064789.417603	31308.22869656187
9615746001.432076	30990.80693810339
9794696670.695385	30667.47790670871
9976977642.36321	30338.131667023426
10162650893.929972	30088.420800020373
10351779556.301762	29846.428201337458
10544427935.261662	29599.93207921656
10740661533.334322	29348.848622320154
10940547072.057436	29093.09245956756
11144152514.667904	28832.576631107684
11351547089.20999	28567.21255875192
11562801312.07373	28296.910015856327
11777987011.97118	28021.57709664379
11997177354.358854	27741.12018495517
12220446866.314913	27455.443922418603
12447871461.879063	27164.451176026774
12679528467.864315	26901.74765660994
12915496650.148827	26687.923872278283
13155856240.457052	26470.12079093683
13400688963.639534	26248.264357191118
13650078065.460136	26022.279137463258
13904108340.900667	25792.088294343517
14162866162.991974	25557.61356046491
14426439512.181587	25318.77521189156
14694918006.248201	25075.492041011472
14968392930.772554	24827.681328925293
15246957270.1757	24575.258817320704
15530705739.334583	24318.138679823907
15819734815.786015	24056.233492817762
16114142772.530231	23859.568032182335
16414029711.444664	23667.1050789633
16719497597.31985	23471.060357436127
17030650292.528427	23271.367210283126
17347593592.339325	23067.95773968261
17670435260.889503	22860.762784222887
17999285067.824764	22649.711895386634
18334254825.62285	22434.733313597586
18675458427.61074	22215.7539438215
19023011886.689457	21992.699330713225
19377033374.77993	21765.49363330093
19737643263.002552	21534.05959919944
20104964162.604927	21326.837364113457
20479120966.650833	21156.75269740321
20860240892.485046	20983.502726104565
21248453524.988873	20807.028543360528
21643890860.6402	20627.27014604753
22046687352.394028	20444.16641437358
22456979955.397717	20257.655091096934
22874908173.55704	20067.672760358095
23300614106.96929	19874.154826117574
23734242500.23866	19677.035490192655
24175940791.69123	19476.24772988514
24625859163.505444	19271.723275193013
25084150592.775414	19063.39258559801
25550970903.525124	18908.467867416282
26026478819.690044	18755.347505013713
26510836019.085308	18599.377546612483
27004207188.377697	18440.50496074615
27506760079.080673	18278.67572902373
28018665564.59201	18113.83482776273
28540097698.292374	17945.926209280653
29071233772.725693	17774.89278283796
29612254379.880314	17600.676395226776
30163343472.591972	17423.217810998183
30724688427.090096	17242.456692321462
31296480106.707504	17058.331578468627
31878912926.77636	16894.826162899968
32472184920.731255	16759.48096354221
33076497807.442425	16621.616966994603
33692057059.802742	16481.187298012865
34319071974.590427	16338.144208996458
34957755743.632645	16192.43906375382
35608325526.29274	16044.022320965587
36271002523.30648	15892.843517340063
36946012051.993095	15738.851250455098
37633583622.865326	15581.993161280723
38333951017.6659	15422.21591637648
39047352368.85556	15259.46518975748
39774030240.58036	15093.685644423096
40514231711.14655	14971.596236179983
41268208457.02952	14849.719356072916
42036216838.44701	14725.574326488979
42818517986.52406	14599.118936780442
43615377892.080055	14470.310190752281
44427067496.06892	14339.104292042965
45253862781.70167	14205.456629233227
46096044868.284195	14069.321760677656
46953900106.80053	13930.653399054065
47827720177.27485	13789.404395625417
48717802187.94641	13645.526724208596
49624448776.28914	13498.971464845092
50547968211.912254	13369.902392519878
51488674501.37487	13262.140421777636
52446887494.95119	13152.372982423538
53422932995.38363	13040.562752345475
54417142868.658875	12926.671714860506
55429855156.84652	12810.661145788701
56461414193.036606	12692.491600286548
57512170718.41614	12572.122899435353
58582482001.525475	12449.514116579858
59672711959.7331	12324.623563412837
60783231282.972115	12197.408775800499
61914417559.77835	12067.826499344317
63066655405.67406	11935.832674674082
64240336593.94204	11839.561031236735
65435860188.83229	11742.485746967544
66653632681.24893	11643.603875140156
67894068126.96099	11542.881794852703
69157588287.38525	11440.285259512626
70444622772.99051	11335.779385192467
71755609189.36922	11229.328638768931
73090993286.02888	11120.896825841224
74451229107.95128	11010.447078424584
75836779149.97191	10897.941842414843
77248114514.03416	10783.342864819511
78685715069.36842	10666.611180751464
80150069615.6538	10564.65417744685
81641676049.21454	10478.780919496743
83161041532.30962	10391.30954560434
84708682665.57419	10302.210314560021
86285125663.66887	10211.452931665222
87890906534.19963	10119.006538431819
89526571259.96382	10024.839702090054
91192675984.59299	9928.920404900902
92889787201.64516	9831.216033269815
94618481947.21991	9731.693366657713
96379347996.15794	9630.318566285567
98172984061.88821	9527.057163628982
100000000000.0	9421.874048698393
