Frequency [GHz]	Zx real [Ohm/m]	Zy real [Ohm/m]
1.000000000000000166e-10	1.097272547210932032e+02	1.590409470582055746e+02
1.032794731918951654e-10	1.124644033224675184e+02	1.631981155924119662e+02
1.066664958279539403e-10	1.152913159784462493e+02	1.674916173542395370e+02
1.101645949633656381e-10	1.182109364771360873e+02	1.719259233553397905e+02
1.137774133221491146e-10	1.212263051473855597e+02	1.765056512329927330e+02
1.175087130904807540e-10	1.243405620248126411e+02	1.812355700586550995e+02
1.213623798344240958e-10	1.275569501216617283e+02	1.861206053042034512e+02
1.253424265461399975e-10	1.308788188038942337e+02	1.911658439710441542e+02
1.294529978227915867e-10	1.343096272790305648e+02	1.963765398874310790e+02
1.336983741824946476e-10	1.378529481983742357e+02	2.017581191795070197e+02
1.380829765218092491e-10	1.415124713773705878e+02	2.073161859217671861e+02
1.426113707194128486e-10	1.452920076379733416e+02	2.130565279728274390e+02
1.472882723907502473e-10	1.491954927770204904e+02	2.189851230025753068e+02
1.521185517986104510e-10	1.532269916647523473e+02	2.251081447169798082e+02
1.571072389247450498e-10	1.573907024777388983e+02	2.314319692870420795e+02
1.622595287078087593e-10	1.616909610706253773e+02	2.379631819885820505e+02
1.675807864530767868e-10	1.661322454912477440e+02	2.447085840597746369e+02
1.730765534195724819e-10	1.707191806438202093e+02	2.516751997835775398e+02
1.787525525904235329e-10	1.754565431050509687e+02	2.588702838024249218e+02
1.846146946324547531e-10	1.803492660982006157e+02	2.663013286728047433e+02
1.906690840512252406e-10	1.854024446302643696e+02	2.739760726675863793e+02
1.969220255479172543e-10	1.906213407976256917e+02	2.819025078342234565e+02
2.033800305846981002e-10	1.960113892657084591e+02	2.900888883172232795e+02
2.100498241653915480e-10	2.015782029283322743e+02	2.985437389535497914e+02
2.169383518385184289e-10	2.073275787526644933e+02	3.072758641499091823e+02
2.240527869300018610e-10	2.132655038158569880e+02	3.162943570511660596e+02
2.314005380130653023e-10	2.193981615396517668e+02	3.256086090094325982e+02
2.389892566231049743e-10	2.257319381294490483e+02	3.352283193636961300e+02
2.468268452255692806e-10	2.322734292245433210e+02	3.451635055401656018e+02
2.549214654451423314e-10	2.390294467664513434e+02	3.554245134838571971e+02
2.632815465648021228e-10	2.460070260924860008e+02	3.660220284322805355e+02
2.719157943036017723e-10	2.532134332619611712e+02	3.769670860424443504e+02
2.808331998823172083e-10	2.606561726226580618e+02	3.882710838827711655e+02
2.900430493863991314e-10	2.683429946254316292e+02	3.999457933018836684e+02
2.995549334359813486e-10	2.762819038950948993e+02	4.120033716866277587e+02
3.093787571730138678e-10	2.844811675659857428e+02	4.244563751220914014e+02
3.195247505759212065e-10	2.929493238908960961e+02	4.373177714668066187e+02
3.300034791125284578e-10	3.016951911323297395e+02	4.506009538567502659e+02
3.408258547423451742e-10	3.107278767453449291e+02	4.643197546522026755e+02
3.520031472796679687e-10	3.200567868615472094e+02	4.784884598419914710e+02
3.635469961293320139e-10	3.296916360841062215e+02	4.931218239201180040e+02
3.754694224073336536e-10	3.396424576039987073e+02	5.082350852502592033e+02
3.877828414589456106e-10	3.499196136480092036e+02	5.238439819341432440e+02
4.005000757873611052e-10	3.605338062693722350e+02	5.399647682003259206e+02
4.136343684063274911e-10	3.714960884922891751e+02	5.566142313304308118e+02
4.271993966306778827e-10	3.828178758219265774e+02	5.738097091404821413e+02
4.412092863191189219e-10	3.945109581318827168e+02	5.915691080355322811e+02
4.556786265841064474e-10	4.065875119415002246e+02	6.099109216563873588e+02
4.706224849841281415e-10	4.190601130958086173e+02	6.288542501378453835e+02
4.860564232142136024e-10	4.319417498613048565e+02	6.484188199985057963e+02
5.019965133110081441e-10	4.452458364512027629e+02	6.686250046828562290e+02
5.184593543892912175e-10	4.589862269942429407e+02	6.894938457770347213e+02
5.354620899273606527e-10	4.731772299616038140e+02	7.110470749203558398e+02
5.530224256192902378e-10	4.878336230669403903e+02	7.333071364354200341e+02
5.711586478126431938e-10	5.029706686550651966e+02	7.562972107003701012e+02
5.898896425508497150e-10	5.186041295952973087e+02	7.800412382876359061e+02
6.092349152400710261e-10	5.347502856960300051e+02	8.045639448943024945e+02
6.292146109610343618e-10	5.514259506576075864e+02	8.298908670900616471e+02
6.498495354469890483e-10	5.686484895811705655e+02	8.560483789095629845e+02
6.711611767496282870e-10	5.864358370516953300e+02	8.830637193168515751e+02
6.931717276155404727e-10	6.048065158140652784e+02	9.109650205704964492e+02
7.159041085964887260e-10	6.237796560616162651e+02	9.397813375189446106e+02
7.393819919175865964e-10	6.433750153572464114e+02	9.695426778566085204e+02
7.636298261282244400e-10	6.636129992078323312e+02	1.000280033372194907e+03
7.886728615614152294e-10	6.845146823133782163e+02	1.032025412221812303e+03
8.145371766280743462e-10	7.061018305130254475e+02	1.064811872260468817e+03
8.412497049736117954e-10	7.283969234507746933e+02	1.098673555466664084e+03
8.688382635251186617e-10	7.514231779845256369e+02	1.133645723495931406e+03
8.973315814583522479e-10	7.752045723628082214e+02	1.169764794400342680e+03
9.267593301146878953e-10	7.997658711943855678e+02	1.207068380552225790e+03
9.571521538991863169e-10	8.251326512367259056e+02	1.245595327811575544e+03
9.885417021919573871e-10	8.513313280302019166e+02	1.285385755977951476e+03
1.020960662306046580e-09	8.735167634314411771e+02	1.320393236660415369e+03
1.054442793526168950e-09	8.936788703829839733e+02	1.353111663360210969e+03
1.089022962263730067e-09	9.145021882269236357e+02	1.386903082092436080e+03
1.124737178364752061e-09	9.360084011972187454e+02	1.421802681343146105e+03
1.161622632608501755e-09	9.582199046564660421e+02	1.457846803595361052e+03
1.199717735435884489e-09	9.811598284171765272e+02	1.495072983174091860e+03
1.239062156947916503e-09	1.004852060827861010e+03	1.533519985332474334e+03
1.279696868215940940e-09	1.029321273649014756e+03	1.573227846619727416e+03
1.321664183946605026e-09	1.054592947744906496e+03	1.614237916572971699e+03
1.365007806546013663e-09	1.080693399617915702e+03	1.656592900776309307e+03
1.409772871628966933e-09	1.107649808813064283e+03	1.700336905332027754e+03
1.456005995020649598e-09	1.135490246221265124e+03	1.745515482790211763e+03
1.503755321299737753e-09	1.164243703310773753e+03	1.792175679584616091e+03
1.553070573933460069e-09	1.193940122317276746e+03	1.840366085024179483e+03
1.604003107056820079e-09	1.224610427424050158e+03	1.890136881891198300e+03
1.656605958949914401e-09	1.256286556964673082e+03	1.941539898698863908e+03
1.710933907269014249e-09	1.289001496681810295e+03	1.994628663662561621e+03
1.767043526088946692e-09	1.322789314076716437e+03	2.049458460441152965e+03
1.824993244816152494e-09	1.357685193885214176e+03	2.106086385706268175e+03
1.884843409033795523e-09	1.393725474717107772e+03	2.164571408599578717e+03
1.946656343342262358e-09	1.430947686897167614e+03	2.224974432139951205e+03
2.010496416260498236e-09	1.469390591547102304e+03	2.287358356644421747e+03
2.076430107255774870e-09	1.509094220949217970e+03	2.351788145229070778e+03
2.144526075971667793e-09	1.550099920233784815e+03	2.418330891457946564e+03
2.214855233726359314e-09	1.592450390433537905e+03	2.487055889210549140e+03
2.287490817355702788e-09	1.636189732950134385e+03	2.558034704840579707e+03
2.362508465477946229e-09	1.681363495478872892e+03	2.631341251701121109e+03
2.439986297259550245e-09	1.728018719439512779e+03	2.707051867113859316e+03
2.520004993764092080e-09	1.776203988962559833e+03	2.785245391862476026e+03
2.602647881969005809e-09	1.825969481482058200e+03	2.866003252293021887e+03
2.688001021537606561e-09	1.877367019987547565e+03	2.949409545106735550e+03
2.776153294436799262e-09	1.930450126989617729e+03	3.035551124933627761e+03
2.867196497493770032e-09	1.985274080255247782e+03	3.124517694778019631e+03
2.961225437988034610e-09	2.041895970370959503e+03	3.216401899430205503e+03
3.058338032378433485e-09	2.100374760193761631e+03	3.311299421941547280e+03
3.158635408267817403e-09	2.160771346251746309e+03	3.409309083263418870e+03
3.262222009711669644e-09	2.223148622158323633e+03	3.510532945153811397e+03
3.369205705980266915e-09	2.287571544106090187e+03	3.615076416458697622e+03
3.479697903887691433e-09	2.354107198508569127e+03	3.723048362878905209e+03
3.593813663804627762e-09	2.422824871860231269e+03	3.834561220336731822e+03
3.711671819475765297e-09	2.493796122887553793e+03	3.949731112060402666e+03
3.833395101766601886e-09	2.567094857066271288e+03	4.068677969508288697e+03
3.959110266468459240e-09	2.642797403582376774e+03	4.191525657258776846e+03
4.088948226294862618e-09	2.720982594817060999e+03	4.318402101995907287e+03
4.223044187206674123e-09	2.801731848438317684e+03	4.449439425725019646e+03
4.361537789208003199e-09	2.885129252184739016e+03	4.584774083357205200e+03
4.504573251759458750e-09	2.971261651429761969e+03	4.724547004805784127e+03
4.652299523960189308e-09	3.060218739617560914e+03	4.868903741742795319e+03
4.804870439655131104e-09	3.152093151664769721e+03	5.017994619168352983e+03
4.962444877628916452e-09	3.246980560425276963e+03	5.171974891950640085e+03
5.125186927053329472e-09	3.344979776318568383e+03	5.331004906499629215e+03
5.293266058360561204e-09	3.446192850225350412e+03	5.495250267742822871e+03
5.466857299720180771e-09	3.550725179757595924e+03	5.664882011576915829e+03
5.646141419303669251e-09	3.658685619013717314e+03	5.840076782974992966e+03
5.831305113526221869e-09	3.770186591933093496e+03	6.021017019934671225e+03
6.022541201461928965e-09	3.885344209368065549e+03	6.207891143458797160e+03
6.220048825634711276e-09	4.004278389995238740e+03	6.400893753766480586e+03
6.424033659394191079e-09	4.127112985192082306e+03	6.600225832938864187e+03
6.634708121092347870e-09	4.253975908008780607e+03	6.806094954210556352e+03
6.852291595284060743e-09	4.384999266369704856e+03	7.018715498124739497e+03
7.077010661181889919e-09	4.520319500643197898e+03	7.238308875777053800e+03
7.309099328602911004e-09	4.660077525722898827e+03	7.465103759380649535e+03
7.548799281653435948e-09	4.804418877768612219e+03	7.699336320392619200e+03
7.796360130405233414e-09	4.953493865759482105e+03	7.941250475449662190e+03
8.052039670825474778e-09	5.107457728017332556e+03	8.191098140369199427e+03
8.316104153230961616e-09	5.266470793863138169e+03	8.449139492480353510e+03
8.588828559546249041e-09	5.430698650574965541e+03	8.715643241557992951e+03
8.870496889654407999e-09	5.600312315821284756e+03	8.990886909642034880e+03
9.161402457138517586e-09	5.775488415749144224e+03	9.275157120033272804e+03
9.461848194721997291e-09	5.956409368912744867e+03	9.568749895766839472e+03
9.772146969725725887e-09	6.143263576233870481e+03	9.871970967873932750e+03
1.009262190987047331e-08	6.328333899403818577e+03	1.017504958837471349e+04
1.042360673976401127e-08	6.499372173989187104e+03	1.046244070626587745e+04
1.076544612842315905e-08	6.676019602937467425e+03	1.075925673882417868e+04
1.111849604819270880e-08	6.858460136962272372e+03	1.106580677359946640e+04
1.148312414543511117e-08	7.046883759391573221e+03	1.138241003458495834e+04
1.185971012337669343e-08	7.241486684005639290e+03	1.170939621463913318e+04
1.224864613750930795e-08	7.442471559363068991e+03	1.204710581880938662e+04
1.265033720395903769e-08	7.648681359838656135e+03	1.239411810071799846e+04
1.306520162124721228e-08	7.853785107134950522e+03	1.274230318608544985e+04
1.349367140588306343e-08	8.065615176839400192e+03	1.310190690798569995e+04
1.393619274224142065e-08	8.284392156892179628e+03	1.347330373754272659e+04
1.439322644719406651e-08	8.510343869355827337e+03	1.385688042656062498e+04
1.486524844997857277e-08	8.743705607656356733e+03	1.425303641026523474e+04
1.535275028780422776e-08	8.984720381604583963e+03	1.466218422325351639e+04
1.585623961771137302e-08	9.233476919640037522e+03	1.508453794738175384e+04
1.637624074521687477e-08	9.479013522273577109e+03	1.550587743033063998e+04
1.691329517029648562e-08	9.732602431966784934e+03	1.594103462866971859e+04
1.746796215127245689e-08	9.994507721970991042e+03	1.639046269067091634e+04
1.804081928719382751e-08	1.026500212574903890e+04	1.685462962548229552e+04
1.863246311931559514e-08	1.054436732098456559e+04	1.733401879048645787e+04
1.924350975230330612e-08	1.083289422290532821e+04	1.782912939464178271e+04
1.987459549580983990e-08	1.113088328722599545e+04	1.834047701833062820e+04
2.052637752709252173e-08	1.142601114566260730e+04	1.885195686592661150e+04
2.119953457536071000e-08	1.172904318389699802e+04	1.937787377344116612e+04
2.189476762856620985e-08	1.204201307658814039e+04	1.992103798494930379e+04
2.261280066337277307e-08	1.236524673300879113e+04	2.048201512116181766e+04
2.335438139906479724e-08	1.269908075053895118e+04	2.106138935216910613e+04
2.412028207618007283e-08	1.304386276517942679e+04	2.165976400576300875e+04
2.491130026067788373e-08	1.339995181356051216e+04	2.227776219570860849e+04
2.572825967447932303e-08	1.375442386822078333e+04	2.289836493854813307e+04
2.657201105324503850e-08	1.411584392547192692e+04	2.353310691609760033e+04
2.744343303228365032e-08	1.448911665661076586e+04	2.418866508663852073e+04
2.834343306151309448e-08	1.487463076689995069e+04	2.486572211163959946e+04
2.927294835042816131e-08	1.527278770908703700e+04	2.556498304026942424e+04
3.023294684405776334e-08	1.568400210145482015e+04	2.628717604359506367e+04
3.122442823092858392e-08	1.610870215958153312e+04	2.703305317285853744e+04
3.224842498408442807e-08	1.653382091226648845e+04	2.778526810737638880e+04
3.330600343624588813e-08	1.696399795918153541e+04	2.855023443469605627e+04
3.439826489022924478e-08	1.740828254702784398e+04	2.934028762764719431e+04
3.552634676578139226e-08	1.786713732882829208e+04	3.015625040326288581e+04
3.669142378402493899e-08	1.834104013018763362e+04	3.099897245936076069e+04
3.789470919074667737e-08	1.883048444687318261e+04	3.186933135937052430e+04
3.913745601980383687e-08	1.933597995871368403e+04	3.276823344617937983e+04
4.042095839796305955e-08	1.984502728857823604e+04	3.367895100107328471e+04
4.174655289253134782e-08	2.035592645110327794e+04	3.459940826397095952e+04
4.311561990318228626e-08	2.088358041470096578e+04	3.555005167604824965e+04
4.452958509942655287e-08	2.142853864858078668e+04	3.653187118397508311e+04
4.598992090522439315e-08	2.199136864164773215e+04	3.754588919945719681e+04
4.749814803228499868e-08	2.257265649345324346e+04	3.859316166391802108e+04
4.905583706365045989e-08	2.317300752452646702e+04	3.967477914809693902e+04
5.066461008921269181e-08	2.378154324836861997e+04	4.077608150134080643e+04
5.232614239486661694e-08	2.438690261292446667e+04	4.188175515009519586e+04
5.404216420705915059e-08	2.501211457555555535e+04	4.302368906975034042e+04
5.581446249454960394e-08	2.565783019689364664e+04	4.420307240616973286e+04
5.764488282925879445e-08	2.632472188892942722e+04	4.542113330293671606e+04
5.953533130814369715e-08	2.701348411522447350e+04	4.667914018027409475e+04
6.148777653810024108e-08	2.772483411408676693e+04	4.797840305590594653e+04
6.350425168595962148e-08	2.845102583122220676e+04	4.930847460430453066e+04
6.558685659571428548e-08	2.916653250592683617e+04	5.063419529914647865e+04
6.773775997517751128e-08	2.990550403021465172e+04	5.200339264877522510e+04
6.995920165435375620e-08	3.066870992753720566e+04	5.341749245842915116e+04
7.225349491787214948e-08	3.145694495766141335e+04	5.487796729224731826e+04
7.462302891391107044e-08	3.227102994428766397e+04	5.638633800671490462e+04
7.707027114212294845e-08	3.311181262980956672e+04	5.794417533439787076e+04
7.959777002314985573e-08	3.397679583741342503e+04	5.954834379751546658e+04
8.220815755240541849e-08	3.482025373595810379e+04	6.113474019517839770e+04
8.490415204088747078e-08	3.569137261017046694e+04	6.277316203741986828e+04
8.768856094587425811e-08	3.659105959433216049e+04	6.446531548474779993e+04
9.056428379445295063e-08	3.752025157195045176e+04	6.621296265074664552e+04
9.353431520292386860e-08	3.847991615137593180e+04	6.801792343704326777e+04
9.660174799522647250e-08	3.947105267341579747e+04	6.988207742845072062e+04
9.976977642363202159e-08	4.049469325199102605e+04	7.180736585026202374e+04
1.030416994950587396e-07	4.149079746507427626e+04	7.370821695139729127e+04
1.064209244064724761e-07	4.251479188145500666e+04	7.566455997246335028e+04
1.099109700929497372e-07	4.357236792020739813e+04	7.768506073844674393e+04
1.135154708920999096e-07	4.466462688163458370e+04	7.977182328539258742e+04
1.172381803286598596e-07	4.579270618288784317e+04	8.192702065064401540e+04
1.210829750232039531e-07	4.695778054240901838e+04	8.415289713572131586e+04
1.250538587290391570e-07	4.816106320321638486e+04	8.645177064341148071e+04
1.291549665014884007e-07	4.933953914429466386e+04	8.873231522697345645e+04
1.333905690039058854e-07	5.053959947071786883e+04	9.106276667104978696e+04
1.377650769549053468e-07	5.177901545383267512e+04	9.346964464548473188e+04
1.422830457214352017e-07	5.305907775184979982e+04	9.595545553785293305e+04
1.469491800624817218e-07	5.438111934976999328e+04	9.852278793203757959e+04
1.517683390283405561e-07	5.574651694747964939e+04	1.011743153038363234e+05
1.567455410205594968e-07	5.715669239336896862e+04	1.039127988049689593e+05
1.618859690178197646e-07	5.854764231939254387e+04	1.066437890314382093e+05
1.671949759731990056e-07	5.994949372950958787e+04	1.094127505596215051e+05
1.726780903884356132e-07	6.139731848081159114e+04	1.122725194388153759e+05
1.783410220710008120e-07	6.289262425669814547e+04	1.152260736717525724e+05
1.841896680799711039e-07	6.443696818464177341e+04	1.182764889239670301e+05
1.902301188668944219e-07	6.603195845769297739e+04	1.214269417266193486e+05
1.964686646180446931e-07	6.767925600916227268e+04	1.246807127843580383e+05
2.029118018046678038e-07	6.931687361641287862e+04	1.279445468744862301e+05
2.095662399480432992e-07	7.094877882176013372e+04	1.312252747928070021e+05
2.164389086064020114e-07	7.263420192083390430e+04	1.346135933037081268e+05
2.235369645909794139e-07	7.437489801861181331e+04	1.381130308118302783e+05
2.308677994187169850e-07	7.617267977826876449e+04	1.417272314348985383e+05
2.384390470093720426e-07	7.802941930878239509e+04	1.454599587985014950e+05
2.462585916350547006e-07	7.994705011444253614e+04	1.493150999553203874e+05
2.543345761304648365e-07	8.186993656745832413e+04	1.532072586593440210e+05
2.626754103723835758e-07	8.376260459711206204e+04	1.570823472389714734e+05
2.712897800372467241e-07	8.571734216740990814e+04	1.610845183097301342e+05
2.801866556459195443e-07	8.773618483229752746e+04	1.652179395078480011e+05
2.893753019050950594e-07	8.982123490116668108e+04	1.694869151460662542e+05
2.988652873550382326e-07	9.197466362808198028e+04	1.738958906959083397e+05
3.086664943337274455e-07	9.419871347280312330e+04	1.784494574169449625e+05
3.187891292677645596e-07	9.645014445373827766e+04	1.830799551952822658e+05
3.292437333007768907e-07	9.863651663538090361e+04	1.876415654204147868e+05
3.400411932703706463e-07	1.008945903065955499e+05	1.923527724299992842e+05
3.511927530450727317e-07	1.032267168985109020e+05	1.972184822104777559e+05
3.627100252330649086e-07	1.056353249568093161e+05	2.022437616388026509e+05
3.746050032748993774e-07	1.081229226706773188e+05	2.074338437587971275e+05
3.868900739327976195e-07	1.106921004846938304e+05	2.127941332305541146e+05
3.995780301895269929e-07	1.133202148296531232e+05	2.182889146091793955e+05
4.126820845702951630e-07	1.158350971769999305e+05	2.236386247002370073e+05
4.262158829015325345e-07	1.184324544167357381e+05	2.291637770995750907e+05
4.401935185208874400e-07	1.211149912908463593e+05	2.348701253906606871e+05
4.546295469532399562e-07	1.238855012426061439e+05	2.407636118441885919e+05
4.695390010680058238e-07	1.267468693255126564e+05	2.468503736060279189e+05
4.849374067335232931e-07	1.297020752076195495e+05	2.531367490881012636e+05
5.008407989848212921e-07	1.327541962743955664e+05	2.596292845688513480e+05
5.172657387216018967e-07	1.356394543060120777e+05	2.658870541487048031e+05
5.342293299538352136e-07	1.386133929962207621e+05	2.723400831926083192e+05
5.517492376129122323e-07	1.416848612085182394e+05	2.790047375940718921e+05
5.698437059469141914e-07	1.448570573974357103e+05	2.858879575499641360e+05
5.885315775191450570e-07	1.481332849099629093e+05	2.929969108590488322e+05
6.078323128297229089e-07	1.515169554254689720e+05	3.003390003861292498e+05
6.277660105806500796e-07	1.550115925084331247e+05	3.079218717709752382e+05
6.483534286054720147e-07	1.583432804499616614e+05	3.152740073140997556e+05
6.696160054853222944e-07	1.617316425901010225e+05	3.227764207936829189e+05
6.915758828738524922e-07	1.652311251582704717e+05	3.305248739120739046e+05
7.142559285543126448e-07	1.688453723191180616e+05	3.385274354732690263e+05
7.376797602527731619e-07	1.725781477466945362e+05	3.467924388955285540e+05
7.618717702322991504e-07	1.764333385437319812e+05	3.553284908893302199e+05
7.868571506936852863e-07	1.804149592894547968e+05	3.641444804199151695e+05
8.126619200091945450e-07	1.842472030133473163e+05	3.727506906747549656e+05
8.393129498166364485e-07	1.880873002595236176e+05	3.814291684264426585e+05
8.668379930019773693e-07	1.920533324654309254e+05	3.903922545294613810e+05
8.952657125996391396e-07	1.961494296343129245e+05	3.996492826383952051e+05
9.246257116405743783e-07	2.003798572117625154e+05	4.092098925025280332e+05
9.549485639791965964e-07	2.047490205275169574e+05	4.190840400041363901e+05
9.862658461312820294e-07	2.092614693829216994e+05	4.292820075259882724e+05
1.018610170155975315e-06	2.136511309025651426e+05	4.393157980825069826e+05
1.052015217616159169e-06	2.179783694626878132e+05	4.492986015012973803e+05
1.086515774652537176e-06	2.224475186513387598e+05	4.596087882820058148e+05
1.122147768207980340e-06	2.270632323895376467e+05	4.702570948742227047e+05
1.158948303439811928e-06	2.318303172223953297e+05	4.812546098265220644e+05
1.196955702359042833e-06	2.367537373243811890e+05	4.926127853334560641e+05
1.236209543736769070e-06	2.418386196687364427e+05	5.043434491612290731e+05
1.276750704319264407e-06	2.468443273172812187e+05	5.159902022449151264e+05
1.318621401394748678e-06	2.516905114306970790e+05	5.274021384783872636e+05
1.361865236756082925e-06	2.566956248529423028e+05	5.391883261013122974e+05
1.406527242105236574e-06	2.618648796280936222e+05	5.513610385876768269e+05
1.452653925946781372e-06	2.672036587278171792e+05	5.639329519167590188e+05
1.500293322019216825e-06	2.727175216568902833e+05	5.769171577731758589e+05
1.549495039314631713e-06	2.784122102425604826e+05	5.903271771798352711e+05
1.600310313738701654e-06	2.840930074397932622e+05	6.037809211488222936e+05
1.652792061464893799e-06	2.894843050344334333e+05	6.167367053230901947e+05
1.706994934038407828e-06	2.950524087883854518e+05	6.301173709661539178e+05
1.762975375287203917e-06	3.008031170122448239e+05	6.439368519518780522e+05
1.820791680099462520e-06	3.067424181706502568e+05	6.582095391117890831e+05
1.880504055128583443e-06	3.128764971183313755e+05	6.729502952208723873e+05
1.942174681489024486e-06	3.192117415406710934e+05	6.881744704748347867e+05
2.005867779508234000e-06	3.256252878875957686e+05	7.036329915558452485e+05
2.071649675602067297e-06	3.315798730501592509e+05	7.182288398446606006e+05
2.139588871343421664e-06	3.377297372368179495e+05	7.333033550652383128e+05
2.209756114795903333e-06	3.440812845708161476e+05	7.488722349712830037e+05
2.282224474186896537e-06	3.506411291969028534e+05	7.649516921201238874e+05
2.357069413996727979e-06	3.574161021689324989e+05	7.815584707555641653e+05
2.434368873543112862e-06	3.644132585633380222e+05	7.987098642443910940e+05
2.514203348142796913e-06	3.716135209409378585e+05	8.163677776416012784e+05
2.596655972934872394e-06	3.781389256794417161e+05	8.326712706260831328e+05
2.681812609453013329e-06	3.848783293170070392e+05	8.495094322923324071e+05
2.769761935036891063e-06	3.918387498901603976e+05	8.668997969564353116e+05
2.860595535175745131e-06	3.990274355900533847e+05	8.848604739676704630e+05
2.954407998880380251e-06	4.064518723103235825e+05	9.034101665665707551e+05
3.051297017182871440e-06	4.141197914424846531e+05	9.225681913614320802e+05
3.151363484866476280e-06	4.220391779269606923e+05	9.423544984435363440e+05
3.254711605531848180e-06	4.292444136535009020e+05	9.606460304342271993e+05
3.361449000108768764e-06	4.365671826148359687e+05	9.792760137995117111e+05
3.471686818926559579e-06	4.441300998211620608e+05	9.985169624749138020e+05
3.585539857459816780e-06	4.519410408697952516e+05	1.018388912903993274e+06
3.703126675869923221e-06	4.600081396361526567e+05	1.038912558620099910e+06
3.824569722466998750e-06	4.683397967439169879e+05	1.060109271795467241e+06
3.949995461220647668e-06	4.769446883129710332e+05	1.082001125496983528e+06
4.079534503452449404e-06	4.848782559802299947e+05	1.102435389534120215e+06
4.213321743847289341e-06	4.927611894191626343e+05	1.122830644928209251e+06
4.351496500925044872e-06	5.009026415469594649e+05	1.143894757255364675e+06
4.494202662119142613e-06	5.093110904147189576e+05	1.165649661499401322e+06
4.641588833612781958e-06	5.179952921089509036e+05	1.188118011996043613e+06
4.793808495089106764e-06	5.269642898696745979e+05	1.211323206023882609e+06
4.951020159556351225e-06	5.362274235075435136e+05	1.235289408168993657e+06
5.113387538414320594e-06	5.448979085985976271e+05	1.257924019700488774e+06
5.281079711934330620e-06	5.532977619714826578e+05	1.279989953632969642e+06
5.454271305329836335e-06	5.619730862838901812e+05	1.302779533953307196e+06
5.633142670601352205e-06	5.709329155314324889e+05	1.326316492450794438e+06
5.817880074344935696e-06	5.801865799771881429e+05	1.350625339192395331e+06
6.008675891719681185e-06	5.897437158677094849e+05	1.375731388046144973e+06
6.205728806776500758e-06	5.996142754676741315e+05	1.401660783041598508e+06
6.409244019356456972e-06	6.090129172678127652e+05	1.426498091421732213e+06
6.619433458774388568e-06	6.178636606259305263e+05	1.450059782943357481e+06
6.836516004510238809e-06	6.270046617397618247e+05	1.474394173821993172e+06
7.060717714137765353e-06	6.364454395345912781e+05	1.499526604525902774e+06
7.292272058728313350e-06	6.461958251063093776e+05	1.525483246557220584e+06
7.531420165974376510e-06	6.562659719589581946e+05	1.552291129705471685e+06
7.778411071286482598e-06	6.666663665780235315e+05	1.579978170194882434e+06
8.033501977124735881e-06	6.767629771579625085e+05	1.606949912210947834e+06
8.296958520834915102e-06	6.859736071709928801e+05	1.631742434398793150e+06
8.569055051268345481e-06	6.954862973261047155e+05	1.657348020705381874e+06
8.850074914473438512e-06	7.053109536046822323e+05	1.683793335350524401e+06
9.140310748756224233e-06	7.154578068521107780e+05	1.711105916999964975e+06
9.440064789417603028e-06	7.259374234316102229e+05	1.739314207442615181e+06
9.749649183484097127e-06	7.367607162274479633e+05	1.768447581208224175e+06
1.006938631476026946e-05	7.474994695123134879e+05	1.797399125746749807e+06
1.039960913954120295e-05	7.569526958574468736e+05	1.823062281104936963e+06
1.074066153333432437e-05	7.667159382263375446e+05	1.849567052763288608e+06
1.109289864895222712e-05	7.767993635113761993e+05	1.876941041302750120e+06
1.145668728634872662e-05	7.872134720254625427e+05	1.905212752457916271e+06
1.183240627458378028e-05	7.979691084364426788e+05	1.934411626801304286e+06
1.222044686631488820e-05	8.090774730601391057e+05	1.964568070401120465e+06
1.262121314522546164e-05	8.203727955953564961e+05	1.995243452967008809e+06
1.303512244681508904e-05	8.299249526081491495e+05	2.021322757189413765e+06
1.346260579298911035e-05	8.397903700494242366e+05	2.048257325202425709e+06
1.390410834090069648e-05	8.499793212109536398e+05	2.076075205152774695e+06
1.436008984651260800e-05	8.605024162943614647e+05	2.104805365018651355e+06
1.483102514336102853e-05	8.713706134599864017e+05	2.134477722775315866e+06
1.531740463702079875e-05	8.825952302381013287e+05	2.165123177550015505e+06
1.581973481578601704e-05	8.941879553143474041e+05	2.196773641798585653e+06
1.633853877809860416e-05	9.038106540580450092e+05	2.223108004763778765e+06
1.687435677727375848e-05	9.136041788059750106e+05	2.249914652746011037e+06
1.742774678408917511e-05	9.237188795725542586e+05	2.277600417562464252e+06
1.799928506782476860e-05	9.341652892392147332e+05	2.306194129614046775e+06
1.858956679635688644e-05	9.449542861104088370e+05	2.335725564786928240e+06
1.919920665593282809e-05	9.560971052416674793e+05	2.366225475459483452e+06
1.982883949127071257e-05	9.676053501391578466e+05	2.397725622526100371e+06
2.047912096665083489e-05	9.773351254416771699e+05	2.424340571869576816e+06
2.115072824868794552e-05	9.868605002018625382e+05	2.450391298090658151e+06
2.184436071149428344e-05	9.966982570737358183e+05	2.477296350894453935e+06
2.256074066496859061e-05	1.006858640544905211e+06	2.505083747692213859e+06
2.330061410696924993e-05	1.017352231068206253e+06	2.533782424718683586e+06
2.406475150015422205e-05	1.028189956079585245e+06	2.563422267164662946e+06
2.485394857429798490e-05	1.039383101377324550e+06	2.594034140297780279e+06
2.566902715491951889e-05	1.049051386832346674e+06	2.620402450007411651e+06
2.651083601908536550e-05	1.058095855262992904e+06	2.645025861459518783e+06
2.738025177927857720e-05	1.067436934611172182e+06	2.670456791089129169e+06
2.827817979625344298e-05	1.077084352152408799e+06	2.696721721238392405e+06
2.920555512182745176e-05	1.087048154165619519e+06	2.723848002730769105e+06
3.016334347259197422e-05	1.097338716394748073e+06	2.751863883352648467e+06
3.115254223555484670e-05	1.107966754853475140e+06	2.780798537268992979e+06
3.217418150676372115e-05	1.117378534345622640e+06	2.806319678935376927e+06
3.322932516398975161e-05	1.125720754515611567e+06	2.828835536179565825e+06
3.431907197459042598e-05	1.134336555559683824e+06	2.852089794926002156e+06
3.544455673970434785e-05	1.143234909489263548e+06	2.876106670854003634e+06
3.660695147596898513e-05	1.152425082550483523e+06	2.900911173789593391e+06
3.780746663599348950e-05	1.161916644873535726e+06	2.926529133749339264e+06
3.904735236885563870e-05	1.171719480438464321e+06	2.952987227838275954e+06
4.032789982193704951e-05	1.180656442259427626e+06	2.977003455853924621e+06
4.165044248545185317e-05	1.188076472061750712e+06	2.996762171614710707e+06
4.301635758106790800e-05	1.195739839752271306e+06	3.017168869161933661e+06
4.442706749606882658e-05	1.203654525531799300e+06	3.038244798884569667e+06
4.588404126454761567e-05	1.211828771309689619e+06	3.060011908072402701e+06
4.738879609717651733e-05	1.220271089286505012e+06	3.082492863770699594e+06
4.894289896114532395e-05	1.228990270818145014e+06	3.105711076384405140e+06
5.054796821191235987e-05	1.237216090845839586e+06	3.127530522315413225e+06
5.220567527846975100e-05	1.243506927482987056e+06	3.143954060151050333e+06
5.391774640387505993e-05	1.250004070421195589e+06	3.160916203507167753e+06
5.568596444286408510e-05	1.256714285420301137e+06	3.178434615807417780e+06
5.751217071841613668e-05	1.263644560121421702e+06	3.196527539742702618e+06
5.939826693920350535e-05	1.270802111323489342e+06	3.215213816268073395e+06
6.134621717992506365e-05	1.278194392498425674e+06	3.234512904222657904e+06
6.335804992658254750e-05	1.285462335485445568e+06	3.253439257155132014e+06
6.543586018883229940e-05	1.290442256206882652e+06	3.266059181919567753e+06
6.758181168161109969e-05	1.295585492093357258e+06	3.279092973733491730e+06
6.979813907830652742e-05	1.300897399021924473e+06	3.292554205255839508e+06
7.208715033782136410e-05	1.306383508514192654e+06	3.306456894257262349e+06
7.445122910795143767e-05	1.312049533496537944e+06	3.320815518217439763e+06
7.689283720758306707e-05	1.317901374249224784e+06	3.335645029401115142e+06
7.941451719029339520e-05	1.323945124550628942e+06	3.350960870428549126e+06
8.201889499202211654e-05	1.327488817281030118e+06	3.359500871674530208e+06
8.470868266557401581e-05	1.331128997593400534e+06	3.368267729951499030e+06
8.748668120479914808e-05	1.334888556643252261e+06	3.377322094995432999e+06
9.035578346138921401e-05	1.338771409424277022e+06	3.386673395513677970e+06
9.331897715733240167e-05	1.342781599321336485e+06	3.396331369425513316e+06
9.637934799615796556e-05	1.346923302321013995e+06	3.406306074002667330e+06
9.954008287621519404e-05	1.351200831360253738e+06	3.416607896342399530e+06
1.028044732093309733e-04	1.353517959970634198e+06	3.421706850746479817e+06
1.061759183482999177e-04	1.355555281117296312e+06	3.426034580802809447e+06
1.096579291267809898e-04	1.357659415664795553e+06	3.430504237606153358e+06
1.132541315152812739e-04	1.359832554740701802e+06	3.435120475606133696e+06
1.169682703970384685e-04	1.362076961330024758e+06	3.439888101893796586e+06
1.208042134677328878e-04	1.364394972631761804e+06	3.444812081207453739e+06
1.247659552630868559e-04	1.366789002492724452e+06	3.449897541102676652e+06
1.288576213185518274e-04	1.367744732875509653e+06	3.451267039525337983e+06
1.330834724654076035e-04	1.368136591980681289e+06	3.451157819070355035e+06
1.374479092677536609e-04	1.368541302000156837e+06	3.451045016759831458e+06
1.419554766050101292e-04	1.368959284376225900e+06	3.450928515127773862e+06
1.466108684046983103e-04	1.369390974372265162e+06	3.450808192855925299e+06
1.514189325304352018e-04	1.369836821525996551e+06	3.450683924647427630e+06
1.563846758302247630e-04	1.370297290117611643e+06	3.450555581096345559e+06
1.615132693503089671e-04	1.369787250166739570e+06	3.448003246738715097e+06
1.668100537200059119e-04	1.368552011566232424e+06	3.443627830988760106e+06
1.722805447131392292e-04	1.367276263646966079e+06	3.439108924652250949e+06
1.779304389918577296e-04	1.365958677916691173e+06	3.434441821993869729e+06
1.837656200388172322e-04	1.364597882315611467e+06	3.429621662954968400e+06
1.897921642839099502e-04	1.363192459787598113e+06	3.424643428092579823e+06
1.960163474319185771e-04	1.361740946804545354e+06	3.419501933352448978e+06
2.024446509976801894e-04	1.359698630142274778e+06	3.412944937267628964e+06
2.090837690555749911e-04	1.356914621739364462e+06	3.404624138959913980e+06
2.159406152103567479e-04	1.354039312527220463e+06	3.396030462302345783e+06
2.230223297965936195e-04	1.351069708320280537e+06	3.387154958322594874e+06
2.303362873142131230e-04	1.348002716739468277e+06	3.377988384569182061e+06
2.378901041078890991e-04	1.344835143991966033e+06	3.368521195486911573e+06
2.456916462982790305e-04	1.341563691545375157e+06	3.358743532476661261e+06
2.537490379733572054e-04	1.337966253458575811e+06	3.348216170985427685e+06
2.620706696483850184e-04	1.333765907534016995e+06	3.336392233570348006e+06
2.706652070033241614e-04	1.329427812390895095e+06	3.324180533297514077e+06
2.795415999067858812e-04	1.324947450580515433e+06	3.311568353587957565e+06
2.887090917359234942e-04	1.320320156505665043e+06	3.298542560825914145e+06
2.981772290019673471e-04	1.315541111562119098e+06	3.285089590682206210e+06
3.079558712914223133e-04	1.310605339120821329e+06	3.271195433989122044e+06
3.180552015332919840e-04	1.305476966657104203e+06	3.256849454821770545e+06
3.284857366030047169e-04	1.300036736819528276e+06	3.242050920651848428e+06
3.392583382740992125e-04	1.294418096102852141e+06	3.226767072521030903e+06
3.503842245290676185e-04	1.288615193570123287e+06	3.210981994688072242e+06
3.618749812411276696e-04	1.282621986404482042e+06	3.194679249459262937e+06
3.737425742391064479e-04	1.276432233616508543e+06	3.177841860071131028e+06
3.859993617679771628e-04	1.270039489545208868e+06	3.160452293011799920e+06
3.986581073580439268e-04	1.263451685631758766e+06	3.142549455016902648e+06
4.117319931161679482e-04	1.256978958709022962e+06	3.125353602357414551e+06
4.252346334528677710e-04	1.250293960442071781e+06	3.107593816319842357e+06
4.391800892596086085e-04	1.243389729449076811e+06	3.089251602860228624e+06
4.535828825510190908e-04	1.236259076051560231e+06	3.070307861427406780e+06
4.684580115873045679e-04	1.228894574787465390e+06	3.050742865072754212e+06
4.838209664925957392e-04	1.221288556678697467e+06	3.030536239907654934e+06
4.996877453854878855e-04	1.213433101245082216e+06	3.009666943887280766e+06
5.160748710385908026e-04	1.206075636043143691e+06	2.990430292200426571e+06
5.329994080844092930e-04	1.198555485700286226e+06	2.970803807022053748e+06
5.504789807854968417e-04	1.190788714042945532e+06	2.950533676523745991e+06
5.685317913873753860e-04	1.182767233191225678e+06	2.929598792529782746e+06
5.871766390733249843e-04	1.174482690025381278e+06	2.907977354627484456e+06
6.064329395408061141e-04	1.165926457487341715e+06	2.885646847465476952e+06
6.263207452198691922e-04	1.157089625596980797e+06	2.862584017307477072e+06
6.468607661546321112e-04	1.148940776089433115e+06	2.841536294796577655e+06
6.680743915695614441e-04	1.140819106246086536e+06	2.820632823972566053e+06
6.899837121430011690e-04	1.132431088417493738e+06	2.799043829426706303e+06
7.126115430111745839e-04	1.123767987792880274e+06	2.776746829592314549e+06
7.359814475265771296e-04	1.114820783105695620e+06	2.753718605625757016e+06
7.601177617955324041e-04	1.105580157239371212e+06	2.729935177227647509e+06
7.850456200204509452e-04	1.096036487524997210e+06	2.705371777671107557e+06
8.107909806731678154e-04	1.087220013058496872e+06	2.682829229583582375e+06
8.373806535266489033e-04	1.078720149162006332e+06	2.661193352060322650e+06
8.648423275731726865e-04	1.069941534507682780e+06	2.638847931733855046e+06
8.932045998580959026e-04	1.060875027539151255e+06	2.615769699338167440e+06
9.224970052592174194e-04	1.051511186905144947e+06	2.591934622497898061e+06
9.527500472427299482e-04	1.041840261627814616e+06	2.567317880702383816e+06
9.839952296278227113e-04	1.031852180948606576e+06	2.541893839458969887e+06
1.016265089392995313e-03	1.022502383862582617e+06	2.518189582587729208e+06
1.049593230558226731e-03	1.013827512183359126e+06	2.496303043821336236e+06
1.084014359178331072e-03	1.004868150412983261e+06	2.473698741883464623e+06
1.119564319483879432e-03	9.956149687751833117e+05	2.450353137923324946e+06
1.156280131207375458e-03	9.860583315261745593e+05	2.426241921139828395e+06
1.194200028133532475e-03	9.761882869205374736e+05	2.401339983465674799e+06
1.233363497913774571e-03	9.659945568480312359e+05	2.375621393421237823e+06
1.273811323186478358e-03	9.562504681696534390e+05	2.351092262015193701e+06
1.315585624045705277e-03	9.475771480863230536e+05	2.329364045499538071e+06
1.358729901902709343e-03	9.386193887960130814e+05	2.306923257948175538e+06
1.403289084785873256e-03	9.293678621911822120e+05	2.283746530785014387e+06
1.449309574126215073e-03	9.198129342515056487e+05	2.259809729067780543e+06
1.496839293077255632e-03	9.099446550115419086e+05	2.235087926355231088e+06
1.545927736419478674e-03	8.997527481994021218e+05	2.209555378750170115e+06
1.596626022101425152e-03	8.897523449568346841e+05	2.184529478571022861e+06
1.648986944471064796e-03	8.812272711409785552e+05	2.163292679509027395e+06
1.703065029252842687e-03	8.724226198147427058e+05	2.141359425314978231e+06
1.758916590327732569e-03	8.633292223086225567e+05	2.118706875929523725e+06
1.816599788375328683e-03	8.539376092690565856e+05	2.095311442259692820e+06
1.876174691439119486e-03	8.442380007975724293e+05	2.071148761614533607e+06
1.937703337477988952e-03	8.342202962665462401e+05	2.046193672335171374e+06
2.001249798969035112e-03	8.240953043156231288e+05	2.020979679466817994e+06
2.066880249629082268e-03	8.158348457430984126e+05	2.000493698653085856e+06
2.134663033324245458e-03	8.073034876461601816e+05	1.979335885590470629e+06
2.204668735239407457e-03	7.984923459475288400e+05	1.957484207720476901e+06
2.276970255381679901e-03	7.893922452189903706e+05	1.934915909932755865e+06
2.351642884494346396e-03	7.799937091266246280e+05	1.911607490869221278e+06
2.428764382460450386e-03	7.702869505626786267e+05	1.887534678451041924e+06
2.508415059277541159e-03	7.602618614538259571e+05	1.862672404603072908e+06
2.590677858688006548e-03	7.522504503490400966e+05	1.842870009492320474e+06
2.675638444552045497e-03	7.440828946006724145e+05	1.822685538289271295e+06
2.763385290053172599e-03	7.356474860511039151e+05	1.801839122764192522e+06
2.854009769829237483e-03	7.269354405395260546e+05	1.780309054630498867e+06
2.947606255124858923e-03	7.179376858309296658e+05	1.758072913684162544e+06
3.044272212064299925e-03	7.086448521687930916e+05	1.735107544456580654e+06
3.144108303147265162e-03	6.990472625179386232e+05	1.711389032101758756e+06
3.247218492073131874e-03	6.911270230812242953e+05	1.691857787708439631e+06
3.353710152002929105e-03	6.833871384288370609e+05	1.672782918649975210e+06
3.463694177371734288e-03	6.753934263341905316e+05	1.653082494374348549e+06
3.577285099367869762e-03	6.671375625943633495e+05	1.632735999965914292e+06
3.694601205199302477e-03	6.586109500164287165e+05	1.611722247727863723e+06
3.815764661271252300e-03	6.498047094648238271e+05	1.590019355118555017e+06
3.940901640403448279e-03	6.407096706151157850e+05	1.567604721964259399e+06
4.070142453219439092e-03	6.329379780811985256e+05	1.548477228916439693e+06
4.203621683844710293e-03	6.256667323161357781e+05	1.530595928378266282e+06
4.341478330055092809e-03	6.181570279954905855e+05	1.512128215382580180e+06
4.483855948021190328e-03	6.104010449348593829e+05	1.493054858690044144e+06
4.630902801799736956e-03	6.023907064889871981e+05	1.473355996377983131e+06
4.782772017727485517e-03	5.941176711412020959e+05	1.453011115157288499e+06
4.939621743878315659e-03	5.855733238170307595e+05	1.431999029011039762e+06
5.101615314749833284e-03	5.780003813458718359e+05	1.413390836219944060e+06
5.268921421350676766e-03	5.712197862457848387e+05	1.396744161818200257e+06
5.441714286865887221e-03	5.642168233471398707e+05	1.379551564192110207e+06
5.620173848083187887e-03	5.569842001575950999e+05	1.361795139935880667e+06
5.804485942768972118e-03	5.495143850294789299e+05	1.343456398506330326e+06
5.994842503189409637e-03	5.417995993167514680e+05	1.324516242967865663e+06
6.191441755977847815e-03	5.338318092747629853e+05	1.304954950106014032e+06
6.394488428556937588e-03	5.264999768043507356e+05	1.286963141571901971e+06
6.604193962330305243e-03	5.202168799542697379e+05	1.271558047407362144e+06
6.820776732865678482e-03	5.137277306273698923e+05	1.255647747309510363e+06
7.044462277299037498e-03	5.070257713879120420e+05	1.239215673185198801e+06
7.275483529196232965e-03	5.001040231918642530e+05	1.222244713595108129e+06
7.514081061116961897e-03	4.929552781193171395e+05	1.204717195934854215e+06
7.760503335133571261e-03	4.855720918685583747e+05	1.186614868031726219e+06
8.015006961565396618e-03	4.785156897184108966e+05	1.169317708863259992e+06
8.277856966198472027e-03	4.727252082626456977e+05	1.155134897324765334e+06
8.549327066268385539e-03	4.667448295198570704e+05	1.140486964284009067e+06
8.829699955494081307e-03	4.605683258594252984e+05	1.125358656206015497e+06
9.119267598459298088e-03	4.541892654172527255e+05	1.109734219320215518e+06
9.418331534647961592e-03	4.476010053979843506e+05	1.093597383215361042e+06
9.727203192450536648e-03	4.407966851575722103e+05	1.076931343896429054e+06
1.004620421346811079e-02	4.340421883966812165e+05	1.060388787675800733e+06
1.037566678745184892e-02	4.287306865569309448e+05	1.047389487410576199e+06
1.071593399822671176e-02	4.232449954382589785e+05	1.033963878578019678e+06
1.106736018095974550e-02	4.175794025499600684e+05	1.020097980502950842e+06
1.143031129114480994e-02	4.117280080617273925e+05	1.005777354017694597e+06
1.180516528568803167e-02	4.056847186599018751e+05	9.909870864259446971e+05
1.219231251649109671e-02	3.994432412022340577e+05	9.757117759735118598e+05
1.259215613694151040e-02	3.930097618016263586e+05	9.599666141545325518e+05
1.300511252173409960e-02	3.881573474865824683e+05	9.480982330157549586e+05
1.343161170046018073e-02	3.831457995449170121e+05	9.358406314992192201e+05
1.387209780541618330e-02	3.779698992320063408e+05	9.231810452269809321e+05
1.432702953409829491e-02	3.726242566558938706e+05	9.101062912167381728e+05
1.479688062686396362e-02	3.671033051645632950e+05	8.966027541538232472e+05
1.528214036025870790e-02	3.614012955491369939e+05	8.826563722129723756e+05
1.578331405652119712e-02	3.555122900569733465e+05	8.682526224151317729e+05
1.630092360979738114e-02	3.508838162812610972e+05	8.569365365022291662e+05
1.683550802961200632e-02	3.463215087135042995e+05	8.457831188738553319e+05
1.738762400216250711e-02	3.416095814921311103e+05	8.342639279043786228e+05
1.795784647002096959e-02	3.367431278807112831e+05	8.223669681551348185e+05
1.854676923084701279e-02	3.317170802277090261e+05	8.100798508002640447e+05
1.915500555573523833e-02	3.265262046893153456e+05	7.973897807256851811e+05
1.978318882784162180e-02	3.211650957792146364e+05	7.842835432049761293e+05
2.043197320195270367e-02	3.167569406188160647e+05	7.735097270758147351e+05
2.110203428568596662e-02	3.126162882176638232e+05	7.633909645762984874e+05
2.179406984302958289e-02	3.083398442310462124e+05	7.529403599732591538e+05
2.250880052095457357e-02	3.039231554103217204e+05	7.421470305938735837e+05
2.324697059985645492e-02	2.993616224637514679e+05	7.309997368709766306e+05
2.400934876860652198e-02	2.946504952670590137e+05	7.194868706388154533e+05
2.479672892502160150e-02	2.897848679169149254e+05	7.075964430449518841e+05
2.560993100258462246e-02	2.856028206766546937e+05	6.973781213496476412e+05
2.644980182427714502e-02	2.818548599283812800e+05	6.882217394361639163e+05
2.731721598441373688e-02	2.779839858121249126e+05	6.787650764324784977e+05
2.821307675939470697e-02	2.739861674169339822e+05	6.689982847007396631e+05
2.913831704832788722e-02	2.698572416392120649e+05	6.589111936524499906e+05
3.009390034449724305e-02	2.655929088474965538e+05	6.484932991573896725e+05
3.108082173869057552e-02	2.611887284050640010e+05	6.377337526052052854e+05
3.210010895543168735e-02	2.572355438701302628e+05	6.280768901705079479e+05
3.315282342319423453e-02	2.538509269561831898e+05	6.198101254062537337e+05
3.424006137971426222e-02	2.503553124378948996e+05	6.112722543077190639e+05
3.536295501355046084e-02	2.467450601785873878e+05	6.024543860153491842e+05
3.652267364308168368e-02	2.430164106642765400e+05	5.933473380962355295e+05
3.772042493416994519e-02	2.391654810887236090e+05	5.839416269820403541e+05
3.895745615775501186e-02	2.351882613101017196e+05	5.742274580933480756e+05
4.023505548869293208e-02	2.314639755190453143e+05	5.651315215584811522e+05
4.155455334718879262e-02	2.284137065774068469e+05	5.576827949502523988e+05
4.291732378422148664e-02	2.252634048835470458e+05	5.499897893497701734e+05
4.432478591240391480e-02	2.220097898901728913e+05	5.420444936929682735e+05
4.577840538376615892e-02	2.186494734653235355e+05	5.338386341950846836e+05
4.727969591600390820e-02	2.151789563641583954e+05	5.253636657348034205e+05
4.883022086877885498e-02	2.115946245850403793e+05	5.166107629558455665e+05
5.043159487171348238e-02	2.080969098901532125e+05	5.080695721921389922e+05
5.208548550577655339e-02	2.053528751430994889e+05	5.013696917210394749e+05
5.379361503980698012e-02	2.025188505121398775e+05	4.944500904660012457e+05
5.555776222398878250e-02	1.995918848031561938e+05	4.873035627428179141e+05
5.737976414214139564e-02	1.965689300384104718e+05	4.799226665588014876e+05
5.926151812475564939e-02	1.934468382825517619e+05	4.722997158631086349e+05
6.120498372476690374e-02	1.902223583645336912e+05	4.644267725429200800e+05
6.321218475812448445e-02	1.869468894914456178e+05	4.564293762594241998e+05
6.528521141127847927e-02	1.844822232205462351e+05	4.504123632176901447e+05
6.742622241778348235e-02	1.819367288800230308e+05	4.441980238462996786e+05
6.963744730628236568e-02	1.793077557350011775e+05	4.377798868811710272e+05
7.192118872221178738e-02	1.765925661204665084e+05	4.311512688348527299e+05
7.427982482564911282e-02	1.737883325904137164e+05	4.243052670367113897e+05
7.671581176779301847e-02	1.708921349735047552e+05	4.172347524448834010e+05
7.923168624866261389e-02	1.679009573321648932e+05	4.099323622224873980e+05
8.183006815867406580e-02	1.656222681912163971e+05	4.043699027144797728e+05
8.451366330684703665e-02	1.633390912397559732e+05	3.987965498802263755e+05
8.728526623848370525e-02	1.609810381122485560e+05	3.930404204338831478e+05
9.014776314524917955e-02	1.585456532645739208e+05	3.870955202654563473e+05
9.310413487069084393e-02	1.560304006237002905e+05	3.809556586897210218e+05
9.615746001432116941e-02	1.534326609467607632e+05	3.746144419995899079e+05
9.931091813749780284e-02	1.507497290935211349e+05	3.680652668080669246e+05
1.025677930744420957e-01	1.486020362012083933e+05	3.628229851155824726e+05
1.059314763518370006e-01	1.465566410508351400e+05	3.578305252192895859e+05
1.094054707205743548e-01	1.444441677148370363e+05	3.526743389390816446e+05
1.129933938033223922e-01	1.422624163820989197e+05	3.473490569120901637e+05
1.166989818617144986e-01	1.400091150992901530e+05	3.418491336886312929e+05
1.205260936870841404e-01	1.376819174049787398e+05	3.361688419574835571e+05
1.244787146187906202e-01	1.352783998861599830e+05	3.303022665817914531e+05
1.285609606943296512e-01	1.332601982545274659e+05	3.253764115444971831e+05
1.327770829355431892e-01	1.314297926548137038e+05	3.209090679930953775e+05
1.371314717753943091e-01	1.295393593941545842e+05	3.162952191075361334e+05
1.416286616299197443e-01	1.275869298815012589e+05	3.115300602846597321e+05
1.462733356201129931e-01	1.255704709663898102e+05	3.066086293556358432e+05
1.510703304486655796e-01	1.234878828217317059e+05	3.015258014186371001e+05
1.560246414366371071e-01	1.213369967571719462e+05	2.962762835020542261e+05
1.611414277253016558e-01	1.194457037571136316e+05	2.916604877739367075e+05
1.664260176485901910e-01	1.178092473483149806e+05	2.876668043201527325e+05
1.718839142817145671e-01	1.161191237902927387e+05	2.835421490881327773e+05
1.775208011717636092e-01	1.143735730832752452e+05	2.792822268935206812e+05
1.833425482562292541e-01	1.125707775087701884e+05	2.748826016925406875e+05
1.893552179756291254e-01	1.107088597366948088e+05	2.703386919625512091e+05
1.955650715865947520e-01	1.087858808704288094e+05	2.656457659311022144e+05
2.019785756819878764e-01	1.070180323207434121e+05	2.613315236519738100e+05
2.086024089248504632e-01	1.055562043250682182e+05	2.577642723132176616e+05
2.154434690031886424e-01	1.040464360721632111e+05	2.540800339231194812e+05
2.225088798128364853e-01	1.024871553741446551e+05	2.502749719226929592e+05
2.298059988758848760e-01	1.008767384836479760e+05	2.463451239340270113e+05
2.373424250023866422e-01	9.921350840294969385e+04	2.422863976340904774e+05
2.451260062033339959e-01	9.749573313763539772e+04	2.380945664932151849e+05
2.531648478631358112e-01	9.584716547467236524e+04	2.340716762571097061e+05
2.614673211801087360e-01	9.454230271881389490e+04	2.308876966971718066e+05
2.700420718837769907e-01	9.319464733868585608e+04	2.275992993811298802e+05
2.788980292380439652e-01	9.180279596164736722e+04	2.242030599566653837e+05
2.880444153396297668e-01	9.036529919182790036e+04	2.206954417707429966e+05
2.974907547214443726e-01	8.888066010080781416e+04	2.170727921867392142e+05
3.072468842708997450e-01	8.734733266880155134e+04	2.133313387807922263e+05
3.173229634734973104e-01	8.581334813264133118e+04	2.095883050044629781e+05
3.277294849923382269e-01	8.464936431409159559e+04	2.067483011547715287e+05
3.384772855945983316e-01	8.344720795825451205e+04	2.038151601401807275e+05
3.495775574363279015e-01	8.220562720700308273e+04	2.007858275523358607e+05
3.610418597173329913e-01	8.092332914785880712e+04	1.976571488143797324e+05
3.728821307182829670e-01	7.959897846762453264e+04	1.944258658959513705e+05
3.851107002325568907e-01	7.823119606186528108e+04	1.910886139204588544e+05
3.977403024058037140e-01	7.681855759878571553e+04	1.876419176610840950e+05
4.107840889965651554e-01	7.576900123155732581e+04	1.850813099672250391e+05
4.242556430717768223e-01	7.469726176152502012e+04	1.824665905537957442e+05
4.381689931514186065e-01	7.359037488288592431e+04	1.797661221181594301e+05
4.525386278170167031e-01	7.244718794579726818e+04	1.769770925441208237e+05
4.673795107992463338e-01	7.126651049957351643e+04	1.740965974928875803e+05
4.827070965603187935e-01	7.004711305301811080e+04	1.711216373786552867e+05
4.985373463873883915e-01	6.878772579410042090e+04	1.680491142450075422e+05
5.148867450137487589e-01	6.780212664442282403e+04	1.656447248466272431e+05
5.317723177850967042e-01	6.684715132863193867e+04	1.633150887272316613e+05
5.492116483887790057e-01	6.586085785337047128e+04	1.609090528158318193e+05
5.672228971644548423e-01	6.484221914799440856e+04	1.584241116017301974e+05
5.858248200152549323e-01	6.379017445935324213e+04	1.558576774066777725e+05
6.050367879391213011e-01	6.270362824718149204e+04	1.532070776902113284e+05
6.248788072006887795e-01	6.158144904326387768e+04	1.504695522666186152e+05
6.453715401646701322e-01	6.065841580155501288e+04	1.482179841164124955e+05
6.665363268124920859e-01	5.980787523835217144e+04	1.461433283178134589e+05
6.883952069645510319e-01	5.892944142539291352e+04	1.440006347384752880e+05
7.109709432312424360e-01	5.802219961102922389e+04	1.417876720976185170e+05
7.342870447166758296e-01	5.708520504457769857e+04	1.395021359402079543e+05
7.583677914997191127e-01	5.611748199250987818e+04	1.371416462372240203e+05
7.832382599179205096e-01	5.511802272237770376e+04	1.347037449072332529e+05
8.089243486805955952e-01	5.425572942211615009e+04	1.326005415307215299e+05
8.354528058382855171e-01	5.349851282623336738e+04	1.307537414319411182e+05
8.628512566366886016e-01	5.271646351508393127e+04	1.288463760190130852e+05
8.911482322840202919e-01	5.190876710642793478e+04	1.268764590686965821e+05
9.203731996618230715e-01	5.107458251057817688e+04	1.248419392200918519e+05
9.505565920101212152e-01	5.021304105453660304e+04	1.227406978384683462e+05
9.817298406188821325e-01	4.932324557740719320e+04	1.205705468090377544e+05
1.013925407558814440e+00	4.851953209089481970e+04	1.186104373200082337e+05
1.047176819485520438e+00	4.784564513894415722e+04	1.169670955737089971e+05
1.081518702552289213e+00	4.714965824506059289e+04	1.152698608753886365e+05
1.116986818467825104e+00	4.643084664757301653e+04	1.135169658201333368e+05
1.153618101736475943e+00	4.568846181644569879e+04	1.117065850414591114e+05
1.191450698119774998e+00	4.492173067380075372e+04	1.098368333104767953e+05
1.230524004359261570e+00	4.412985478887887439e+04	1.079057635727219167e+05
1.270878709202059476e+00	4.338231385782848520e+04	1.060828748741780728e+05
1.312556835771845343e+00	4.278278092538940109e+04	1.046210822179028473e+05
1.355601785329366038e+00	4.216358647115447820e+04	1.031113504633441917e+05
1.400058382468096108e+00	4.152408570078713092e+04	1.015521074606250331e+05
1.445972921792019639e+00	4.086361267409363063e+04	9.994172950163521455e+04
1.493393216124253353e+00	4.018147961155002122e+04	9.827853962919213518e+04
1.542368646296630619e+00	3.947697617808722862e+04	9.656080589075194439e+04
1.592950212572119773e+00	3.878302796882327675e+04	9.486884452279667312e+04
1.645190587753660783e+00	3.824979958295323740e+04	9.356895302751609415e+04
1.699144172034625866e+00	3.769908411511702434e+04	9.222643193912408606e+04
1.754867149648152269e+00	3.713030808114948013e+04	9.083988323154268437e+04
1.812417547374239657e+00	3.654287918962606636e+04	8.940786303080359357e+04
1.871855294965575345e+00	3.593618572508376383e+04	8.792888011147895304e+04
1.933242287555043237e+00	3.530959591101473052e+04	8.640139434380213788e+04
1.996642450109793465e+00	3.466655108169474988e+04	8.483380005858326331e+04
2.062121803999144465e+00	3.419241730128158088e+04	8.367821127430947672e+04
2.129748535745523252e+00	3.370273443064604362e+04	8.248472526564687723e+04
2.199593068030070597e+00	3.319699254154276423e+04	8.125209920328133740e+04
2.271728133026902796e+00	3.267466498276610946e+04	7.997904949964402476e+04
2.346228848142262624e+00	3.213520783172548181e+04	7.866425047225643357e+04
2.423172794237601124e+00	3.157805932803471660e+04	7.730633296323838294e+04
2.502640096417921622e+00	3.100263928852637764e+04	7.590388291354403191e+04
2.584713507469558191e+00	3.056168161235233856e+04	7.482937495639450208e+04
2.669478494034318139e+00	3.012636889154220262e+04	7.376866162011898996e+04
2.757023325609582631e+00	2.967678020675219159e+04	7.267316247433745593e+04
2.847439166467247595e+00	2.921244738157070242e+04	7.154173672775259183e+04
2.940820170587066684e+00	2.873288688586620992e+04	7.037320617712226522e+04
3.037263579703306071e+00	2.823759933226623252e+04	6.916635398034505488e+04
3.136869824566873799e+00	2.772606895612308654e+04	6.791992338930859114e+04
3.239742629528195472e+00	2.731349678765868885e+04	6.691481424698457704e+04
3.345989120549975215e+00	2.692659895084718664e+04	6.597233667135267751e+04
3.455719936762142730e+00	2.652701290319742839e+04	6.499895079628829990e+04
3.569049345675222806e+00	2.611432253823649444e+04	6.399364299239762477e+04
3.686095362172154388e+00	2.568809810339108299e+04	6.295536638858219521e+04
3.806979871402284221e+00	2.524789575246760432e+04	6.188303978188692417e+04
3.931828755705770284e+00	2.479325708345550083e+04	6.077554651159551577e+04
4.060772025700369880e+00	2.440818106554420228e+04	5.983766835858987906e+04
4.193943955667178258e+00	2.406437958182085276e+04	5.900044272860357887e+04
4.331483223376394243e+00	2.370930322060541221e+04	5.813576050852608751e+04
4.473533054498463279e+00	2.334258222531315914e+04	5.724272126684608520e+04
4.620241371751312442e+00	2.296383471329123859e+04	5.632039504264207062e+04
4.771760948938751135e+00	2.257266627814758613e+04	5.536782137717345904e+04
4.928249570040502903e+00	2.216866957903830189e+04	5.438400831371288950e+04
5.089870193519674402e+00	2.181005651370526175e+04	5.351084111198486789e+04
5.256791122018420026e+00	2.150460530053130788e+04	5.276727916863971768e+04
5.429186177618942288e+00	2.118913689670700114e+04	5.199933231069743488e+04
5.607234882852038638e+00	2.086332279115036727e+04	5.120620084142093401e+04
5.791122647641747001e+00	2.052682369934664166e+04	5.038705883823311888e+04
5.981040962380932413e+00	2.017928921003619325e+04	4.954105329264711327e+04
6.177187597338488878e+00	1.982035742031622067e+04	4.866730322199165676e+04
6.379766808606282424e+00	1.948707132779694439e+04	4.785607449951368471e+04
6.588989550799956518e+00	1.921573812592567629e+04	4.719584004919179279e+04
6.805073696735220778e+00	1.893550662443832698e+04	4.651395338706793700e+04
7.028244264308338707e+00	1.864608500598448882e+04	4.580970443466071447e+04
7.258733650817245753e+00	1.834717188314187297e+04	4.508235982665499614e+04
7.496781874966876202e+00	1.803845598456857624e+04	4.433116214721703727e+04
7.742636826811278183e+00	1.771961583086245082e+04	4.355532914126376272e+04
7.996554525892363152e+00	1.741045229351046146e+04	4.280309726558752300e+04
8.258799387844256046e+00	1.716946559642843931e+04	4.221697585297286423e+04
8.529644499741017682e+00	1.692057580521954515e+04	4.161163274575947435e+04
8.809371904473991322e+00	1.666352374003059595e+04	4.098643757362602628e+04
9.098272894455567084e+00	1.639804172127455968e+04	4.034073929342545307e+04
9.396648314954710202e+00	1.612385329088411527e+04	3.967386551122516539e+04
9.704808877380287413e+00	1.584067292442377766e+04	3.898512178211392165e+04
1.002307548283864236e+01	1.555438764189202993e+04	3.828884485851560748e+04
1.035177955630176250e+01	1.534038869394380708e+04	3.776862584960196546e+04
1.069126339173477191e+01	1.511937170786668685e+04	3.723134639775185497e+04
1.104188050854162562e+01	1.489110652898163244e+04	3.667644701031277509e+04
1.140399601970030830e+01	1.465535545474864193e+04	3.610334984622069896e+04
1.177798701197118092e+01	1.441187298723654567e+04	3.551145811426864384e+04
1.216424293857368077e+01	1.416040557747542334e+04	3.490015545164218202e+04
1.256316602474121602e+01	1.390069136142483512e+04	3.426880528207353200e+04
1.297517168657589615e+01	1.370573736875299437e+04	3.379511756128965499e+04
1.340068896363947992e+01	1.350950592960122594e+04	3.331834846461188135e+04
1.384016096573130383e+01	1.330683913300837958e+04	3.282594385322126618e+04
1.429404533431761060e+01	1.309752593315239756e+04	3.231739096460443398e+04
1.476281471909391030e+01	1.288134836302003896e+04	3.179216022033880654e+04
1.524695727017576097e+01	1.265808130742830144e+04	3.124970467461939552e+04
1.574697714643083479e+01	1.242749226860212548e+04	3.068945944470023824e+04
1.626339504048190676e+01	1.224511246143533936e+04	3.024652801187538716e+04
1.679674872092653359e+01	1.207092080006605465e+04	2.982354331586105400e+04
1.734759359233932585e+01	1.189101656985964655e+04	2.938668695013511751e+04
1.791650327363903017e+01	1.170521242865253589e+04	2.893550399700811249e+04
1.850407019542298315e+01	1.151331489044513000e+04	2.846952461988696450e+04
1.911090621689136171e+01	1.131512412391628095e+04	2.798826357401330097e+04
1.973764326300255334e+01	1.111043374433030840e+04	2.749121970115718432e+04
2.038493398252463962e+01	1.094025189054722796e+04	2.707810331840376602e+04
2.105345242766708225e+01	1.078565976384804890e+04	2.670291483064004933e+04
2.174389475600075627e+01	1.062599782979701013e+04	2.631542213700109642e+04
2.245697995539771696e+01	1.046109982542108628e+04	2.591522172435365064e+04
2.319345059274427712e+01	1.029079403519768312e+04	2.550189684645957823e+04
2.395407358720879643e+01	1.011490311223965728e+04	2.507501708999953553e+04
2.473964100886816908e+01	9.933243893616247078e+03	2.463413792636475773e+04
2.555097090352501965e+01	9.774819840936002947e+03	2.424973041953409484e+04
2.638890814457507972e+01	9.637660406302020419e+03	2.391700721439337940e+04
2.725432531281027693e+01	9.496002864779064112e+03	2.357337244093686240e+04
2.814812360507581346e+01	9.349699702157560750e+03	2.321846825720680863e+04
2.907123377272581166e+01	9.198598566538994419e+03	2.285192508591441583e+04
3.002461709085543262e+01	9.042542109685186006e+03	2.247336122958280976e+04
3.100926635931923414e+01	8.881367823164615402e+03	2.208238247306855919e+04
3.202620693657650008e+01	8.734217306488726535e+03	2.172545849934598664e+04
3.307649780744242918e+01	8.612568548033636034e+03	2.143045432857290143e+04
3.416123268585532458e+01	8.486930351156739562e+03	2.112577557510434781e+04
3.528154115380876732e+01	8.357171883294498912e+03	2.081110496359442550e+04
3.643858983763541204e+01	8.223158021264487616e+03	2.048611481373722927e+04
3.763358362286533065e+01	8.084749210555779428e+03	2.015046669903916336e+04
3.886776690892667574e+01	7.941801320004656191e+03	1.980381109440047294e+04
4.014242490499325555e+01	7.805412624341791343e+03	1.947306355186403016e+04
4.145888496832903058e+01	7.697571996995310656e+03	1.921155149802324740e+04
4.281851798652406416e+01	7.586194765185016877e+03	1.894146322648315618e+04
4.422273980505897129e+01	7.471164946915630935e+03	1.866251748248344666e+04
4.567301270168746896e+01	7.352362756593413906e+03	1.837442378758933410e+04
4.717084690917022272e+01	7.229664480288195591e+03	1.807688213720363274e+04
4.871780218794621931e+01	7.102942346904646001e+03	1.776958268815885094e+04
5.031548945038046838e+01	6.976790391468408416e+03	1.746365294698032812e+04
5.196557243827657402e+01	6.881252607054385408e+03	1.723186638763259180e+04
5.366976945540476152e+01	6.782581686612375051e+03	1.699247845020863315e+04
5.542985515684674169e+01	6.680674879786271049e+03	1.674523984955222477e+04
5.724766239702167070e+01	6.575426066549602183e+03	1.648989312526730282e+04
5.912508413831869092e+01	6.466725646698036144e+03	1.622617237361304433e+04
6.106407542232037144e+01	6.354460425717959879e+03	1.595380297060681733e+04
6.306665540567406225e+01	6.238513496912019946e+03	1.567250128604607562e+04
6.513490946272808912e+01	6.153456345140433768e+03	1.546588395870239401e+04
6.727099135712350630e+01	6.066120708222277244e+03	1.525372647773826247e+04
6.947712548460225435e+01	5.975920922504430564e+03	1.503461134906134066e+04
7.175560918936922405e+01	5.882763058994808489e+03	1.480831039848004184e+04
7.410881515641570161e+01	5.786550108325246583e+03	1.457458796889142832e+04
7.653919388230156073e+01	5.687181879731344452e+03	1.433320067488100904e+04
7.904927622696436629e+01	5.584554896719444514e+03	1.408389714927487876e+04
8.164167604921453858e+01	5.505179600198886874e+03	1.389068174045489286e+04
8.431909292866251349e+01	5.427974639981122891e+03	1.370265469119991576e+04
8.708431497690725109e+01	5.348237763790203644e+03	1.350846134527110917e+04
8.994022174092053490e+01	5.265885938120550236e+03	1.330789948062212352e+04
9.288978720164516290e+01	5.180833406405025016e+03	1.310076024338881143e+04
9.593608287093125853e+01	5.092991599712870084e+03	1.288682793040056276e+04
9.908228099003788714e+01	5.002269044518958253e+03	1.266587976455903299e+04
1.023316578330244937e+02	4.928472505573236958e+03	1.248562907989312043e+04
1.056875971184805252e+02	4.860345651911729874e+03	1.231895604837298742e+04
1.091535935331393290e+02	4.789984596347911975e+03	1.214681701946603607e+04
1.127332563710484834e+02	4.717316068829353753e+03	1.196903273725331201e+04
1.164303132920875612e+02	4.642264396431869500e+03	1.178541806716599604e+04
1.202486142037412122e+02	4.564751424558040526e+03	1.159578180319678177e+04
1.241921352701784684e+02	4.484696435551368268e+03	1.139992646878858432e+04
1.282649830528062580e+02	4.416359348725983182e+03	1.123210712053910538e+04
1.324713987866115019e+02	4.356398599222864505e+03	1.108429202550559057e+04
1.368157627967470660e+02	4.294471453014124563e+03	1.093162937405685625e+04
1.413025990599533657e+02	4.230513422646961772e+03	1.077396019187982711e+04
1.459365799155757486e+02	4.164457905819845109e+03	1.061112029114142206e+04
1.507225309310758803e+02	4.096236116026613672e+03	1.044294009951258886e+04
1.556654359271059036e+02	4.025777010926092316e+03	1.026924448358523659e+04
1.607704421673822139e+02	3.962777352742482890e+03	1.011324197027344781e+04
1.660428657187529780e+02	3.910203078224720230e+03	9.982027524162655027e+03
1.714881969870540956e+02	3.855904644468314473e+03	9.846509935467765899e+03
1.771121064345090304e+02	3.799825508133249059e+03	9.706548083781322930e+03
1.829204504846290149e+02	3.741907271555835450e+03	9.561996220689963593e+03
1.889192776207664224e+02	3.682089621936640015e+03	9.412703818000118190e+03
1.951148346846616732e+02	3.620310268534160059e+03	9.258515410986521601e+03
2.015135733815558865e+02	3.562536907075311774e+03	9.113643127540390196e+03
2.081221569986341819e+02	3.516697567202664686e+03	8.996969801468403602e+03
2.149474673437976264e+02	3.469354938467557986e+03	8.876470204945808291e+03
2.219966119119952452e+02	3.420459720914739137e+03	8.752018856458895243e+03
2.292769312865648885e+02	3.369960997810156186e+03	8.623486159361402315e+03
2.367960067833078881e+02	3.317806182619109677e+03	8.490738266919779562e+03
2.445616683452449251e+02	3.263940964245589385e+03	8.353636942932726015e+03
2.525820026962779821e+02	3.211308323036243564e+03	8.219138699327733775e+03
2.608653617622545084e+02	3.171681314798153835e+03	8.115101912832858943e+03
2.694203713681882277e+02	3.130754749448145958e+03	8.007653267815175241e+03
2.782559402207126027e+02	3.088486008359120660e+03	7.896680873289081319e+03
2.873812691851068735e+02	3.044831075237529603e+03	7.782069168834102129e+03
2.968058608665596125e+02	2.999744490287281678e+03	7.663698804256760923e+03
3.065395295056523537e+02	2.953179302870443280e+03	7.541446515305942739e+03
3.165924111983520675e+02	2.905644359766201433e+03	7.416491683630448279e+03
3.269749744511767631e+02	2.871843998128218573e+03	7.323294860946960398e+03
3.376980310825094875e+02	2.836935162691554069e+03	7.227041673447868561e+03
3.487727474814170705e+02	2.800881501355146156e+03	7.127631888468412399e+03
3.602106562357066082e+02	2.763645469860509365e+03	7.024961986240422448e+03
3.720236681413065867e+02	2.725188292695280325e+03	6.918925052092719852e+03
3.842240846055060501e+02	2.685469922714557924e+03	6.809410665116135533e+03
3.968246104569486192e+02	2.644448999438059673e+03	6.696304783177384707e+03
4.098383671757252955e+02	2.614848947543137001e+03	6.608980429958559398e+03
4.232789065573544462e+02	2.585719651961368072e+03	6.522122236625894402e+03
4.371602248248502747e+02	2.555635068940006931e+03	6.432415552127919909e+03
4.514967772036101792e+02	2.524563870083567053e+03	6.339766960960497272e+03
4.663034929742735812e+02	2.492473699590229899e+03	6.244079984083070485e+03
4.815957910192341274e+02	2.459331140558334482e+03	6.145254978450825547e+03
4.973895958790057534e+02	2.425101680187875445e+03	6.043189033251969704e+03
5.137013543351338285e+02	2.399492699462653491e+03	5.959758418830690061e+03
5.305480525369574707e+02	2.376097542101695581e+03	5.880481501375199514e+03
5.479472336900292930e+02	2.351935146826883738e+03	5.798604718664396387e+03
5.659170163246230914e+02	2.326980352276517806e+03	5.714042808814216187e+03
5.844761131633625837e+02	2.301207171928776916e+03	5.626707713799934027e+03
6.036438506075865007e+02	2.274588767040832863e+03	5.536508487757541843e+03
6.234401888627863855e+02	2.247097418700479011e+03	5.443351202277794073e+03
6.438857427240425295e+02	2.225962335689470819e+03	5.362912296718873222e+03
6.650018030431132274e+02	2.208492562377737613e+03	5.289307587670808061e+03
6.868103588995293194e+02	2.190449872533563848e+03	5.213289031921549395e+03
7.093341204987989386e+02	2.171815477512850975e+03	5.134777468015617160e+03
7.325965428215230304e+02	2.152569972502962628e+03	5.053691138418851551e+03
7.566218500481062392e+02	2.132693316315630000e+03	4.969945604380669465e+03
7.814350607844559136e+02	2.112164810517188016e+03	4.883453658004294994e+03
8.070620141149491928e+02	2.096156305111237998e+03	4.804821659550382719e+03
8.335293965098187527e+02	2.085053480886152101e+03	4.734796443923194602e+03
8.608647696149245121e+02	2.073586542517060025e+03	4.662474770121946676e+03
8.890965989529167928e+02	2.061743548978223316e+03	4.587781326416455158e+03
9.182542835656300895e+02	2.049512167641162250e+03	4.510638331248541363e+03
9.483681866285909337e+02	2.036879661432155444e+03	4.430965452234679105e+03
9.794696670695386729e+02	2.023832875568558165e+03	4.348679722512335502e+03
1.011591112223829782e+03	2.013721353287530292e+03	4.270331516795652533e+03
1.044765971560805156e+03	2.009430398455393288e+03	4.201553250635365657e+03
1.079028791516185947e+03	2.004998722909859680e+03	4.130519419674500568e+03
1.114415251466786003e+03	2.000421711752858982e+03	4.057156053270107805e+03
1.150962200885031052e+03	1.995694598741974232e+03	3.981386754931801988e+03
1.188707697711903165e+03	1.990812461327146366e+03	3.903132622766804161e+03
1.227691047988360424e+03	1.985770215524608147e+03	3.822312167315904389e+03
1.267952846786436567e+03	1.982047505724370467e+03	3.742357918192444686e+03
1.309535020482665232e+03	1.983508841707086049e+03	3.672348152633675454e+03
1.352480870417874030e+03	1.985018101811598854e+03	3.600042435581688551e+03
1.396835117988739739e+03	1.986576857696634534e+03	3.525365471922774304e+03
1.442643951218158691e+03	1.988186732563047144e+03	3.448239497260145072e+03
1.489955072852856802e+03	1.989849402844127326e+03	3.368584196934466490e+03
1.538817750038343092e+03	1.991566599951344415e+03	3.286316622388694213e+03
1.589282865622976715e+03	1.993125239012873408e+03	3.202564351472410181e+03
1.641402971144466619e+03	1.992405652318352622e+03	3.129217701306421986e+03
1.695232341554121376e+03	1.991662466971092726e+03	3.053465667411086997e+03
1.750827031735726905e+03	1.990894909059603151e+03	2.975229365871839491e+03
1.808244934877948026e+03	1.990102179292174242e+03	2.894427325797291815e+03
1.867545842761074027e+03	1.989283452164538176e+03	2.810975404479984718e+03
1.928791508020777655e+03	1.988437875100236852e+03	2.724786699774955196e+03
1.992045708453871384e+03	1.987564567562794309e+03	2.635771459604682150e+03
2.057374313432916097e+03	1.965711767529585813e+03	2.557984549129362676e+03
2.124845352498878583e+03	1.942021744769396491e+03	2.478403326579392797e+03
2.194529086203311635e+03	1.917554814063629692e+03	2.396212259170103607e+03
2.266498079273692838e+03	1.892285496924487234e+03	2.311325757738994525e+03
2.340827276178294142e+03	1.866187479303992404e+03	2.223655426249914854e+03
2.417594079169133238e+03	1.839233584192016906e+03	2.133109969742404246e+03
2.496878428884322147e+03	1.811395743315675873e+03	2.039595099262263147e+03
2.578762887593798041e+03	1.760932595231044161e+03	1.958829574145484685e+03
2.663332725174980624e+03	1.703782171122321870e+03	1.879081126062016210e+03
2.750676007908067731e+03	1.644757514175899360e+03	1.796717349002697802e+03
2.840883690183307408e+03	1.583797159428311033e+03	1.711652473954886773e+03
2.934049709215781604e+03	1.520837626189099410e+03	1.623797919134175118e+03
3.030271082866393044e+03	1.455813351935557648e+03	1.533062197740248166e+03
3.129648010670750864e+03	1.388656624039646204e+03	1.439350822687734308e+03
3.232283978181380917e+03	1.321742432246364842e+03	1.361568933059448682e+03
3.338285864731764832e+03	1.253810747591125391e+03	1.290383762918179855e+03
3.447764054734457204e+03	1.183651261548823868e+03	1.216864094205533092e+03
3.560832552629274687e+03	1.111190913970184511e+03	1.140933367666674940e+03
3.677609101601030943e+03	1.036354248717949304e+03	1.062512513306563733e+03
3.798215306190736101e+03	9.590633350910592299e+02	9.815198680508578946e+02
3.922776758927723677e+03	8.792376866720035196e+02	8.978710907065835727e+02
4.051423171114639445e+03	8.138974005302607111e+02	8.307174290792501097e+02
4.184288507901576850e+03	7.610512203925842414e+02	7.778256483134957762e+02
4.321511127789762213e+03	7.064719639443519554e+02	7.231992957768123915e+02
4.463233926710398009e+03	6.501027954125642054e+02	6.667814866529784013e+02
4.609604486828438894e+03	5.918850151102824384e+02	6.085134706034738201e+02
4.760775230226357962e+03	5.317579983100787331e+02	5.483345705881843060e+02
4.916903577628021594e+03	4.696591321128173604e+02	4.861821196797073981e+02
5.078152112327669784e+03	4.196482591183561226e+02	4.358478511472206378e+02
5.244688749495119737e+03	3.888992591055787784e+02	4.043681744827678699e+02
5.416686911033157230e+03	3.571418538806069023e+02	3.718561302612092732e+02
5.594325706169366640e+03	3.243429730648445570e+02	3.382778622652717218e+02
5.777790117970495885e+03	2.904684617454835234e+02	3.035984039721004137e+02
5.967271195973309659e+03	2.554830449085185933e+02	2.677816421411101828e+02
6.162966255132942024e+03	2.193502907053124602e+02	2.307902792076675098e+02
6.365079081295578362e+03	1.884249312624383208e+02	1.990299068396763857e+02
6.573820143409572665e+03	1.739232468592480245e+02	1.838070054655543402e+02
6.789406812696099223e+03	1.589459836036799913e+02	1.680848731218374326e+02
7.012063589007177143e+03	1.434775450147660081e+02	1.518471376627139762e+02
7.242022334607316225e+03	1.275018231291237782e+02	1.350768900222376772e+02
7.479522515621828461e+03	1.110021817270302478e+02	1.177566666061776033e+02
7.724811451403416868e+03	9.396143900839609842e+01	9.986843110641135013e+01
7.978144572076612349e+03	7.798284310166363298e+01	8.308416143578527624e+01
8.239785684528511410e+03	7.197164176834357363e+01	7.669140995160408636e+01
8.510007247122248373e+03	6.576330469878639917e+01	7.008900989627467482e+01
8.789090653419963928e+03	5.935136687937063016e+01	6.327008590110906994e+01
9.077326525210242835e+03	5.272915127808613533e+01	5.622753712154630534e+01
9.375015015145270809e+03	4.588976189144890583e+01	4.895402984273258085e+01
9.682466119303113373e+03	3.882607656338667113e+01	4.144198984259865881e+01
1.000000000000000000e+04	3.153073956863077498e+01	3.368359450449587200e+01
